11:0:48:0	68.0	68.0	68.0	68.0	69.0	69.0	69.0	69.0	69.0	69.0	69.0	69.0	69.0	69.0	69.0	69.0	69.0	69.0	69.0	69.0
11:0:53:0	69.0	69.0	69.0	69.0	69.0	69.0	69.0	69.0	69.0	69.0	69.0	69.0	69.0	68.0	68.0	68.0	68.0	68.0	68.0	68.0
11:0:58:0	68.0	67.0	67.0	67.0	66.0	66.0	66.0	66.0	65.0	65.0	65.0	65.0	65.0	65.0	65.0	65.0	65.0
11:1:3:0	65.0	65.0	65.0	65.0	65.0	65.0	66.0	66.0	66.0	66.0	66.0	66.0	66.0	66.0	66.0
11:1:8:0	66.0	66.0	67.0	67.0	67.0	67.0	67.0	67.0	67.0	68.0	68.0	68.0	69.0	69.0	69.0	69.0	69.0	69.0
11:1:13:0	69.0	69.0	69.0	69.0	69.0	69.0	69.0	69.0	69.0	69.0	69.0	69.0	69.0	69.0	69.0	69.0	69.0	69.0	69.0	70.0
11:1:18:0	70.0	70.0	70.0	70.0	70.0	70.0	70.0	70.0	70.0	70.0	70.0	70.0	70.0	70.0	70.0	70.0	70.0	70.0	68.0
11:1:23:0	68.0	68.0	68.0	67.0	67.0	67.0	67.0	67.0	67.0	67.0	67.0	65.0	65.0	65.0	65.0	65.0	65.0	65.0
11:1:28:0	65.0	65.0	65.0	65.0	65.0	65.0	65.0	65.0	65.0	65.0	65.0	64.0	64.0	64.0	64.0	64.0	64.0	64.0	64.0
11:1:33:0	64.0	64.0	64.0	64.0	65.0	65.0	65.0	66.0	66.0	66.0	66.0	67.0	67.0	67.0	67.0	68.0	68.0	68.0	68.0
11:1:38:0	68.0	68.0	68.0	68.0	68.0	68.0	68.0	68.0	68.0	67.0	67.0	67.0	67.0	67.0	67.0	67.0	67.0	67.0	67.0
11:1:43:0	67.0	67.0	67.0	67.0	67.0	68.0	68.0	68.0	68.0	68.0	68.0	68.0	68.0	68.0	69.0	69.0	69.0	69.0	70.0	70.0
11:1:48:0	70.0	70.0	71.0	71.0	71.0	71.0	71.0	71.0	72.0	72.0	72.0	72.0	72.0	72.0	72.0	71.0	71.0
11:1:53:0	71.0	71.0	71.0	71.0	71.0	70.0	70.0	70.0	70.0	70.0	70.0	70.0	70.0	70.0	70.0	70.0	70.0	70.0
11:1:58:0	70.0	70.0	70.0	70.0	70.0	70.0	70.0	71.0	71.0	71.0	71.0	70.0	70.0	70.0	70.0	70.0	70.0	70.0	70.0	69.0
11:2:3:0	69.0	69.0	69.0	69.0	69.0	69.0	69.0	69.0	69.0	69.0	69.0	69.0	69.0	69.0	69.0	69.0	69.0	69.0	69.0
11:2:8:0	69.0	69.0	69.0	69.0	69.0	69.0	69.0	69.0	69.0	69.0	69.0	70.0	70.0	70.0	70.0	71.0	71.0	71.0
11:2:13:0	71.0	71.0	71.0	71.0	71.0	71.0	71.0	71.0	70.0	70.0	70.0	70.0	70.0	70.0	70.0	70.0
11:2:18:0	70.0	70.0	70.0	70.0	70.0	71.0	71.0	71.0	71.0	71.0	72.0	72.0	72.0	72.0	73.0	73.0	73.0
11:2:23:0	73.0	73.0	73.0	73.0	73.0	73.0	73.0	73.0	73.0	72.0	71.0	71.0	71.0	71.0	70.0	70.0	70.0
11:2:28:0	70.0	70.0	70.0	70.0	70.0	70.0	70.0	70.0	70.0	70.0	71.0	71.0	71.0	71.0	71.0	71.0	71.0	71.0	71.0	71.0
11:2:33:0	71.0	71.0	71.0	71.0	71.0	71.0	72.0	72.0	72.0	72.0	74.0	74.0	74.0	74.0	75.0	75.0	75.0	75.0	76.0
11:2:38:0	76.0	76.0	76.0	76.0	76.0	74.0	74.0	74.0	74.0	73.0	73.0	73.0	72.0	72.0	72.0	72.0	72.0	71.0
11:2:43:0	71.0	71.0	71.0	70.0	70.0	70.0	70.0	70.0	70.0	70.0	70.0	70.0	70.0	70.0	70.0	70.0	70.0	70.0	70.0	71.0
11:2:48:0	71.0	71.0	71.0	72.0	72.0	72.0	72.0	73.0	73.0	73.0	73.0	73.0	73.0	73.0	72.0	72.0	72.0
11:2:53:0	70.0	70.0	70.0	70.0	69.0	69.0	69.0	69.0	69.0	69.0	69.0	69.0	69.0	69.0	69.0	69.0	69.0	69.0	69.0	69.0
11:2:58:0	69.0	69.0	69.0	69.0	69.0	69.0	69.0	69.0	69.0	69.0	69.0	69.0	69.0	69.0	69.0	69.0	69.0	70.0
11:3:3:0	70.0	70.0	70.0	70.0	70.0	71.0	71.0	71.0	71.0	71.0	71.0	71.0	71.0	71.0	71.0	71.0	70.0	70.0	70.0
11:3:8:0	70.0	70.0	70.0	70.0	70.0	70.0	69.0	69.0	69.0	69.0	69.0	69.0	69.0	70.0	70.0	70.0	70.0	70.0	70.0
11:3:13:0	70.0	71.0	71.0	71.0	71.0	71.0	71.0	71.0	71.0	71.0	71.0	71.0	71.0	71.0	71.0	72.0	72.0
11:3:18:0	72.0	72.0	73.0	73.0	73.0	73.0	73.0	73.0	73.0	73.0	73.0	73.0	73.0	73.0	73.0	73.0	73.0	73.0
11:3:23:0	73.0	73.0	73.0	73.0	73.0	73.0	74.0	74.0	74.0	76.0	76.0	76.0	76.0	76.0	76.0	76.0
11:3:28:0	77.0	77.0	77.0	76.0	76.0	76.0	76.0	76.0	76.0	76.0	76.0	74.0	74.0	74.0	73.0	73.0	73.0	73.0	71.0
11:3:33:0	71.0	71.0	71.0	71.0	69.0	69.0	69.0	69.0	67.0	67.0	67.0	67.0	67.0	67.0	67.0	67.0	67.0	67.0	67.0	67.0
11:3:38:0	67.0	67.0	67.0	67.0	67.0	67.0	67.0	67.0	68.0	68.0	68.0	68.0	68.0	68.0	68.0	68.0	68.0	68.0	68.0	68.0
11:3:43:0	68.0	68.0	68.0	68.0	68.0	68.0	68.0	68.0	68.0	68.0	68.0	68.0	69.0	69.0	69.0	69.0	69.0	69.0
11:3:48:0	69.0	68.0	68.0	68.0	68.0	68.0	67.0	67.0	67.0	67.0	67.0	67.0	67.0	67.0	67.0	67.0	67.0
11:3:53:0	67.0	68.0	68.0	68.0	68.0	68.0	68.0	68.0	68.0	68.0	68.0	68.0	68.0	68.0	68.0	68.0	69.0
11:3:58:0	69.0	69.0	69.0	69.0	69.0	70.0	70.0	70.0	70.0	70.0	70.0	70.0	70.0	70.0	70.0	70.0	70.0	70.0	70.0
11:4:3:0	70.0	70.0	70.0	70.0	70.0	70.0	70.0	70.0	70.0	70.0	70.0	70.0	70.0	70.0	70.0
11:4:8:0	69.0	69.0	69.0	69.0	69.0	69.0	69.0	70.0	70.0	70.0	70.0	70.0	70.0	70.0	71.0	71.0	71.0	71.0
11:4:13:0	71.0	71.0	71.0	72.0	72.0	72.0	73.0	73.0	73.0	73.0	74.0	74.0	74.0	74.0	75.0	75.0	75.0	75.0
11:4:18:0	74.0	74.0	74.0	74.0	74.0	73.0	73.0	73.0	73.0	71.0	71.0	71.0	71.0	70.0	70.0	70.0	69.0	69.0	69.0	69.0
11:4:23:0	69.0	69.0	69.0	69.0	69.0	69.0	69.0	70.0	70.0	70.0	71.0	71.0	71.0	71.0	73.0	73.0	73.0
11:4:28:0	73.0	74.0	74.0	74.0	74.0	75.0	75.0	75.0	74.0	74.0	74.0	74.0	73.0	73.0	73.0	73.0	73.0	72.0	72.0
11:4:33:0	72.0	71.0	71.0	71.0	71.0	71.0	71.0	71.0	70.0	70.0	70.0	70.0	70.0	70.0	71.0	71.0
11:4:38:0	71.0	71.0	72.0	72.0	72.0	73.0	73.0	73.0	73.0	73.0	73.0	73.0	73.0	74.0	74.0	74.0	74.0	74.0
11:4:43:0	74.0	74.0	74.0	74.0	74.0	74.0	74.0	74.0	74.0	74.0	74.0	74.0	74.0	74.0	74.0	74.0	74.0	74.0	74.0
11:4:48:0	74.0	74.0	74.0	74.0	74.0	74.0	75.0	75.0	75.0	75.0	74.0	74.0	74.0	74.0	74.0	74.0	74.0	74.0	74.0
11:4:53:0	73.0	73.0	73.0	73.0	72.0	72.0	72.0	71.0	71.0	71.0	71.0	71.0	71.0	71.0	70.0	70.0
11:4:58:0	70.0	70.0	70.0	70.0	70.0	70.0	70.0	70.0	70.0	71.0	71.0	71.0	71.0	71.0	71.0	71.0
11:5:3:0	71.0	71.0	71.0	71.0	71.0	71.0	71.0	71.0	71.0	71.0	71.0	72.0	72.0	72.0	73.0	73.0
11:5:8:0	73.0	73.0	73.0	73.0	73.0	73.0	73.0	73.0	72.0	72.0	72.0	72.0	72.0	72.0	72.0	72.0	71.0	71.0	71.0
11:5:13:0	71.0	71.0	71.0	71.0	71.0	71.0	71.0	71.0	71.0	71.0	71.0	71.0	71.0	71.0	71.0	71.0	72.0	72.0
11:5:18:0	72.0	72.0	72.0	72.0	72.0	72.0	72.0	72.0	72.0	72.0	72.0	72.0	72.0	72.0	72.0	72.0	72.0	73.0
11:5:23:0	73.0	73.0	74.0	74.0	75.0	75.0	75.0	77.0	77.0	77.0	77.0	78.0	78.0	78.0	78.0	78.0	78.0
11:5:28:0	78.0	77.0	77.0	77.0	77.0	76.0	76.0	76.0	76.0	74.0	74.0	74.0	74.0	73.0	73.0	73.0	73.0	72.0
11:5:33:0	72.0	72.0	72.0	71.0	71.0	71.0	71.0	70.0	70.0	70.0	70.0	69.0	69.0	69.0	69.0	69.0	69.0	69.0
11:5:38:0	70.0	70.0	70.0	70.0	72.0	72.0	72.0	72.0	73.0	73.0	73.0	73.0	74.0	74.0	74.0	74.0	73.0	73.0	73.0	73.0
11:5:43:0	73.0	73.0	73.0	73.0	73.0	72.0	72.0	72.0	72.0	71.0	71.0	71.0	71.0	71.0	71.0	71.0	71.0
11:5:48:0	71.0	71.0	71.0	71.0	71.0	71.0	71.0	71.0	71.0	71.0	71.0	71.0	71.0	71.0	71.0	71.0	71.0	71.0
11:5:53:0	71.0	71.0	71.0	71.0	71.0	71.0	71.0	71.0	71.0	71.0	71.0	71.0	71.0	71.0	72.0	72.0	72.0	72.0	72.0	72.0
11:5:58:0	72.0	72.0	72.0	72.0	72.0	72.0	72.0	72.0	72.0	72.0	72.0	72.0	72.0	72.0	71.0	71.0	71.0	71.0	71.0	71.0
11:6:3:0	71.0	71.0	70.0	70.0	70.0	70.0	70.0	70.0	70.0	70.0	70.0	70.0	70.0	70.0	70.0	70.0	70.0	70.0	71.0	71.0
11:6:8:0	71.0	71.0	71.0	71.0	71.0	71.0	71.0	71.0	70.0	70.0	70.0	70.0	70.0	70.0	70.0	70.0
11:6:13:0	70.0	70.0	71.0	71.0	71.0	71.0	71.0	71.0	71.0	72.0	72.0	72.0	72.0	72.0	72.0	72.0	73.0
11:6:18:0	73.0	73.0	73.0	74.0	74.0	74.0	74.0	75.0	75.0	75.0	75.0	75.0	74.0	74.0	74.0	74.0	74.0	74.0	74.0	74.0
11:6:23:0	74.0	74.0	74.0	74.0	75.0	75.0	75.0	75.0	75.0	75.0	75.0	75.0	75.0	75.0	75.0	75.0	75.0	75.0	75.0
11:6:28:0	75.0	75.0	75.0	75.0	75.0	74.0	74.0	74.0	74.0	73.0	73.0	73.0	73.0	72.0	72.0	72.0	72.0	73.0	73.0	73.0
11:6:33:0	73.0	73.0	73.0	73.0	74.0	74.0	74.0	74.0	74.0	74.0	75.0	75.0	75.0	77.0	77.0	77.0
11:6:38:0	77.0	77.0	77.0	77.0	78.0	78.0	78.0	78.0	77.0	77.0	77.0	76.0	76.0	76.0	75.0	75.0
11:6:43:0	75.0	75.0	74.0	74.0	74.0	74.0	74.0	74.0	74.0	74.0	74.0	74.0	74.0	74.0	74.0	74.0	74.0	74.0
11:6:48:0	74.0	74.0	74.0	74.0	74.0	74.0	74.0	74.0	74.0	74.0	74.0	74.0	74.0	74.0	74.0	74.0	74.0	74.0	74.0	75.0	75.0
11:6:53:0	75.0	75.0	75.0	75.0	75.0	75.0	75.0	76.0	76.0	76.0	76.0	75.0	75.0	75.0	75.0	75.0	75.0	75.0	73.0
11:6:58:0	73.0	73.0	72.0	72.0	72.0	72.0	72.0	72.0	72.0	72.0	72.0	72.0	72.0	72.0
11:7:3:0	72.0	72.0	72.0	72.0	73.0	73.0	73.0	73.0	73.0	73.0	73.0	73.0	74.0	74.0	74.0	74.0	73.0	73.0	73.0	73.0
11:7:8:0	73.0	73.0	73.0	73.0	72.0	72.0	72.0	72.0	72.0	72.0	72.0	72.0	72.0	72.0	72.0	72.0	73.0	73.0	73.0	73.0
11:7:13:0	73.0	72.0	72.0	72.0	72.0	72.0	72.0	72.0	72.0	71.0	71.0	71.0	71.0	70.0	70.0	70.0	70.0	69.0	69.0	69.0
11:7:18:0	69.0	70.0	70.0	70.0	70.0	70.0	71.0	71.0	71.0	73.0	73.0	73.0	74.0	74.0	74.0	74.0
11:7:23:0	74.0	75.0	75.0	75.0	75.0	74.0	74.0	74.0	74.0	74.0	74.0	74.0	74.0	73.0	73.0	73.0	73.0	72.0	72.0
11:7:28:0	72.0	72.0	72.0	72.0	72.0	72.0	71.0	71.0	71.0	71.0	71.0	71.0	71.0	71.0	71.0	71.0	71.0	71.0	71.0	71.0
11:7:33:0	71.0	71.0	71.0	71.0	71.0	71.0	71.0	72.0	72.0	72.0	72.0	72.0	72.0	73.0	73.0	73.0	73.0
11:7:38:0	73.0	73.0	73.0	73.0	74.0	74.0	74.0	74.0	75.0	75.0	75.0	75.0	75.0	75.0	75.0	75.0	77.0	77.0	77.0	77.0
11:7:43:0	77.0	77.0	77.0	77.0	77.0	77.0	76.0	76.0	76.0	74.0	74.0	74.0	73.0	73.0	73.0
11:7:48:0	73.0	73.0	73.0	73.0	73.0	73.0	73.0	73.0	74.0	74.0	74.0	74.0	74.0	76.0	76.0	76.0	76.0	78.0	78.0	78.0
11:7:53:0	79.0	79.0	79.0	79.0	80.0	80.0	80.0	80.0	79.0	79.0	79.0	79.0	79.0	79.0	79.0	79.0	77.0	77.0
11:7:58:0	77.0	76.0	76.0	76.0	76.0	73.0	73.0	73.0	71.0	71.0	71.0	70.0	70.0	70.0	69.0	69.0	69.0
11:8:3:0	69.0	68.0	68.0	68.0	68.0	68.0	68.0	68.0	68.0	68.0	68.0	68.0	68.0	68.0	70.0	70.0	70.0	70.0	72.0
11:8:8:0	72.0	72.0	73.0	73.0	73.0	74.0	74.0	74.0	74.0	74.0	74.0	74.0	74.0	74.0	74.0	74.0	74.0
11:8:13:0	74.0	74.0	74.0	74.0	74.0	74.0	74.0	74.0	74.0	74.0	74.0	74.0	74.0	74.0	74.0	73.0	70.0
11:8:18:0	70.0	70.0	70.0	69.0	69.0	69.0	69.0	69.0	69.0	69.0	70.0	70.0	70.0	70.0	71.0	71.0	71.0	71.0	71.0
11:8:23:0	71.0	71.0	71.0	71.0	72.0	72.0	72.0	72.0	71.0	71.0	71.0	71.0	71.0	71.0	71.0	71.0	70.0	70.0	70.0	70.0
11:8:28:0	69.0	69.0	69.0	69.0	69.0	69.0	69.0	69.0	69.0	69.0	69.0	69.0	69.0	69.0
11:8:33:0	70.0	70.0	70.0	71.0	71.0	71.0	72.0	72.0	72.0	72.0	72.0	74.0	74.0	74.0	74.0	75.0	75.0	75.0
11:8:38:0	75.0	75.0	75.0	75.0	75.0	75.0	75.0	75.0	75.0	74.0	74.0	74.0	74.0	74.0	73.0	73.0
11:8:43:0	73.0	73.0	72.0	72.0	72.0	72.0	71.0	71.0	71.0	71.0	71.0	71.0	71.0	71.0	71.0	71.0	71.0	71.0
11:8:48:0	71.0	72.0	72.0	72.0	72.0	72.0	72.0	72.0	72.0	72.0	72.0	72.0	72.0	72.0	72.0	72.0	72.0	72.0	71.0	71.0
11:8:53:0	71.0	71.0	69.0	69.0	69.0	69.0	69.0	69.0	69.0	68.0	68.0	68.0	68.0	68.0	68.0
11:8:58:0	68.0	68.0	68.0	69.0	69.0	69.0	69.0	69.0	69.0	69.0	70.0	70.0	70.0	70.0	70.0	71.0	71.0	71.0	72.0
11:9:3:0	72.0	72.0	72.0	72.0	72.0	72.0	72.0	73.0	73.0	73.0	73.0	72.0	72.0	72.0	72.0	72.0
11:9:8:0	72.0	72.0	72.0	72.0	72.0	72.0	72.0	73.0	73.0	73.0	73.0	73.0	73.0	73.0	73.0	73.0
11:9:13:0	73.0	73.0	73.0	73.0	72.0	72.0	72.0	72.0	72.0	72.0	72.0	72.0	73.0	73.0	73.0	73.0	75.0	75.0
11:9:18:0	75.0	76.0	76.0	76.0	77.0	77.0	77.0	76.0	76.0	76.0	76.0	75.0	75.0	75.0	75.0	74.0	74.0
11:9:23:0	74.0	71.0	71.0	71.0	71.0	71.0	71.0	71.0	71.0	71.0	71.0	71.0	71.0	71.0	71.0	71.0	71.0	72.0	72.0
11:9:28:0	72.0	72.0	72.0	72.0	72.0	72.0	71.0	71.0	71.0	71.0	71.0	71.0	71.0	71.0	70.0	70.0
11:9:33:0	70.0	70.0	70.0	70.0	70.0	70.0	70.0	71.0	71.0	71.0	71.0	72.0	72.0	72.0	72.0	73.0	73.0	73.0	73.0	74.0	74.0
11:9:38:0	74.0	74.0	74.0	74.0	74.0	74.0	74.0	74.0	74.0	74.0	74.0	74.0	74.0	74.0	74.0	73.0	73.0
11:9:43:0	72.0	72.0	72.0	72.0	72.0	73.0	73.0	73.0	73.0	73.0	73.0	73.0	73.0	73.0	73.0	73.0	73.0	73.0
11:9:48:0	73.0	73.0	73.0	73.0	72.0	72.0	72.0	72.0	72.0	72.0	72.0	72.0	71.0	71.0	71.0	71.0	71.0	71.0	71.0
11:9:53:0	71.0	71.0	71.0	71.0	72.0	72.0	72.0	73.0	73.0	73.0	75.0	75.0	75.0	75.0	76.0	76.0	76.0	76.0
11:9:58:0	76.0	76.0	76.0	76.0	76.0	76.0	76.0	76.0	76.0	74.0	74.0	74.0	73.0	73.0	73.0	73.0	73.0	73.0	73.0
11:10:3:0	73.0	73.0	73.0	73.0	73.0	73.0	73.0	74.0	74.0	74.0	74.0	75.0	75.0	75.0
11:10:8:0	75.0	75.0	76.0	76.0	76.0	76.0	76.0	76.0	76.0	76.0	75.0	75.0	75.0	75.0	76.0	76.0	76.0	76.0	76.0	77.0	77.0
11:10:13:0	77.0	77.0	78.0	78.0	78.0	79.0	79.0	79.0	79.0	78.0	78.0	78.0	77.0	77.0	77.0	77.0	76.0	76.0
11:10:18:0	76.0	76.0	76.0	74.0	74.0	74.0	74.0	72.0	72.0	72.0	70.0	70.0	70.0	70.0	69.0	69.0	69.0
11:10:23:0	69.0	69.0	70.0	70.0	70.0	70.0	70.0	71.0	71.0	71.0	71.0	72.0	72.0	72.0	72.0	73.0	73.0	73.0	73.0	73.0
11:10:28:0	73.0	73.0	73.0	74.0	74.0	74.0	74.0	74.0	74.0	74.0	74.0	74.0	74.0	73.0	73.0	73.0
11:10:33:0	73.0	73.0	73.0	73.0	73.0	73.0	73.0	73.0	73.0	73.0	73.0	74.0	74.0	74.0	74.0	74.0	74.0	74.0	74.0
11:10:38:0	74.0	75.0	75.0	75.0	75.0	76.0	76.0	76.0	76.0	76.0	77.0	77.0	77.0	77.0	77.0	77.0	77.0
11:10:43:0	77.0	76.0	76.0	76.0	76.0	76.0	76.0	76.0	76.0	75.0	75.0	75.0	75.0	74.0	74.0	74.0	73.0	73.0	73.0
