12:17:48:0	103.0	103.0	103.0	103.0	103.0	103.0	104.0	104.0	104.0	104.0	104.0	104.0	104.0	104.0	104.0	104.0	104.0	104.0	104.0
12:17:53:0	104.0	104.0	104.0	104.0	104.0	104.0	104.0	104.0	102.0	102.0	102.0	102.0	101.0	101.0	101.0	100.0
12:17:58:0	100.0	100.0	98.0	98.0	98.0	98.0	97.0	97.0	97.0	97.0	95.0	95.0	95.0	95.0	94.0	94.0	94.0	93.0	93.0
12:18:3:0	93.0	92.0	92.0	92.0	92.0	91.0	91.0	91.0	91.0	91.0	91.0	91.0	91.0	92.0	92.0	92.0	92.0	95.0	95.0
12:18:8:0	95.0	95.0	95.0	96.0	96.0	96.0	96.0	96.0	96.0	96.0	96.0	96.0	96.0
12:18:13:0	96.0	96.0	96.0	96.0	96.0	97.0	97.0	97.0	97.0	96.0	96.0	96.0	96.0	96.0	96.0	96.0	96.0	95.0
12:18:18:0	95.0	95.0	95.0	94.0	94.0	94.0	94.0	94.0	94.0	94.0	94.0	94.0	94.0	94.0	94.0	94.0
12:18:23:0	94.0	94.0	94.0	94.0	94.0	94.0	94.0	94.0	94.0	94.0	94.0	94.0	94.0	94.0	94.0	94.0	94.0
12:18:28:0	94.0	94.0	94.0	94.0	94.0	94.0	94.0	94.0	94.0	94.0	94.0	94.0	94.0	94.0	94.0	94.0	94.0	94.0	94.0
12:18:33:0	94.0	94.0	94.0	94.0	94.0	94.0	94.0	94.0	94.0	95.0	95.0	95.0	95.0	95.0	95.0	95.0	95.0	96.0	96.0	96.0
12:18:38:0	96.0	96.0	96.0	96.0	96.0	97.0	97.0	97.0	97.0	97.0	98.0	98.0	98.0	98.0	98.0	98.0	98.0	98.0
12:18:43:0	98.0	98.0	98.0	98.0	98.0	98.0	97.0	97.0	97.0	97.0	97.0	97.0	97.0	97.0	97.0	97.0	96.0
12:18:48:0	96.0	96.0	95.0	95.0	95.0	94.0	94.0	94.0	94.0	94.0	94.0	93.0	93.0	93.0	93.0	93.0	93.0
12:18:53:0	93.0	93.0	93.0	93.0	93.0	93.0	93.0	93.0	93.0	93.0	93.0	93.0	93.0	93.0	93.0	93.0	93.0	93.0	93.0
12:18:58:0	93.0	93.0	93.0	93.0	93.0	93.0	93.0	93.0	93.0	93.0	93.0	93.0	94.0	94.0	94.0	94.0	94.0	94.0	94.0
12:19:3:0	95.0	95.0	95.0	95.0	95.0	95.0	95.0	94.0	94.0	94.0	94.0	94.0	94.0	94.0	94.0	94.0	94.0	94.0
12:19:8:0	93.0	93.0	93.0	93.0	93.0	93.0	93.0	93.0	93.0	93.0	93.0	93.0	93.0	93.0	93.0	93.0	93.0
12:19:13:0	93.0	94.0	94.0	94.0	94.0	94.0	94.0	95.0	95.0	95.0	95.0	95.0	95.0	95.0	95.0	95.0	95.0
12:19:18:0	95.0	95.0	95.0	95.0	95.0	94.0	94.0	94.0	93.0	93.0	93.0	93.0	93.0	93.0	92.0	92.0	92.0
12:19:23:0	92.0	92.0	92.0	92.0	92.0	92.0	92.0	92.0	92.0	92.0	92.0	92.0	93.0	93.0	93.0	93.0
12:19:28:0	93.0	93.0	93.0	93.0	93.0	93.0	93.0	93.0	93.0	93.0	93.0	93.0	93.0	93.0	93.0
12:19:33:0	93.0	93.0	93.0	93.0	93.0	93.0	93.0	93.0	93.0	93.0	93.0	93.0	93.0	93.0	93.0
12:19:38:0	93.0	93.0	93.0	93.0	93.0	93.0	93.0	93.0	93.0	93.0	93.0	93.0	93.0	93.0	93.0	93.0	92.0
12:19:43:0	92.0	92.0	92.0	92.0	92.0	92.0	92.0	92.0	92.0	92.0	92.0	92.0	92.0	92.0
12:19:48:0	92.0	92.0	92.0	92.0	92.0	92.0	92.0	92.0	92.0	92.0	92.0	92.0	92.0	92.0	92.0	91.0	91.0	91.0
12:19:53:0	91.0	91.0	91.0	91.0	91.0	91.0	91.0	91.0	91.0	91.0	91.0	91.0	91.0	91.0	91.0	92.0	92.0
12:19:58:0	92.0	92.0	92.0	92.0	93.0	93.0	93.0	94.0	94.0	94.0	94.0	94.0	94.0
12:20:3:0	94.0	94.0	94.0	94.0	95.0	95.0	94.0	94.0	94.0	94.0	94.0	94.0	94.0
12:20:8:0	94.0	94.0	93.0	93.0	93.0	93.0	93.0	93.0	93.0	93.0	93.0	93.0	93.0	92.0	92.0	92.0	92.0	92.0
12:20:13:0	92.0	92.0	92.0	92.0	92.0	92.0	92.0	92.0	92.0	93.0	93.0	93.0	93.0	93.0	93.0	93.0	93.0	94.0
12:20:18:0	94.0	94.0	95.0	95.0	95.0	95.0	95.0	95.0	95.0	96.0	96.0	96.0	96.0	95.0	95.0	95.0
12:20:23:0	95.0	95.0	95.0	95.0	94.0	94.0	94.0	94.0	94.0	94.0	94.0	94.0	94.0	94.0	94.0	94.0	94.0	94.0	94.0
12:20:28:0	94.0	94.0	94.0	94.0	94.0	94.0	94.0	94.0	94.0	94.0	94.0	94.0	94.0	94.0	94.0	94.0	94.0	94.0	94.0
12:20:33:0	94.0	94.0	94.0	94.0	94.0	94.0	94.0	94.0	94.0	95.0	95.0	95.0	95.0	95.0	95.0	95.0
12:20:38:0	95.0	95.0	95.0	95.0	95.0	96.0	96.0	96.0	96.0	96.0	96.0	96.0	96.0	96.0	96.0	96.0	96.0	96.0
12:20:43:0	96.0	96.0	96.0	96.0	96.0	96.0	96.0	96.0	96.0	96.0	96.0	95.0	95.0	95.0
12:20:48:0	95.0	95.0	95.0	95.0	95.0	95.0	95.0	95.0	95.0	95.0	95.0	95.0	95.0
12:20:53:0	95.0	95.0	95.0	95.0	95.0	95.0	95.0	95.0	95.0	95.0	95.0	96.0	96.0	96.0	97.0	97.0	97.0	97.0
12:20:58:0	97.0	97.0	98.0	98.0	98.0	98.0	98.0	98.0	98.0	98.0	97.0	97.0	97.0	97.0	97.0	97.0	97.0	97.0	97.0	95.0
12:21:3:0	95.0	95.0	95.0	94.0	94.0	94.0	94.0	93.0	93.0	93.0	93.0	93.0	93.0	93.0	93.0	93.0	93.0	93.0	93.0
12:21:8:0	94.0	94.0	94.0	94.0	94.0	94.0	94.0	94.0	94.0	94.0	94.0	94.0	94.0	95.0	95.0
12:21:13:0	96.0	96.0	97.0	97.0	97.0	97.0	97.0	97.0	97.0	97.0	97.0	97.0	97.0	97.0	97.0	97.0	97.0	97.0
12:21:18:0	95.0	95.0	95.0	95.0	94.0	94.0	94.0	94.0	93.0	93.0	93.0	93.0	93.0	93.0	93.0	93.0	94.0	94.0	94.0
12:21:23:0	94.0	98.0	98.0	98.0	98.0	99.0	99.0	99.0	99.0	100.0	100.0	100.0	100.0	99.0	99.0	99.0	99.0	99.0	99.0
12:21:28:0	99.0	99.0	97.0	97.0	97.0	97.0	96.0	96.0	96.0	94.0	94.0	94.0	94.0	93.0	93.0	93.0
12:21:33:0	92.0	92.0	92.0	92.0	92.0	92.0	92.0	92.0	92.0	92.0	93.0	93.0	95.0	95.0	95.0	95.0
12:21:38:0	95.0	95.0	96.0	96.0	96.0	96.0	96.0	96.0	96.0	96.0	97.0	97.0	97.0	97.0	96.0	96.0	96.0	96.0
12:21:43:0	96.0	96.0	95.0	95.0	95.0	95.0	95.0	95.0	95.0	95.0	95.0	95.0	95.0	96.0	96.0	96.0	96.0
12:21:48:0	96.0	96.0	96.0	96.0	95.0	95.0	95.0	95.0	95.0	95.0	95.0	95.0	95.0	95.0	95.0	95.0	95.0	95.0	95.0	95.0
12:21:53:0	95.0	95.0	95.0	95.0	95.0	95.0	95.0	95.0	95.0	95.0	95.0	95.0	95.0	95.0	95.0	95.0	95.0	95.0
12:21:58:0	95.0	95.0	95.0	95.0	95.0	95.0	95.0	95.0	95.0	95.0	95.0	95.0	95.0	96.0	96.0
12:22:3:0	96.0	96.0	96.0	96.0	96.0	95.0	95.0	95.0	95.0	95.0	94.0	94.0	94.0	94.0	94.0	94.0	94.0	94.0	95.0	95.0
12:22:8:0	95.0	96.0	96.0	96.0	97.0	97.0	97.0	97.0	97.0	97.0	97.0	98.0	98.0	98.0	98.0	98.0	98.0	98.0
12:22:13:0	98.0	98.0	97.0	97.0	97.0	97.0	97.0	97.0	97.0	96.0	96.0	96.0	96.0	96.0	96.0
12:22:18:0	96.0	96.0	96.0	95.0	95.0	95.0	94.0	94.0	94.0	94.0	94.0	94.0	94.0	94.0	94.0	94.0
12:22:23:0	94.0	94.0	94.0	95.0	95.0	95.0	95.0	95.0	95.0	95.0	96.0	96.0	96.0	96.0	96.0	96.0	96.0	96.0
12:22:28:0	96.0	96.0	96.0	96.0	96.0	96.0	96.0	96.0	96.0	96.0	97.0	97.0	97.0	97.0	97.0	97.0	97.0
12:22:33:0	97.0	97.0	97.0	97.0	96.0	96.0	96.0	96.0	96.0	96.0	96.0	95.0	95.0	95.0	95.0	95.0	95.0	95.0	95.0
12:22:38:0	95.0	95.0	95.0	95.0	95.0	94.0	94.0	94.0	94.0	94.0	94.0	94.0	94.0	95.0	95.0	95.0	95.0	95.0	95.0	95.0
12:22:43:0	96.0	96.0	96.0	96.0	96.0	96.0	96.0	96.0	97.0	97.0	98.0	98.0	98.0	98.0	98.0	98.0
12:22:48:0	99.0	99.0	99.0	100.0	100.0	100.0	100.0	100.0	100.0	100.0	100.0	101.0	101.0	101.0	101.0	101.0	101.0
12:22:53:0	101.0	101.0	101.0	101.0	101.0	101.0	101.0	101.0	101.0	101.0	101.0	101.0	101.0	101.0	101.0	101.0	101.0	101.0	101.0
12:22:58:0	101.0	101.0	101.0	101.0	101.0	101.0	100.0	100.0	100.0	100.0	100.0	100.0	100.0	100.0	98.0	98.0	98.0	98.0	98.0	98.0
12:23:3:0	98.0	98.0	98.0	97.0	97.0	97.0	97.0	96.0	96.0	96.0	96.0	96.0	96.0	95.0	95.0	95.0	94.0
12:23:8:0	94.0	94.0	94.0	93.0	93.0	93.0	93.0	93.0	93.0	93.0	93.0	93.0	94.0	94.0	94.0	95.0	95.0	95.0
12:23:13:0	95.0	95.0	95.0	96.0	96.0	96.0	96.0	96.0	96.0	96.0	96.0	96.0	96.0	96.0	96.0	96.0	97.0	97.0	97.0	97.0
12:23:18:0	97.0	97.0	97.0	97.0	97.0	97.0	97.0	97.0	97.0	97.0	97.0	97.0	97.0	97.0	97.0	97.0	96.0	96.0	96.0	96.0
12:23:23:0	96.0	96.0	96.0	96.0	96.0	96.0	96.0	96.0	96.0	96.0	96.0	96.0	96.0	96.0	96.0	96.0
12:23:28:0	96.0	97.0	97.0	97.0	97.0	97.0	97.0	97.0	97.0	97.0	97.0	97.0	97.0	97.0	97.0	97.0	97.0	97.0
12:23:33:0	97.0	97.0	97.0	97.0	97.0	97.0	97.0	97.0	97.0	97.0	97.0	97.0	97.0	97.0	97.0	97.0	97.0
12:23:38:0	97.0	97.0	97.0	97.0	97.0	97.0	97.0	97.0	97.0	97.0	97.0	97.0	97.0	97.0	97.0	97.0	97.0	97.0	97.0	97.0
12:23:43:0	97.0	97.0	97.0	97.0	97.0	97.0	97.0	97.0	97.0	98.0	98.0	98.0	99.0	99.0	99.0	100.0	100.0
12:23:48:0	100.0	100.0	100.0	101.0	101.0	101.0	101.0	102.0	102.0	102.0	102.0	103.0	103.0	103.0	103.0	103.0	103.0	103.0	103.0	104.0
12:23:53:0	104.0	104.0	104.0	105.0	105.0	105.0	105.0	105.0	106.0	106.0	106.0	106.0	107.0	107.0	107.0	107.0	108.0	108.0	108.0	108.0
12:23:58:0	109.0	109.0	109.0	110.0	110.0	110.0	110.0	110.0	110.0	110.0	109.0	109.0	109.0	109.0	107.0	107.0	107.0	107.0
12:24:3:0	106.0	106.0	106.0	105.0	105.0	105.0	105.0	103.0	103.0	103.0	102.0	102.0	102.0	102.0	99.0	99.0	99.0
12:24:8:0	99.0	96.0	96.0	96.0	96.0	94.0	94.0	94.0	94.0	92.0	92.0	92.0	92.0	91.0	91.0	91.0	91.0	92.0	92.0	92.0
12:24:13:0	92.0	93.0	93.0	93.0	93.0	93.0	93.0	93.0	93.0	94.0	94.0	94.0	94.0	95.0
12:24:18:0	95.0	95.0	95.0	95.0	95.0	96.0	96.0	96.0	96.0	97.0	97.0
12:24:23:0	97.0	97.0	97.0	97.0	98.0	98.0	98.0	98.0	98.0	98.0	98.0	98.0	99.0	99.0	99.0	99.0
12:24:28:0	99.0	99.0	99.0	99.0	99.0	99.0	99.0	99.0	99.0	99.0	99.0	99.0	99.0	99.0	99.0	99.0	99.0	99.0	99.0
12:24:33:0	98.0	98.0	98.0	98.0	98.0	98.0	98.0	98.0	98.0	98.0	98.0	98.0	98.0	98.0	98.0	98.0	98.0	98.0	98.0	99.0
12:24:38:0	99.0	99.0	99.0	100.0	100.0	100.0	100.0	100.0	101.0	101.0	101.0	101.0	101.0	101.0	101.0	101.0	101.0	101.0	101.0
12:24:43:0	102.0	102.0	102.0	101.0	101.0	101.0	101.0	101.0	101.0	101.0	100.0	100.0	100.0	100.0	100.0	100.0
12:24:48:0	99.0	99.0	99.0	99.0	99.0	99.0	99.0	99.0	99.0	99.0	99.0	98.0	98.0	98.0	98.0	98.0	98.0	98.0
12:24:53:0	98.0	98.0	98.0	98.0	98.0	98.0	98.0	98.0	98.0	98.0	98.0	98.0	98.0	98.0	98.0	99.0	99.0	99.0
12:24:58:0	99.0	100.0	100.0	100.0	100.0	100.0	100.0	100.0	100.0	101.0	101.0	101.0	101.0	101.0	101.0	101.0	101.0
12:25:3:0	101.0	101.0	101.0	101.0	101.0	101.0	101.0	101.0	101.0	101.0	101.0	102.0	102.0	102.0	102.0	102.0	102.0	102.0	102.0	102.0
12:25:8:0	102.0	102.0	102.0	102.0	102.0	102.0	102.0	102.0	102.0	102.0	102.0	102.0	102.0	103.0	103.0	103.0	103.0	103.0
12:25:13:0	103.0	103.0	103.0	103.0	103.0	103.0	103.0	103.0	103.0	102.0	102.0	102.0	102.0	102.0	102.0	102.0
12:25:18:0	102.0	102.0	102.0	102.0	102.0	102.0	102.0	102.0	102.0	102.0	102.0	102.0	102.0	102.0	102.0	102.0	102.0	102.0
12:25:23:0	102.0	102.0	102.0	102.0	102.0	102.0	102.0	102.0	102.0	102.0	102.0	102.0	102.0	102.0	102.0	102.0	102.0	102.0	102.0	102.0
12:25:28:0	102.0	102.0	102.0	102.0	102.0	102.0	102.0	102.0	103.0	103.0	103.0	103.0	103.0	103.0	103.0	103.0	103.0	103.0
12:25:33:0	103.0	103.0	103.0	103.0	103.0	103.0	103.0	104.0	104.0	104.0	104.0	104.0	104.0	104.0	104.0	104.0	104.0
12:25:38:0	104.0	104.0	104.0	104.0	104.0	104.0	103.0	103.0	103.0	103.0	103.0	103.0	103.0	102.0	102.0	102.0
12:25:43:0	102.0	102.0	102.0	102.0	102.0	102.0	102.0	102.0	102.0	102.0	102.0	102.0	102.0	102.0	102.0	102.0
12:25:48:0	102.0	102.0	102.0	102.0	102.0	102.0	102.0	102.0	102.0	102.0	102.0	102.0	102.0	102.0	102.0	102.0	102.0	102.0
12:25:53:0	102.0	102.0	102.0	102.0	102.0	102.0	102.0	102.0	102.0	102.0	103.0	103.0	103.0	103.0	103.0	103.0	103.0
12:25:58:0	103.0	103.0	103.0	102.0	102.0	102.0	102.0	102.0	102.0	102.0	101.0	101.0	101.0	101.0	101.0	101.0	101.0	101.0	101.0
12:26:3:0	101.0	101.0	101.0	101.0	101.0	101.0	101.0	101.0	102.0	102.0	102.0	102.0	102.0	102.0	102.0	103.0	103.0	103.0
12:26:8:0	102.0	102.0	102.0	102.0	102.0	102.0	102.0	102.0	101.0	101.0	101.0	101.0	100.0	100.0	100.0	100.0	99.0	99.0	99.0
12:26:13:0	99.0	99.0	99.0	99.0	99.0	100.0	100.0	100.0	100.0	100.0	100.0	100.0	100.0	101.0	101.0	101.0	101.0	101.0	101.0	101.0
12:26:18:0	101.0	101.0	101.0	101.0	101.0	101.0	101.0	101.0	101.0	101.0	101.0	101.0	101.0	101.0	102.0
12:26:23:0	102.0	102.0	101.0	101.0	101.0	101.0	101.0	101.0	101.0	101.0	101.0	101.0	101.0	101.0	101.0	101.0	101.0	101.0
12:26:28:0	101.5	102.0	102.0	102.0	102.0	102.0	102.0	102.0	102.0	102.0	102.0	102.0	102.0	100.0	100.0
12:26:33:0	100.0	100.0	99.0	99.0	99.0	99.0	98.0	98.0	98.0	98.0	98.0	98.0	98.0	98.0	98.0	98.0	98.0	98.0	98.0	98.0
12:26:38:0	98.0	98.0	98.0	98.0	98.0	98.0	98.0	98.0	98.0	98.0	98.0	99.0	99.0	99.0	99.0	99.0	99.0
12:26:43:0	100.0	100.0	100.0	100.0	100.0	100.0	100.0	100.0	100.0	100.0	100.0	100.0	100.0	101.0	101.0	101.0
12:26:48:0	101.0	101.0	101.0	101.0	102.0	102.0	102.0	102.0	101.0	101.0	101.0	101.0	101.0	101.0	101.0	101.0
12:26:53:0	101.0	101.0	101.0	101.0	101.0	101.0	101.0	101.0	101.0	101.0	101.0	101.0	101.0	101.0	101.0	101.0	101.0	101.0	101.0
12:26:58:0	101.0	101.0	101.0	101.0	101.0	101.0	101.0	101.0	101.0	102.0	102.0	102.0	102.0	102.0	102.0	102.0	102.0	102.0	102.0
12:27:3:0	102.0	102.0	103.0	103.0	103.0	103.0	103.0	103.0	103.0	103.0	103.0	103.0	103.0	103.0	103.0	103.0	102.0	102.0
12:27:8:0	102.0	102.0	102.0	103.0	103.0	103.0	104.0	104.0	104.0	104.0	106.0	106.0	106.0	106.0	107.0
12:27:13:0	107.0	107.0	107.0	108.0	108.0	108.0	108.0	109.0	109.0	109.0	109.0	109.0	109.0	109.0	109.0	110.0	110.0	110.0	110.0	109.0
12:27:18:0	109.0	109.0	109.0	109.0	109.0	108.0	108.0	108.0	106.0	106.0	106.0	106.0	105.0	105.0	105.0	101.0
12:27:23:0	101.0	101.0	101.0	99.0	99.0	99.0	99.0	97.0	97.0	97.0	97.0	95.0	95.0	95.0	95.0	95.0	94.0	94.0	94.0
12:27:28:0	93.0	93.0	93.0	93.0	93.0	93.0	93.0	93.0	93.0	93.0	93.0	94.0	94.0	94.0	95.0	95.0	95.0
12:27:33:0	95.0	96.0	96.0	96.0	97.0	97.0	97.0	97.0	97.0	98.0	98.0	98.0	99.0
12:27:38:0	99.0	99.0	99.0	99.0	100.0	100.0	100.0	100.0	100.0	100.0	100.0	100.0	100.0	100.0	100.0	100.0	100.0
12:27:43:0	100.0	100.0	100.0	100.0	100.0	100.0	100.0	100.0	100.0	100.0	100.0	100.0	101.0	101.0	101.0	102.0	102.0
