15:7:55:0	83.0	82.0	82.0	82.0	82.0	82.0	82.0	82.0	83.0	83.0	83.0	83.0	83.0	83.0	84.0	84.0
15:8:0:0	84.0	84.0	83.0	83.0	83.0	83.0	83.0	83.0	83.0	83.0	80.0	80.0	80.0	80.0	77.0
15:8:5:0	77.0	77.0	75.0	75.0	75.0	75.0	73.0	73.0	73.0	72.0	72.0	72.0	72.0	72.0	72.0	72.0	71.0	71.0
15:8:10:0	71.0	71.0	71.0	71.0	71.0	70.0	70.0	70.0	70.0	70.0	70.0	70.0	70.0	70.0	70.0
15:8:15:0	70.0	70.0	71.0	71.0	71.0	71.0	71.0	71.0	71.0	71.0	72.0	72.0	72.0	72.0	72.0	72.0	72.0	72.0	72.0
15:8:20:0	71.0	71.0	71.0	71.0	71.0	71.0	71.0	71.0	71.0	71.0	71.0	71.0	71.0	72.0	72.0	72.0	72.0	72.0
15:8:25:0	72.0	72.0	72.0	72.0	73.0	73.0	73.0	73.0	72.0	72.0	72.0	71.0	71.0	71.0	70.0	70.0
15:8:30:0	69.0	69.0	69.0	69.0	69.0	69.0	69.0	69.0	69.0	69.0	70.0	70.0	70.0	71.0	71.0	71.0
15:8:35:0	71.0	71.0	71.0	71.0	71.0	72.0	72.0	72.0	72.0	71.0	71.0	71.0	71.0	70.0	70.0	70.0	70.0	69.0	69.0	69.0
15:8:40:0	69.0	69.0	69.0	69.0	69.0	69.0	69.0	69.0	69.0	69.0	69.0	69.0	69.0	69.0	69.0	69.0	69.0	70.0	70.0	70.0
15:8:45:0	70.0	70.0	70.0	70.0	70.0	70.0	71.0	71.0	71.0	71.0	71.0	71.0	71.0	71.0	71.0	71.0	71.0
15:8:50:0	71.0	70.0	70.0	70.0	70.0	70.0	70.0	70.0	70.0	70.0	70.0	70.0	70.0	70.0	70.0
15:8:55:0	70.0	70.0	71.0	71.0	71.0	71.0	71.0	71.0	71.0	71.0	71.0	72.0	72.0	72.0	72.0	73.0	73.0	73.0	74.0
15:9:0:0	74.0	74.0	74.0	75.0	75.0	75.0	75.0	76.0	76.0	76.0	78.0	78.0	78.0	78.0	78.0	80.0	80.0	80.0
15:9:5:0	82.0	82.0	82.0	82.0	83.0	83.0	83.0	82.0	82.0	82.0	82.0	81.0	81.0	81.0	80.0	80.0	80.0	80.0
15:9:10:0	76.0	76.0	76.0	76.0	76.0	74.0	74.0	74.0	74.0	73.0	73.0	73.0	73.0	73.0	73.0	73.0	73.0	73.0	73.0	73.0	73.0
15:9:15:0	73.0	73.0	73.0	73.0	73.0	73.0	73.0	72.0	72.0	72.0	72.0	72.0	72.0	71.0	71.0	71.0
15:9:20:0	71.0	70.0	70.0	70.0	70.0	69.0	69.0	69.0	69.0	70.0	70.0	70.0	70.0	70.0	70.0	70.0	70.0
15:9:25:0	71.0	71.0	71.0	71.0	72.0	72.0	72.0	72.0	72.0	72.0	72.0	72.0	72.0	72.0	72.0	72.0	72.0	73.0	73.0
15:9:30:0	73.0	73.0	73.0	73.0	73.0	73.0	73.0	73.0	73.0	73.0	73.0	73.0	73.0	73.0	73.0	73.0	73.0	73.0	72.0
15:9:35:0	72.0	72.0	72.0	72.0	72.0	72.0	72.0	72.0	72.0	72.0	72.0	73.0	73.0	73.0	74.0
15:9:40:0	74.0	74.0	75.0	75.0	75.0	74.0	74.0	74.0	74.0	74.0	72.0	72.0	72.0	72.0	71.0	71.0	71.0	71.0	71.0
15:9:45:0	71.0	71.0	71.0	71.0	71.0	71.0	71.0	71.0	71.0	71.0	72.0	72.0	72.0	72.0	72.0	72.0	72.0
15:9:50:0	72.0	72.0	72.0	73.0	73.0	73.0	73.0	72.0	72.0	72.0	72.0	72.0	72.0	72.0	72.0	71.0	71.0	71.0	71.0
15:9:55:0	71.0	71.0	71.0	71.0	71.0	71.0	71.0	71.0	71.0	72.0	72.0	72.0	72.0	72.0	72.0	72.0	72.0	72.0	72.0
15:10:0:0	72.0	72.0	72.0	72.0	72.0	71.0	71.0	71.0	71.0	70.0	70.0	70.0	69.0	69.0	69.0	69.0
15:10:5:0	69.0	69.0	69.0	69.0	70.0	70.0	70.0	70.0	71.0	71.0	71.0	71.0	71.0	71.0	71.0	71.0	72.0	72.0
15:10:10:0	72.0	72.0	72.0	72.0	72.0	72.0	72.0	72.0	72.0	72.0	72.0	72.0	72.0	72.0	72.0
15:10:15:0	72.0	72.0	72.0	72.0	72.0	72.0	72.0	72.0	72.0	72.0	73.0	73.0	73.0	72.0	72.0	72.0	72.0	72.0	72.0
15:10:20:0	72.0	72.0	71.0	71.0	71.0	71.0	71.0	71.0	71.0	71.0	71.0	71.0	71.0	71.0	71.0	71.0	71.0	71.0	71.0
15:10:25:0	71.0	71.0	71.0	71.0	71.0	71.0	71.0	71.0	71.0	72.0	72.0	72.0	73.0	73.0	73.0	73.0
15:10:30:0	74.0	74.0	74.0	74.0	74.0	74.0	74.0	75.0	75.0	75.0	75.0	75.0	75.0	75.0	75.0	75.0	75.0	75.0	75.0	75.0
15:10:35:0	75.0	75.0	75.0	75.0	75.0	75.0	75.0	75.0	76.0	76.0	76.0	76.0	77.0	77.0	77.0
15:10:40:0	77.0	77.0	77.0	77.0	78.0	78.0	78.0	78.0	78.0	78.0	78.0	78.0	78.0	78.0	78.0	78.0	78.0	78.0	78.0
15:10:45:0	78.0	79.0	79.0	79.0	80.0	80.0	80.0	80.0	80.0	81.0	81.0	81.0	81.0	83.0	83.0	83.0	83.0	83.0
15:10:50:0	83.0	83.0	83.0	83.0	83.0	81.0	81.0	81.0	80.0	80.0	80.0	80.0	78.0	78.0	78.0	78.0
15:10:55:0	78.0	78.0	78.0	78.0	78.0	77.0	77.0	77.0	77.0	77.0	77.0	77.0	76.0	76.0	76.0	76.0	76.0	75.0
15:11:0:0	75.0	75.0	75.0	75.0	75.0	75.0	75.0	74.0	74.0	74.0	74.0	74.0	74.0	74.0	74.0	73.0	73.0	73.0	73.0	73.0
15:11:5:0	73.0	73.0	73.0	73.0	73.0	73.0	73.0	73.0	74.0	74.0	74.0	76.0	76.0	76.0	76.0	76.0	76.0	76.0	76.0	76.0
15:11:10:0	76.0	76.0	76.0	74.0	74.0	74.0	73.0	73.0	73.0	73.0	71.0	71.0	71.0	71.0	70.0	70.0	70.0
15:11:15:0	69.0	69.0	69.0	69.0	69.0	69.0	69.0	69.0	69.0	69.0	69.0	69.0	69.0	69.0	69.0	69.0	70.0	70.0	70.0
15:11:20:0	70.0	71.0	71.0	71.0	72.0	72.0	72.0	72.0	72.0	72.0	72.0	72.0	71.0	71.0	71.0	71.0	70.0	70.0	70.0	70.0
15:11:25:0	70.0	70.0	70.0	70.0	70.0	71.0	71.0	71.0	71.0	72.0	72.0	72.0	72.0	73.0	73.0	73.0	75.0	75.0	75.0
15:11:30:0	75.0	76.0	76.0	76.0	76.0	76.0	75.0	75.0	75.0	75.0	74.0	74.0	74.0	74.0	72.0	72.0	72.0	72.0	71.0	71.0
15:11:35:0	71.0	71.0	70.0	70.0	70.0	69.0	69.0	69.0	69.0	69.0	69.0	69.0	69.0	69.0	69.0	70.0
15:11:40:0	70.0	70.0	70.0	72.0	72.0	72.0	72.0	73.0	73.0	73.0	73.0	73.0	73.0	73.0	73.0	73.0	73.0	73.0	73.0	73.0
15:11:45:0	73.0	73.0	73.0	72.0	72.0	72.0	72.0	72.0	72.0	72.0	72.0	72.0	72.0	72.0	72.0	72.0
15:11:50:0	72.0	72.0	72.0	72.0	72.0	72.0	72.0	72.0	72.0	72.0	72.0	72.0	72.0	72.0	71.0	71.0	71.0
15:11:55:0	70.5	70.0	70.0	70.0	70.0	69.0	69.0	69.0	69.0	69.0	69.0	69.0	69.0	69.0	69.0	69.0	69.0	69.0
15:12:0:0	70.0	70.0	70.0	70.0	70.0	70.0	71.0	71.0	71.0	72.0	72.0	72.0	72.0	74.0	74.0	74.0
15:12:5:0	74.0	75.0	75.0	75.0	75.0	75.0	75.0	75.0	75.0	75.0	75.0	75.0	75.0	73.0	73.0	73.0	72.0	72.0
15:12:10:0	72.0	72.0	71.0	71.0	71.0	71.0	70.0	70.0	70.0	70.0	70.0	70.0	70.0	70.0	70.0	71.0	71.0	71.0
15:12:15:0	71.0	72.0	72.0	72.0	72.0	72.0	72.0	72.0	72.0	73.0	73.0	73.0	73.0	74.0	74.0
15:12:20:0	74.0	74.0	75.0	75.0	75.0	75.0	74.0	74.0	74.0	74.0	74.0	74.0	74.0	74.0	74.0	73.0	73.0	73.0	73.0	73.0
15:12:25:0	73.0	73.0	74.0	74.0	74.0	74.0	75.0	75.0	75.0	75.0	75.0	75.0	75.0	75.0	75.0	75.0
15:12:30:0	75.0	75.0	75.0	74.0	74.0	74.0	74.0	73.0	73.0	73.0	73.0	72.0	72.0	72.0	72.0	72.0	72.0	72.0	72.0
15:12:35:0	72.0	72.0	72.0	72.0	72.0	72.0	73.0	73.0	73.0	73.0	74.0	74.0	74.0	74.0	75.0	75.0	75.0
15:12:40:0	76.0	76.0	76.0	76.0	77.0	77.0	77.0	77.0	77.0	77.0	77.0	77.0	77.0	77.0	77.0	77.0	77.0	75.0	75.0	75.0
15:12:45:0	75.0	74.0	74.0	74.0	74.0	72.0	72.0	72.0	71.0	71.0	71.0	71.0	71.0	71.0	71.0	71.0	71.0	72.0	72.0
15:12:50:0	73.0	73.0	74.0	74.0	74.0	74.0	74.0	74.0	74.0	74.0	75.0	75.0	75.0	75.0	75.0	75.0	75.0
15:12:55:0	75.0	75.0	75.0	75.0	75.0	75.0	75.0	75.0	75.0	75.0	75.0	75.0	75.0	75.0	75.0	75.0	75.0	74.0	74.0
15:13:0:0	74.0	74.0	72.0	72.0	72.0	72.0	72.0	72.0	72.0	72.0	73.0	73.0	73.0	73.0	74.0	74.0
15:13:5:0	74.0	74.0	75.0	75.0	75.0	75.0	76.0	76.0	76.0	76.0	76.0	77.0	77.0	77.0	77.0	77.0	77.0	77.0	77.0	78.0
15:13:10:0	78.0	78.0	78.0	78.0	78.0	78.0	78.0	77.0	77.0	77.0	77.0	77.0	76.0	76.0	76.0
15:13:15:0	75.0	75.0	75.0	75.0	74.0	74.0	74.0	73.0	73.0	73.0	73.0	73.0	73.0	73.0	73.0	73.0	73.0	73.0	73.0	73.0
15:13:20:0	73.0	73.0	73.0	73.0	73.0	73.0	73.0	73.0	73.0	73.0	73.0	73.0	74.0	74.0	74.0	74.0	74.0	74.0	74.0
15:13:25:0	74.0	74.0	74.0	74.0	74.0	74.0	74.0	74.0	73.0	73.0	73.0	73.0	73.0	73.0	73.0	73.0	72.0
15:13:30:0	72.0	72.0	72.0	72.0	72.0	72.0	72.0	72.0	72.0	72.0	72.0	73.0	73.0	73.0	73.0	74.0
15:13:35:0	74.0	74.0	74.0	74.0	73.0	73.0	73.0	73.0	72.0	72.0	72.0	72.0	72.0	72.0	72.0
15:13:40:0	72.0	72.0	72.0	72.0	72.0	72.0	72.0	72.0	72.0	73.0	73.0	73.0	73.0	72.0	72.0	72.0	72.0	72.0	72.0
15:13:45:0	72.0	72.0	72.0	72.0	72.0	72.0	72.0	72.0	72.0	72.0	72.0	72.0	72.0	72.0	72.0	72.0	72.0
15:13:50:0	72.0	72.0	72.0	72.0	72.0	72.0	72.0	72.0	72.0	72.0	73.0	73.0	73.0	73.0	73.0	73.0	73.0	73.0	73.0
15:13:55:0	73.0	73.0	73.0	74.0	74.0	74.0	74.0	74.0	74.0	74.0	74.0	74.0	74.0	74.0
15:14:0:0	75.0	75.0	75.0	76.5	78.0	78.0	78.0	78.0	78.0	78.0	78.0	78.0	78.0	78.0	78.0	78.0	78.0
15:14:5:0	77.0	77.0	77.0	77.0	77.0	74.0	74.0	74.0	74.0	72.0	72.0	72.0	72.0	70.0	70.0	70.0	69.0	69.0	69.0	69.0
15:14:10:0	69.0	69.0	69.0	70.0	70.0	70.0	70.0	71.0	71.0	72.0	72.0	72.0	72.0	72.0	72.0
15:14:15:0	72.0	73.0	73.0	73.0	73.0	73.0	73.0	73.0	73.0	72.0	72.0	72.0	72.0	72.0	71.0	71.0	71.0	70.0
15:14:20:0	70.0	70.0	70.0	70.0	70.0	70.0	70.0	70.0	70.0	71.0	72.0	72.0	72.0	72.0	72.0
15:14:25:0	72.0	72.0	73.0	73.0	73.0	73.0	73.0	73.0	73.0	73.0	73.0	73.0	73.0	73.0	73.0	73.0	73.0	73.0
15:14:30:0	73.0	73.0	72.0	72.0	72.0	72.0	72.0	72.0	72.0	72.0	72.0	72.0	72.0	72.0
15:14:35:0	72.0	72.0	72.0	72.0	72.0	72.0	73.0	73.0	73.0	73.0	73.0	74.0	74.0	74.0	76.0	76.0	76.0	76.0
15:14:40:0	81.0	81.0	81.0	81.0	83.0	83.0	83.0	83.0	84.0	84.0	84.0	84.0	83.0	83.0	83.0	83.0	82.0	82.0	82.0
15:14:45:0	80.0	80.0	80.0	79.0	79.0	79.0	77.0	77.0	77.0	77.0	76.0	76.0	76.0	75.0	75.0	75.0
15:14:50:0	75.0	75.0	75.0	75.0	75.0	75.0	75.0	75.0	75.0	76.0	76.0	76.0	76.0	77.0	77.0	77.0	77.0	78.0	78.0	78.0
15:14:55:0	78.0	78.0	78.0	78.0	78.0	78.0	78.0	76.0	76.0	75.0	75.0	75.0	75.0	73.0	73.0	73.0
15:15:0:0	73.0	71.0	71.0	71.0	71.0	70.0	70.0	70.0	70.0	70.0	70.0	70.0	70.0	70.0	70.0	70.0	70.0	70.0	71.0	71.0
15:15:5:0	71.0	71.0	71.0	71.0	71.0	72.0	72.0	73.0	73.0	73.0	73.0	73.0	73.0	73.0	74.0
15:15:10:0	74.0	74.0	74.0	74.0	74.0	74.0	74.0	74.0	74.0	74.0	74.0	73.0	73.0	73.0	73.0	73.0	73.0	73.0	73.0
15:15:15:0	73.0	73.0	73.0	73.0	73.0	73.0	73.0	73.0	73.0	73.0	73.0	73.0	73.0	73.0	74.0	74.0	74.0	73.0
15:15:20:0	73.0	73.0	73.0	73.0	73.0	72.0	72.0	72.0	72.0	72.0	72.0	72.0	72.0	72.0	72.0	72.0	72.0	72.0
15:15:25:0	72.0	72.0	72.0	72.0	73.0	73.0	73.0	73.0	74.0	74.0	74.0	74.0	75.0	75.0	75.0	75.0	75.0	75.0	75.0
15:15:30:0	75.0	75.0	75.0	75.0	75.0	74.0	74.0	74.0	73.0	73.0	73.0	72.0	72.0	72.0	72.0	72.0	72.0
15:15:35:0	73.0	73.0	73.0	74.0	74.0	74.0	74.0	75.0	75.0	75.0	75.0	77.0	77.0	77.0	78.0	78.0	78.0
15:15:40:0	78.0	78.0	78.0	78.0	78.0	79.0	79.0	79.0	79.0	79.0	78.0	78.0	78.0	78.0	77.0	77.0
15:15:45:0	77.0	77.0	74.0	74.0	74.0	74.0	75.0	75.0	75.0	75.0	76.0	76.0	76.0	76.0	76.0	76.0	76.0	76.0
15:15:50:0	76.0	76.0	75.0	75.0	75.0	74.0	74.0	74.0	74.0	74.0	74.0	74.0	74.0	74.0
15:15:55:0	74.0	74.0	74.0	74.0	74.0	74.0	74.0	73.0	73.0	73.0	73.0	74.0	74.0	74.0	75.0
15:16:0:0	75.0	75.0	75.0	75.0	75.0	75.0	75.0	75.0	75.0	75.0	75.0	75.0	75.0	75.0	75.0	73.0	73.0	73.0	73.0
15:16:5:0	72.0	72.0	72.0	72.0	71.0	71.0	71.0	71.0	71.0	71.0	72.0	72.0	72.0	72.0	72.0	72.0	72.0
15:16:10:0	73.0	73.0	73.0	73.0	73.0	73.0	74.0	74.0	74.0	74.0	75.0	75.0	75.0	75.0	75.0	75.0	75.0	75.0
15:16:15:0	75.0	76.0	76.0	76.0	76.0	76.0	76.0	76.0	76.0	76.0	76.0	76.0	74.0	74.0	74.0	74.0	74.0	74.0
15:16:20:0	74.0	74.0	74.0	74.0	74.0	75.0	75.0	75.0	75.0	75.0	76.0	76.0	76.0	76.0
15:16:25:0	76.0	77.0	77.0	76.0	76.0	76.0	76.0	76.0	76.0	76.0	76.0	76.0	76.0	76.0	76.0	76.0	76.0
15:16:30:0	76.0	76.0	76.0	76.0	76.0	76.0	76.0	76.0	76.0	76.0	77.0	77.0	77.0	77.0	77.0	77.0	77.0	77.0	78.0
15:16:35:0	78.0	78.0	78.0	78.0	78.0	78.0	77.0	77.0	77.0	76.0	76.0	76.0	75.0	75.0	75.0	75.0	74.0
15:16:40:0	74.0	74.0	74.0	73.0	73.0	73.0	73.0	73.0	73.0	73.0	73.0	73.0	73.0	73.0	74.0	74.0	74.0	74.0	76.0
15:16:45:0	76.0	76.0	76.0	76.0	76.0	76.0	76.0	76.0	74.0	74.0	74.0	73.0	73.0	73.0	73.0
15:16:50:0	72.0	72.0	72.0	72.0	71.0	71.0	71.0	71.0	71.0	71.0	71.0	71.0	72.0	72.0	72.0	72.0	73.0	73.0	73.0	73.0
15:16:55:0	74.0	74.0	74.0	74.0	74.0	74.0	74.0	75.0	75.0	75.0	75.0	75.0	75.0	75.0	75.0	75.0	75.0	75.0
15:17:0:0	75.0	74.0	74.0	74.0	74.0	73.0	73.0	73.0	73.0	72.0	72.0	72.0	72.0	72.0	72.0	72.0	72.0	72.0
15:17:5:0	72.0	72.0	73.0	73.0	73.0	73.0	73.0	73.0	73.0	73.0	74.0	74.0	74.0	74.0	74.0	74.0	74.0	74.0
15:17:10:0	74.0	74.0	74.0	74.0	74.0	74.0	74.0	74.0	74.0	74.0	74.0	74.0	74.0	74.0	74.0	74.0	74.0	74.0	74.0	74.0
15:17:15:0	74.0	74.0	74.0	74.0	74.0	74.0	74.0	74.0	74.0	74.0	74.0	74.0	74.0	74.0	74.0	74.0	75.0
15:17:20:0	75.0	75.0	75.0	76.0	76.0	76.0	76.0	77.0	77.0	77.0	77.0	77.0	77.0	77.0	77.0	77.0	77.0	77.0
15:17:25:0	77.0	77.0	77.0	77.0	76.0	76.0	76.0	76.0	76.0	76.0	76.0	76.0	76.0	76.0	76.0	76.0	76.0	76.0	76.0	76.0	75.0
15:17:30:0	75.0	75.0	75.0	75.0	75.0	75.0	75.0	75.0	75.0	75.0	75.0	75.0	74.0	74.0	74.0	74.0	74.0
15:17:35:0	74.0	74.0	74.0	74.0	74.0	74.0	74.0	74.0	74.0	74.0	75.0	75.0	75.0	75.0	75.0	75.0	75.0
15:17:40:0	75.0	74.0	74.0	74.0	74.0	74.0	74.0	74.0	74.0	73.0	73.0	73.0	73.0	73.0	73.0	73.0	73.0	73.0	73.0	73.0	73.0
15:17:45:0	73.0	73.0	73.0	73.0	74.0	74.0	74.0	74.0	74.0	74.0	74.0	74.0	74.0	74.0	74.0	74.0	74.0
15:17:50:0	74.0	74.0	74.0	74.0	74.0	74.0	74.0	74.0	74.0	74.0	74.0	74.0	74.0	74.0	74.0	74.0	74.0
