13:44:25:0	96.0	96.0	96.0	96.0	95.0	95.0	95.0	95.0	95.0	93.0	93.0	93.0	93.0	92.0	92.0	92.0	92.0	90.0	90.0
13:44:30:0	90.0	90.0	89.0	89.0	89.0	89.0	88.0	88.0	88.0	88.0	88.0	88.0	88.0	88.0	88.0	88.0	88.0	88.0	89.0
13:44:35:0	89.0	89.0	89.0	91.0	91.0	91.0	91.0	91.0	91.0	91.0	92.0	92.0	92.0	92.0	92.0	92.0	92.0
13:44:40:0	92.0	92.0	92.0	92.0	92.0	92.0	92.0	92.0	92.0	92.0	92.0	92.0	92.0	92.0	92.0	92.0	92.0	92.0	91.0
13:44:45:0	91.0	91.0	91.0	91.0	91.0	91.0	91.0	91.0	91.0	91.0	91.0	91.0	92.0	92.0	92.0	92.0	92.0	92.0	92.0	92.0
13:44:50:0	92.0	92.0	92.0	92.0	92.0	92.0	92.0	92.0	93.0	93.0	93.0	93.0	93.0	93.0	93.0	93.0	93.0	93.0	93.0	93.0
13:44:55:0	93.0	93.0	93.0	93.0	93.0	93.0	93.0	93.0	93.0	93.0	93.0	93.0	93.0	93.0	93.0	93.0	93.0	93.0	93.0	93.0	93.0
13:45:0:0	93.0	93.0	93.0	93.0	93.0	93.0	93.0	93.0	93.0	93.0	93.0	94.0	94.0	94.0	94.0	94.0
13:45:5:0	94.0	94.0	94.0	94.0	94.0	94.0	95.0	95.0	95.0	95.0	95.0	95.0	95.0	95.0	95.0	95.0
13:45:10:0	95.0	95.0	95.0	95.0	95.0	95.0	95.0	95.0	95.0	95.0	95.0	95.0	95.0	95.0	95.0	95.0	95.0	95.0
13:45:15:0	95.0	95.0	95.0	95.0	95.0	95.0	95.0	95.0	95.0	95.0	95.0	95.0	94.0	94.0	94.0	94.0	94.0
13:45:20:0	94.0	94.0	94.0	94.0	94.0	94.0	94.0	94.0	93.5	93.0	93.0	93.0	93.0	93.0
13:45:25:0	93.0	93.0	93.0	93.0	93.0	93.0	93.0	92.0	92.0	92.0	93.0	93.0	93.0	93.0	94.0	94.0	94.0
13:45:30:0	94.0	94.0	94.0	95.0	95.0	95.0	95.0	95.0	95.0	95.0	95.0	95.0	95.0	95.0	95.0	95.0	95.0	95.0	95.0	95.0
13:45:35:0	95.0	95.0	95.0	95.0	94.0	94.0	94.0	94.0	94.0	94.0	94.0	94.0	94.0	94.0	94.0	93.0	93.0
13:45:40:0	93.0	93.0	93.0	93.0	93.0	92.0	92.0	92.0	92.0	92.0	92.0	92.0	92.0	92.0	92.0	92.0	92.0	92.0	92.0	92.0
13:45:45:0	92.0	92.0	93.0	93.0	93.0	93.0	93.0	93.0	93.0	94.0	94.0	94.0	94.0	94.0	94.0	94.0	94.0	94.0
13:45:50:0	94.0	94.0	93.0	93.0	93.0	93.0	93.0	93.0	93.0	93.0	92.0	92.0	92.0	91.0	91.0	91.0	91.0
13:45:55:0	91.0	91.0	91.0	91.0	91.0	91.0	91.0	91.0	91.0	91.0	91.0	91.0	91.0	91.0	91.0	92.0	92.0	92.0	92.0	92.0
13:46:0:0	92.0	92.0	92.0	92.0	92.0	92.0	92.0	92.0	92.0	92.0	93.0	93.0	93.0	93.0	94.0	94.0	94.0	94.0	95.0
13:46:5:0	95.0	95.0	95.0	96.0	96.0	96.0	96.0	97.0	97.0	97.0	97.0	97.0	97.0	97.0	97.0	98.0	98.0	98.0	98.0	98.0
13:46:10:0	98.0	98.0	98.0	98.0	98.0	98.0	98.0	98.0	98.0	98.0	98.0	98.0	97.0	97.0	97.0	97.0	97.0	97.0	97.0	97.0
13:46:15:0	97.0	97.0	97.0	97.0	97.0	97.0	97.0	97.0	97.0	97.0	97.0	97.0	97.0	97.0	97.0	97.0	97.0	97.0
13:46:20:0	96.0	96.0	96.0	96.0	96.0	96.0	96.0	95.0	95.0	95.0	95.0	95.0	95.0	95.0	95.0	94.0	94.0	94.0
13:46:25:0	94.0	94.0	94.0	94.0	94.0	94.0	94.0	94.0	94.0	94.0	94.0	94.0	94.0	94.0	94.0	94.0	94.0	94.0	94.0	94.0
13:46:30:0	94.0	94.0	94.0	94.0	94.0	94.0	94.0	94.0	94.0	94.0	94.0	94.0	94.0	94.0	94.0	94.0	94.0
13:46:35:0	94.0	94.0	94.0	95.0	95.0	95.0	95.0	95.0	95.0	95.0	95.0	95.0	95.0	95.0	95.0	95.0	95.0	95.0	94.0	94.0
13:46:40:0	94.0	94.0	94.0	94.0	94.0	94.0	94.0	94.0	94.0	94.0	94.0	94.0	94.0	94.0	94.0	94.0	94.0	94.0	94.0	94.0
13:46:45:0	94.0	94.0	94.0	94.0	94.0	94.0	94.0	94.0	94.0	94.0	94.0	94.0	94.0	94.0	94.0	94.0	94.0
13:46:50:0	94.0	94.0	94.0	94.0	95.0	95.0	95.0	95.0	95.0	95.0	95.0	95.0	95.0	95.0	95.0	95.0	95.0	95.0	95.0	95.0
13:46:55:0	96.0	96.0	96.0	95.0	95.0	95.0	95.0	95.0	95.0	95.0	95.0	94.0	94.0	94.0	94.0	93.0	93.0	93.0	93.0
13:47:0:0	93.0	93.0	93.0	93.0	93.0	93.0	93.0	93.0	93.0	93.0	93.0	93.0	93.0	93.0	93.0	93.0	93.0	93.0	93.0	93.0
13:47:5:0	93.0	93.0	93.0	93.0	93.0	93.0	93.0	92.0	92.0	92.0	92.0	92.0	92.0	92.0	92.0	92.0	92.0	92.0
13:47:10:0	92.0	92.0	92.0	92.0	92.0	93.0	93.0	93.0	94.0	94.0	94.0	94.0	95.0	95.0	95.0	95.0	95.0	95.0	95.0
13:47:15:0	95.0	95.0	96.0	96.0	96.0	96.0	96.0	96.0	96.0	96.0	97.0	97.0	97.0	97.0	97.0	97.0	97.0	97.0	97.0
13:47:20:0	97.0	97.0	97.0	97.0	97.0	97.0	97.0	97.0	97.0	97.0	97.0	98.0	98.0	98.0	98.0	98.0	98.0	98.0	98.0	99.0
13:47:25:0	99.0	99.0	99.0	99.0	99.0	99.0	99.0	99.0	98.0	98.0	98.0	97.0	97.0	96.0	96.0	96.0
13:47:30:0	95.0	95.0	95.0	95.0	94.0	94.0	94.0	94.0	93.0	93.0	93.0	93.0	93.0	93.0	93.0	93.0	93.0
13:47:35:0	93.0	93.0	93.0	93.0	93.0	93.0	93.0	93.0	94.0	94.0	94.0	94.0	94.0	94.0	94.0	94.0	94.0	94.0	94.0	94.0
13:47:40:0	94.0	94.0	94.0	94.0	94.0	94.0	94.0	94.0	94.0	94.0	94.0	94.0	94.0	94.0	94.0	95.0	95.0	95.0	95.0
13:47:45:0	95.0	95.0	95.0	95.0	95.0	95.0	95.0	95.0	95.0	95.0	95.0	95.0	95.0	95.0	95.0	95.0	95.0	95.0	95.0	95.0
13:47:50:0	95.0	95.0	95.0	95.0	95.0	95.0	95.0	95.0	95.0	95.0	95.0	95.0	95.0	95.0	95.0
13:47:55:0	95.0	95.0	95.0	95.0	95.0	95.0	94.0	94.0	94.0	94.0	94.0	94.0	94.0	94.0	94.0	94.0	94.0	94.0	94.0	94.0	94.0
13:48:0:0	94.0	94.0	95.0	95.0	95.0	95.0	95.0	95.0	95.0	95.0	95.0	95.0	95.0	95.0	95.0	95.0	95.0
13:48:5:0	95.0	95.0	95.0	95.0	95.0	95.0	95.0	95.0	95.0	95.0	95.0	96.0	96.0	96.0	96.0	96.0	96.0	96.0	96.0
13:48:10:0	96.0	96.0	96.0	96.0	96.0	96.0	96.0	96.0	96.0	96.0	96.0	96.0	96.0	96.0	96.0	96.0	96.0
13:48:15:0	95.0	95.0	95.0	95.0	95.0	95.0	95.0	95.0	95.0	95.0	95.0	95.0	95.0	95.0	95.0	95.0	95.0
13:48:20:0	95.0	95.0	95.0	95.0	96.0	96.0	96.0	96.0	97.0	97.0	97.0	97.0	98.0	98.0	98.0	98.0	98.0	98.0	98.0	98.0
13:48:25:0	98.0	98.0	98.0	98.0	98.0	98.0	98.0	98.0	98.0	98.0	98.0	98.0	98.0	98.0	98.0	98.0	98.0
13:48:30:0	98.0	98.0	98.0	98.0	98.0	98.0	98.0	98.0	98.0	98.0	98.0	98.0	98.0	98.0	99.0	99.0	99.0	99.0	99.0	99.0	99.0
13:48:35:0	99.0	98.0	98.0	98.0	98.0	98.0	98.0	98.0	98.0	98.0	98.0	98.0	98.0	98.0	98.0	98.0	98.0	98.0	98.0	98.0
13:48:40:0	98.0	98.0	98.0	98.0	98.0	98.0	98.0	98.0	98.0	98.0	98.0	98.0	98.0	98.0	98.0	98.0	98.0	98.0
13:48:45:0	98.0	98.0	98.0	98.0	98.0	98.0	98.0	98.0	98.0	98.0	98.0	99.0	99.0	99.0	99.0	99.0	99.0	99.0	99.0	99.0	99.0
13:48:50:0	99.0	99.0	99.0	99.0	99.0	99.0	99.0	99.0	99.0	99.0	99.0	99.0	99.0	99.0	99.0	99.0	99.0	99.0	99.0	100.0
13:48:55:0	100.0	100.0	100.0	100.0	100.0	100.0	100.0	100.0	100.0	100.0	100.0	100.0	100.0	100.0	101.0	101.0	101.0
13:49:0:0	100.0	100.0	100.0	99.0	99.0	99.0	99.0	98.0	98.0	98.0	98.0	98.0	97.0	97.0	97.0	98.0	98.0	98.0
13:49:5:0	99.0	99.0	99.0	99.0	100.0	100.0	100.0	101.0	101.0	101.0	101.0	101.0	101.0	101.0	101.0	101.0
13:49:10:0	101.0	100.0	100.0	100.0	100.0	100.0	100.0	98.0	98.0	98.0	98.0	96.0	96.0	96.0	96.0	95.0	95.0	95.0
13:49:15:0	95.0	93.0	92.0	92.0	92.0	92.0	92.0	92.0	92.0	92.0	92.0	92.0	92.0	92.0	92.0	92.0
13:49:20:0	92.0	92.0	92.0	92.0	92.0	93.0	93.0	93.0	93.0	94.0	94.0	94.0	94.0	94.0	94.0	94.0	94.0	95.0	95.0
13:49:25:0	95.0	95.0	95.0	95.0	95.0	95.0	95.0	95.0	95.0	95.0	95.0	95.0	95.0	95.0	95.0	95.0	95.0
13:49:30:0	95.0	95.0	95.0	95.0	95.0	95.0	95.0	95.0	95.0	95.0	95.0	96.0	96.0	96.0	96.0	96.0	96.0
13:49:35:0	96.0	96.0	96.0	96.0	97.0	97.0	97.0	97.0	97.0	97.0	96.0	96.0	96.0	96.0	96.0	96.0	96.0	96.0	96.0
13:49:40:0	96.0	96.0	96.0	97.0	97.0	97.0	97.0	97.0	97.0	97.0	97.0	98.0	98.0	98.0	98.0	98.0	98.0	98.0	98.0
13:49:45:0	98.0	98.0	98.0	97.0	97.0	97.0	97.0	96.0	96.0	96.0	96.0	96.0	96.0	96.0	96.0	94.0	94.0
13:49:50:0	94.0	93.0	93.0	93.0	93.0	93.0	93.0	93.0	93.0	93.0	93.0	93.0	93.0	93.0	93.0	93.0
13:49:55:0	93.0	93.0	93.0	93.0	93.0	93.0	93.0	93.0	93.0	93.0	93.0	93.0	93.0	93.0	93.0	94.0	94.0	94.0
13:50:0:0	94.0	94.0	94.0	94.0	94.0	94.0	94.0	94.0	94.0	94.0	94.0	94.0	94.0	94.0	93.0	93.0	93.0	93.0	93.0	93.0
13:50:5:0	93.0	93.0	93.0	93.0	93.0	93.0	94.0	94.0	94.0	94.0	94.0	95.0	95.0	95.0	95.0	95.0	95.0	95.0	96.0
13:50:10:0	96.0	96.0	96.0	96.0	96.0	96.0	95.0	95.0	95.0	95.0	95.0	95.0	95.0	95.0	95.0	94.0	94.0	94.0
13:50:15:0	94.0	94.0	94.0	94.0	94.0	94.0	94.0	94.0	94.0	94.0	94.0	94.0	94.0	94.0	94.0
13:50:20:0	94.0	94.0	94.0	94.0	94.0	94.0	94.0	94.0	94.0	94.0	94.0	94.0	94.0	94.0	94.0	94.0	94.0	94.0	94.0	94.0
13:50:25:0	94.0	94.0	94.0	94.0	94.0	94.0	94.0	94.0	94.0	94.0	94.0	94.0	94.0	94.0	94.0	94.0	94.0
13:50:30:0	95.0	95.0	95.0	95.0	95.0	95.0	95.0	95.0	95.0	95.0	95.0	96.0	96.0	96.0	96.0	96.0
13:50:35:0	96.0	96.0	96.0	96.0	96.0	96.0	96.0	96.0	96.0	96.0	96.0	96.0	96.0	96.0	96.0	96.0	96.0
13:50:40:0	96.0	96.0	96.0	96.0	96.0	96.0	96.0	96.0	96.0	96.0	96.0	96.0	96.0	96.0	96.0	96.0
13:50:45:0	96.0	95.0	95.0	95.0	95.0	95.0	95.0	95.0	95.0	95.0	95.0	95.0	95.0	95.0	95.0	95.0	95.0	95.0	95.0
13:50:50:0	95.0	95.0	95.0	95.0	95.0	95.0	95.0	95.0	95.0	95.0	95.0	95.0	95.0	95.0	95.0	95.0	95.0	95.0	95.0
13:50:55:0	95.0	95.0	95.0	95.0	95.0	96.0	96.0	96.0	96.0	96.0	96.0	96.0	96.0	96.0	96.0	96.0	96.0	96.0
13:51:0:0	97.0	97.0	97.0	97.0	96.0	96.0	96.0	96.0	96.0	96.0	96.0	96.0	95.0	95.0	95.0	95.0	95.0	95.0	95.0
13:51:5:0	96.0	96.0	96.0	96.0	97.0	97.0	97.0	97.0	99.0	99.0	99.0	99.0	99.0	99.0	100.0	100.0	100.0	100.0
13:51:10:0	99.0	99.0	99.0	99.0	99.0	99.0	99.0	98.0	98.0	98.0	98.0	99.0	99.0	99.0	100.0	100.0
13:51:15:0	100.0	100.0	100.0	100.0	100.0	101.0	101.0	101.0	101.0	101.0	101.0	101.0	101.0	101.0	100.0	100.0	100.0	100.0	100.0	100.0	100.0
13:51:20:0	100.0	99.0	99.0	99.0	99.0	96.0	96.0	96.0	96.0	94.0	94.0	94.0	94.0	92.0	92.0	92.0	92.0	92.0	90.0	90.0
13:51:25:0	90.0	90.0	89.0	89.0	89.0	89.0	88.0	88.0	88.0	87.0	87.0	87.0	87.0	87.0	87.0	87.0	87.0
13:51:30:0	87.0	87.0	87.0	88.0	88.0	88.0	88.0	88.0	88.0	88.0	88.0	89.0	89.0	89.0	89.0	89.0	89.0	89.0	89.0	90.0	90.0
13:51:35:0	90.0	90.0	90.0	90.0	90.0	90.0	91.0	91.0	91.0	91.0	91.0	91.0	91.0	91.0	91.0	91.0	91.0	91.0	91.0
13:51:40:0	91.0	91.0	91.0	92.0	92.0	92.0	92.0	92.0	92.0	93.0	93.0	93.0	93.0	93.0	94.0	94.0	94.0	94.0
13:51:45:0	95.0	95.0	95.0	95.0	96.0	96.0	96.0	96.0	96.0	96.0	96.0	96.0	96.0	96.0	96.0	96.0	96.0	96.0	96.0	96.0
13:51:50:0	96.0	96.0	96.0	96.0	96.0	96.0	96.0	96.0	96.0	96.0	96.0	96.0	96.0	96.0	96.0	96.0	96.0	96.0	96.0
13:51:55:0	96.0	96.0	96.0	96.0	96.0	96.0	96.0	96.0	96.0	97.0	97.0	97.0	97.0	97.0	97.0	97.0	97.0	97.0	97.0
13:52:0:0	96.0	96.0	96.0	96.0	96.0	96.0	96.0	96.0	96.0	96.0	96.0	96.0	96.0	96.0	96.0	96.0	96.0	96.0	96.0
13:52:5:0	96.0	96.0	96.0	96.0	96.0	96.0	96.0	96.0	96.0	96.0	96.0	96.0	96.0	96.0	96.0	96.0	96.0	96.0	96.0
13:52:10:0	96.0	96.0	96.0	96.0	96.0	96.0	96.0	96.0	96.0	96.0	97.0	97.0	97.0	97.0	97.0	97.0	97.0	97.0
13:52:15:0	97.0	97.0	97.0	97.0	97.0	97.0	97.0	97.0	97.0	97.0	97.0	97.0	97.0	97.0	97.0	98.0
13:52:20:0	98.0	98.0	98.0	98.0	98.0	98.0	98.0	97.0	97.0	97.0	97.0	97.0	97.0	97.0	97.0	97.0	97.0	97.0	97.0	97.0
13:52:25:0	97.0	97.0	97.0	97.0	97.0	97.0	97.0	97.0	97.0	97.0	97.0	97.0	97.0	97.0	97.0	96.0	96.0	96.0
13:52:30:0	95.0	95.0	95.0	95.0	94.0	94.0	94.0	94.0	93.0	93.0	93.0	93.0	92.0	92.0	92.0	92.0	92.0	92.0	92.0	92.0
13:52:35:0	92.0	93.0	93.0	93.0	93.0	94.0	94.0	94.0	94.0	94.0	94.0	95.0	95.0	95.0	95.0
13:52:40:0	95.0	95.0	95.0	95.0	95.0	95.0	95.0	95.0	95.0	95.0	95.0	94.0	94.0	94.0	94.0	94.0	94.0	94.0
13:52:45:0	94.0	94.0	94.0	94.0	94.0	95.0	95.0	95.0	95.0	95.0	95.0	95.0	95.0	95.0	95.0	95.0	95.0	96.0	96.0
13:52:50:0	96.0	96.0	97.0	97.0	97.0	97.0	98.0	98.0	98.0	98.0	99.0	99.0	99.0	99.0	100.0	100.0	100.0	100.0	100.0	101.0
13:52:55:0	102.0	102.0	102.0	102.0	102.0	102.0	102.0	102.0	101.0	101.0	101.0	101.0	101.0	101.0	101.0	101.0
13:53:0:0	101.0	101.0	100.0	100.0	100.0	100.0	100.0	100.0	99.0	99.0	99.0	98.0	98.0	98.0	98.0	97.0
13:53:5:0	97.0	97.0	97.0	97.0	97.0	97.0	97.0	97.0	97.0	97.0	97.0	97.0	97.0	97.0	97.0	97.0	97.0	97.0	97.0	97.0
13:53:10:0	97.0	97.0	97.0	97.0	97.0	97.0	97.0	97.0	97.0	97.0	97.0	97.0	97.0	97.0	97.0	97.0	97.0
13:53:15:0	97.0	97.0	97.0	97.0	98.0	98.0	98.0	98.0	98.0	98.0	99.0	99.0	99.0	99.0	99.0	99.0	99.0	99.0
13:53:20:0	99.0	99.0	99.0	99.0	99.0	99.0	99.0	99.0	99.0	99.0	99.0	99.0	99.0	99.0	99.0
13:53:25:0	99.0	99.0	99.0	99.0	100.0	100.0	100.0	100.0	100.0	100.0	100.0	100.0	100.0	100.0	99.0	99.0	99.0
13:53:30:0	99.0	99.0	99.0	99.0	99.0	99.0	99.0	99.0	99.0	99.0	99.0	99.0	99.0	99.0	99.0	99.0	99.0	99.0	99.0	99.0
13:53:35:0	99.0	99.0	98.0	98.0	98.0	98.0	98.0	98.0	98.0	97.0	97.0	97.0	96.0	96.0	96.0	96.0	96.0
13:53:40:0	96.0	96.0	96.0	96.0	96.0	96.0	97.0	97.0	97.0	97.0	97.0	97.0	97.0	98.0	98.0	98.0	98.0	98.0
13:53:45:0	98.0	98.0	98.0	98.0	97.0	97.0	97.0	97.0	97.0	97.0	97.0	97.0	96.0	96.0	96.0	96.0	96.0	96.0	96.0	95.0
13:53:50:0	95.0	95.0	95.0	95.0	95.0	95.0	95.0	95.0	95.0	95.0	95.0	95.0	95.0	95.0	96.0	96.0	96.0
13:53:55:0	96.0	96.0	96.0	96.0	96.0	96.0	96.0	97.0	97.0	97.0	97.0	97.0	97.0	97.0	97.0	97.0
13:54:0:0	98.0	98.0	98.0	98.0	98.0	99.0	99.0	99.0	99.0	99.0	99.0	99.0	99.0	99.0	99.0	99.0	99.0	99.0	99.0	99.0	99.0
13:54:5:0	99.0	99.0	99.0	99.0	99.0	100.0	100.0	100.0	100.0	100.0	100.0	100.0	100.0	100.0	100.0	100.0	100.0	101.0	101.0
13:54:10:0	101.0	101.0	101.0	101.0	101.0	100.0	100.0	100.0	99.0	99.0	99.0	99.0	99.0	99.0	100.0	100.0
13:54:15:0	100.0	101.0	101.0	101.0	101.0	101.0	101.0	101.0	101.0	102.0	102.0	102.0	102.0	101.0	101.0	101.0	101.0	101.0	101.0
13:54:20:0	101.0	101.0	101.0	101.0	101.0	101.0	101.0	101.0	101.0	101.0	103.0	103.0	103.0	103.0	104.0	104.0	104.0	104.0	104.0	106.0
