17:12:23:0	68.0	68.0	68.0	68.0	68.0	68.0	69.0	69.0	69.0	69.0	69.0	69.0	69.0	69.0	70.0	70.0	70.0	71.0
17:12:28:0	71.0	71.0	71.0	74.0	74.0	74.0	74.0	76.0	76.0	76.0	76.0	79.0	79.0	79.0	79.0	81.0	81.0	81.0
17:12:33:0	83.0	83.0	83.0	83.0	83.0	83.0	83.0	83.0	84.0	84.0	84.0	84.0	85.0	85.0	85.0	85.0	86.0	86.0	86.0	86.0	86.0
17:12:38:0	87.0	87.0	87.0	87.0	87.0	87.0	87.0	87.0	87.0	87.0	87.0	87.0	87.0	86.0	86.0	86.0	86.0
17:12:43:0	84.0	84.0	84.0	84.0	84.0	82.0	82.0	82.0	82.0	80.0	80.0	80.0	78.0	77.0	77.0	77.0
17:12:48:0	77.0	76.0	76.0	76.0	76.0	76.0	76.0	76.0	76.0	76.0	75.0	75.0	75.0	75.0	74.0	74.0	74.0	74.0	74.0
17:12:53:0	74.0	74.0	75.0	75.0	76.0	76.0	76.0	76.0	76.0	76.0	76.0	77.0	77.0	77.0	77.0	77.0	78.0	78.0
17:12:58:0	78.0	78.0	78.0	78.0	78.0	79.0	79.0	79.0	79.0	80.0	80.0	80.0	80.0	81.0	81.0	81.0	81.0	82.0	82.0
17:13:3:0	82.0	82.0	82.0	82.0	82.0	82.0	82.0	82.0	82.0	81.0	81.0	81.0	81.0	81.0	81.0	81.0	81.0	81.0
17:13:8:0	81.0	81.0	81.0	82.0	82.0	82.0	82.0	82.0	82.0	82.0	82.0	82.0	82.0	82.0	82.0	82.0	83.0	83.0	83.0	83.0	83.0
17:13:13:0	83.0	83.0	83.0	83.0	83.0	83.0	83.0	83.0	83.0	83.0	83.0	83.0	83.0	83.0	83.0	83.0	83.0	83.0
17:13:18:0	85.0	85.0	85.0	86.0	86.0	87.0	87.0	87.0	88.0	88.0	88.0	88.0	88.0	88.0	88.0
17:13:23:0	88.0	88.0	88.0	88.0	88.0	87.0	87.0	87.0	87.0	86.0	86.0	86.0	85.0	85.0	85.0	85.0	85.0	85.0	85.0	85.0
17:13:28:0	84.0	84.0	84.0	84.0	84.0	84.0	84.0	84.0	84.0	83.0	83.0	83.0	83.0	83.0	83.0	83.0	82.0	82.0	82.0
17:13:33:0	82.0	82.0	82.0	82.0	82.0	82.0	82.0	82.0	82.0	82.0	82.0	82.0	82.0	82.0	82.0	82.0	82.0	83.0	83.0
17:13:38:0	83.0	83.0	84.0	84.0	84.0	84.0	84.0	84.0	84.0	84.0	85.0	85.0	85.0	85.0	85.0	85.0	85.0	85.0	85.0
17:13:43:0	85.0	86.0	86.0	86.0	86.0	86.0	87.0	87.0	87.0	88.0	88.0	88.0	88.0	89.0	89.0
17:13:48:0	89.0	89.0	89.0	88.0	88.0	88.0	88.0	87.0	87.0	87.0	87.0	86.0	86.0	86.0	86.0	84.0	84.0	84.0	84.0	82.0
17:13:53:0	82.0	82.0	82.0	82.0	82.0	82.0	82.0	82.0	82.0	82.0	82.0	82.0	82.0	82.0	82.0	82.0	84.0	84.0	84.0
17:13:58:0	84.0	84.0	84.0	84.0	85.0	85.0	85.0	85.0	85.0	85.0	85.0	85.0	85.0	85.0	85.0	86.0	86.0	86.0	86.0
17:14:3:0	87.0	87.0	87.0	87.0	87.0	87.0	87.0	87.0	87.0	87.0	87.0	87.0	86.0	86.0	86.0	86.0	84.0	84.0	84.0	84.0
17:14:8:0	84.0	83.0	83.0	83.0	83.0	82.0	82.0	82.0	82.0	82.0	82.0	82.0	82.0	83.0	83.0	83.0	83.0	84.0	84.0	84.0
17:14:13:0	84.0	86.0	86.0	86.0	86.0	86.0	88.0	88.0	88.0	88.0	90.0	90.0	90.0	90.0	91.0	91.0	91.0	91.0	91.0	91.0	91.0
17:14:18:0	91.0	90.0	90.0	90.0	90.0	88.0	88.0	88.0	88.0	88.0	87.0	87.0	87.0	85.0	85.0	84.0	84.0
17:14:23:0	84.0	84.0	82.0	82.0	82.0	82.0	81.0	81.0	81.0	81.0	79.0	79.0	79.0	79.0	79.0	77.0	77.0	77.0	77.0	75.0
17:14:28:0	75.0	75.0	75.0	74.0	77.0	77.0	77.0	77.0	79.0	79.0	79.0	80.0	80.0	80.0	80.0	82.0	82.0
17:14:33:0	82.0	82.0	82.0	82.0	82.0	82.0	83.0	83.0	83.0	83.0	82.0	82.0	82.0	82.0	82.0	82.0	82.0	82.0	82.0
17:14:38:0	82.0	82.0	82.0	82.0	82.0	83.0	83.0	83.0	83.0	83.0	83.0	83.0	83.0	83.0	83.0	83.0	83.0
17:14:43:0	83.0	83.0	83.0	83.0	82.0	82.0	82.0	82.0	82.0	82.0	82.0	82.0	82.0	82.0	82.0	82.0	82.0	82.0	82.0
17:14:48:0	82.0	81.0	81.0	81.0	81.0	81.0	81.0	81.0	81.0	81.0	81.0	81.0	81.0	81.0	81.0	81.0	81.0	81.0	81.0	81.0	81.0
17:14:53:0	81.0	80.0	80.0	80.0	79.0	79.0	79.0	79.0	79.0	79.0	79.0	79.0	80.0	80.0	80.0
17:14:58:0	80.0	80.0	80.0	80.0	80.0	80.0	81.0	81.0	81.0	81.0	80.0	80.0	80.0	80.0	79.0	79.0	79.0	79.0	76.0	76.0
17:15:3:0	76.0	76.0	75.0	75.0	75.0	75.0	74.0	74.0	74.0	74.0	74.0	75.0	75.0	75.0	75.0	77.0	77.0	77.0	77.0	79.0
17:15:8:0	79.0	79.0	81.0	81.0	81.0	81.0	82.0	82.0	82.0	82.0	81.0	81.0	81.0	81.0	81.0	80.0	80.0	80.0	80.0	79.0
17:15:13:0	79.0	79.0	79.0	79.0	79.0	79.0	79.0	79.0	79.0	79.0	79.0	79.0	79.0	79.0	79.0	79.0	79.0	79.0	79.0
17:15:18:0	79.0	79.0	79.0	79.0	79.0	79.0	79.0	79.0	79.0	79.0	79.0	79.0	79.0	80.0	80.0	80.0
17:15:23:0	81.0	81.0	82.0	82.0	82.0	82.0	82.0	82.0	82.0	82.0	82.0	82.0	82.0	82.0	82.0	81.0	81.0	81.0	81.0
17:15:28:0	81.0	81.0	81.0	81.0	81.0	81.0	82.0	82.0	82.0	82.0	82.0	84.0	84.0	84.0	84.0	86.0	86.0	86.0
17:15:33:0	86.0	87.0	87.0	87.0	87.0	88.0	88.0	88.0	88.0	86.0	86.0	86.0	86.0	84.0	84.0	84.0	84.0	84.0	83.0	83.0
17:15:38:0	83.0	83.0	82.0	82.0	82.0	82.0	82.0	82.0	82.0	82.0	83.0	83.0	83.0	84.0	84.0	84.0	84.0	84.0
17:15:43:0	84.0	84.0	84.0	84.0	84.0	84.0	83.0	83.0	83.0	83.0	81.0	81.0	81.0	81.0	80.0	80.0	80.0	80.0	79.0
17:15:48:0	79.0	79.0	79.0	79.0	79.0	80.0	80.0	80.0	80.0	80.0	80.0	80.0	80.0	80.0	80.0	80.0	80.0	79.0
17:15:53:0	79.0	79.0	79.0	79.0	79.0	79.0	79.0	78.0	78.0	78.0	78.0	77.0	77.0	77.0	77.0	77.0	77.0	77.0	77.0	77.0	77.0
17:15:58:0	77.0	77.0	77.0	78.0	79.0	79.0	79.0	79.0	80.0	80.0	80.0	80.0	80.0	80.0	80.0	80.0	80.0
17:16:3:0	81.0	81.0	81.0	81.0	81.0	81.0	81.0	81.0	81.0	81.0	81.0	81.0	81.0	81.0	81.0
17:16:8:0	81.0	81.0	81.0	81.0	80.0	80.0	80.0	80.0	80.0	79.0	79.0	79.0	78.0	78.0	78.0	78.0	77.0	77.0	77.0	77.0
17:16:13:0	78.0	78.0	78.0	78.0	79.0	79.0	79.0	79.0	79.0	79.0	79.0	79.0	79.0	80.0	80.0	80.0	80.0	80.0	80.0
17:16:18:0	80.0	79.0	79.0	79.0	79.0	79.0	79.0	79.0	79.0	78.0	78.0	78.0	78.0	78.0	78.0	78.0	78.0	78.0	77.0	77.0
17:16:23:0	77.0	77.0	78.0	78.0	78.0	79.0	79.0	79.0	81.0	81.0	81.0	83.0	83.0	83.0	83.0	84.0
17:16:28:0	84.0	84.0	84.0	84.0	83.0	83.0	83.0	82.0	82.0	82.0	80.0	80.0	80.0	80.0	80.0	80.0
17:16:33:0	80.0	80.0	80.0	80.0	80.0	80.0	81.0	81.0	81.0	81.0	81.0	82.0	82.0	82.0	82.0	83.0	83.0	83.0	82.0
17:16:38:0	82.0	82.0	82.0	81.0	81.0	81.0	80.0	80.0	80.0	80.0	77.0	77.0	77.0	77.0	77.0	77.0	77.0
17:16:43:0	78.0	78.0	78.0	79.0	79.0	79.0	79.0	79.0	79.0	79.0	79.0	79.0	79.0	79.0	78.0	78.0	78.0	78.0	78.0
17:16:48:0	77.0	77.0	77.0	77.0	75.0	75.0	75.0	75.0	74.0	74.0	74.0	74.0	73.0	73.0	73.0	73.0
17:16:53:0	74.0	74.0	74.0	74.0	74.0	74.0	74.0	74.0	75.0	75.0	75.0	75.0	75.0	75.0	75.0	75.0	74.0	74.0	74.0
17:16:58:0	74.0	74.0	74.0	74.0	74.0	75.0	75.0	75.0	75.0	75.0	76.0	76.0	76.0	78.0	78.0	78.0
17:17:3:0	78.0	78.0	78.0	78.0	78.0	78.0	78.0	78.0	78.0	77.0	77.0	77.0	77.0	75.0	75.0	75.0	75.0	75.0	74.0	74.0
17:17:8:0	74.0	74.0	74.0	74.0	74.0	74.0	74.0	74.0	74.0	74.0	75.0	75.0	75.0	75.0	76.0	76.0	76.0	77.0	77.0
17:17:13:0	77.0	77.0	77.0	79.0	79.0	79.0	79.0	79.0	79.0	79.0	80.0	80.0	80.0	79.0	79.0	79.0	79.0
17:17:18:0	79.0	79.0	79.0	78.0	78.0	78.0	78.0	78.0	78.0	78.0	78.0	78.0	77.0	77.0	77.0	77.0	77.0	77.0	77.0	77.0	78.0
17:17:23:0	78.0	78.0	78.0	79.0	79.0	79.0	79.0	79.0	79.0	79.0	79.0	80.0	80.0	80.0	80.0	79.0	79.0	79.0	79.0
17:17:28:0	79.0	79.0	79.0	79.0	77.0	77.0	77.0	77.0	76.0	76.0	76.0	76.0	74.0	74.0	74.0	74.0	74.0	74.0	74.0	74.0
17:17:33:0	74.0	74.0	74.0	74.0	74.0	75.0	75.0	75.0	75.0	77.0	77.0	77.0	77.0	77.0	77.0	77.0	77.0	77.0	77.0
17:17:38:0	77.0	77.0	77.0	77.0	77.0	77.0	77.0	77.0	77.0	77.0	77.0	78.0	78.0	78.0
17:17:43:0	78.0	78.0	78.0	78.0	78.0	79.0	79.0	79.0	79.0	79.0	79.0	79.0	79.0	79.0	79.0	79.0	79.0
17:17:48:0	80.0	80.0	80.0	80.0	81.0	81.0	81.0	81.0	82.0	82.0	82.0	84.0	84.0	84.0	84.0	85.0
17:17:53:0	85.0	85.0	85.0	85.0	85.0	85.0	85.0	85.0	85.0	83.0	83.0	83.0	83.0	82.0	82.0	82.0	81.0	81.0
17:17:58:0	81.0	81.0	80.0	80.0	80.0	80.0	80.0	80.0	80.0	80.0	81.0	81.0	81.0	82.0	82.0	82.0	82.0
17:18:3:0	83.0	83.0	84.0	84.0	84.0	84.0	84.0	84.0	84.0	83.0	83.0	83.0	83.0	82.0	82.0	82.0	82.0
17:18:8:0	80.0	80.0	80.0	78.0	78.0	78.0	78.0	78.0	78.0	78.0	78.0	79.0	79.0	79.0	79.0	79.0	80.0	80.0	80.0	80.0
17:18:13:0	81.0	81.0	81.0	81.0	82.0	82.0	82.0	82.0	82.0	82.0	82.0	82.0	83.0	83.0	83.0	83.0	83.0	83.0	83.0
17:18:18:0	83.0	83.0	83.0	83.0	84.0	84.0	84.0	85.0	85.0	85.0	87.0	87.0	87.0	87.0	87.0
17:18:23:0	87.0	87.0	87.0	87.0	87.0	87.0	85.0	85.0	85.0	85.0	84.0	84.0	84.0	83.0	83.0	83.0	82.0	82.0	82.0
17:18:28:0	82.0	82.0	82.0	82.0	82.0	82.0	82.0	82.0	82.0	82.0	82.0	82.0	82.0	81.0	81.0
17:18:33:0	81.0	81.0	81.0	81.0	81.0	80.0	80.0	80.0	80.0	79.0	79.0	79.0	79.0	79.0	79.0	79.0	79.0	79.0	79.0
17:18:38:0	79.0	79.0	79.0	81.0	81.0	81.0	81.0	83.0	83.0	83.0	83.0	84.0	84.0	84.0	84.0	84.0	84.0	84.0	84.0	84.0
17:18:43:0	84.0	84.0	84.0	82.0	82.0	82.0	82.0	81.0	81.0	81.0	81.0	79.0	79.0	79.0	79.0	79.0	79.0	79.0
17:18:48:0	79.0	79.0	79.0	79.0	79.0	79.0	79.0	79.0	79.0	79.0	79.0	79.0	79.0	79.0	79.0
17:18:53:0	79.0	79.0	79.0	79.0	79.0	79.0	79.0	79.0	79.0	79.0	79.0	80.0	80.0	80.0	80.0	80.0	80.0	80.0	80.0	80.0
17:18:58:0	79.0	79.0	79.0	79.0	79.0	79.0	79.0	79.0	80.0	80.0	80.0	80.0	81.0	81.0	81.0	81.0	81.0	81.0	81.0	81.0
17:19:3:0	81.0	82.0	82.0	82.0	82.0	82.0	82.0	82.0	82.0	82.0	82.0	82.0	82.0	82.0	82.0	82.0	83.0	83.0	83.0
17:19:8:0	83.0	84.0	84.0	84.0	84.0	84.0	84.0	85.0	85.0	85.0	85.0	85.0	85.0	85.0	85.0	85.0
17:19:13:0	85.0	85.0	85.0	85.0	85.0	85.0	84.0	84.0	84.0	84.0	84.0	84.0	84.0	84.0	84.0	84.0	85.0	85.0
17:19:18:0	85.0	85.0	87.0	87.0	87.0	87.0	89.0	89.0	89.0	91.0	91.0	91.0	92.0	92.0	92.0	92.0	93.0
17:19:23:0	93.0	93.0	93.0	94.0	94.0	94.0	94.0	95.0	95.0	95.0	95.0	95.0	95.0	95.0	95.0	96.0	96.0	96.0	96.0
17:19:28:0	95.0	95.0	95.0	95.0	95.0	95.0	95.0	94.0	94.0	94.0	94.0	93.0	93.0	93.0	93.0	91.0	91.0	91.0	91.0	90.0
17:19:33:0	90.0	90.0	90.0	88.0	88.0	88.0	88.0	88.0	86.0	86.0	86.0	86.0	83.0	83.0	83.0	83.0	82.0	82.0	82.0
17:19:38:0	81.0	81.0	81.0	81.0	81.0	81.0	82.0	82.0	82.0	82.0	82.0	82.0	82.0	82.0	82.0	82.0	82.0
17:19:43:0	82.0	82.0	82.0	82.0	82.0	81.0	81.0	81.0	81.0	80.0	80.0	80.0	80.0	79.0	79.0	79.0	79.0	79.0	79.0	79.0	79.0
17:19:48:0	79.0	77.0	77.0	77.0	76.0	76.0	76.0	75.0	75.0	75.0	75.0	75.0	75.0	75.0	75.0	75.0	75.0	75.0
17:19:53:0	75.0	75.0	75.0	75.0	75.0	75.0	75.0	75.0	75.0	75.0	75.0	75.0	75.0	75.0	74.0	74.0	74.0	74.0	74.0	74.0
17:19:58:0	74.0	74.0	73.0	73.0	73.0	73.0	73.0	73.0	73.0	73.0	73.0	73.0	73.0	73.0	73.0	73.0
17:20:3:0	73.0	73.0	73.0	74.0	74.0	74.0	75.0	75.0	75.0	77.0	77.0	77.0	77.0	77.0	77.0	77.0	77.0	77.0	77.0
17:20:8:0	77.0	77.0	77.0	77.0	77.0	77.0	77.0	76.0	76.0	74.0	74.0	74.0	74.0	73.0	73.0	73.0	73.0	73.0
17:20:13:0	73.0	73.0	73.0	73.0	73.0	73.0	73.0	73.0	75.0	75.0	75.0	75.0	75.0	75.0	75.0	75.0	75.0	75.0	75.0
17:20:18:0	74.0	74.0	74.0	74.0	74.0	74.0	74.0	74.0	74.0	73.0	73.0	73.0	73.0	73.0	73.0	73.0	73.0	73.0	73.0	73.0	73.0
17:20:23:0	74.0	74.0	74.0	74.0	75.0	75.0	75.0	75.0	75.0	75.0	75.0	75.0	75.0	76.0	76.0	76.0	76.0	76.0	76.0
17:20:28:0	76.0	76.0	76.0	76.0	76.0	76.0	76.0	76.0	76.0	77.0	77.0	77.0	77.0	77.0	77.0	77.0	77.0	78.0	78.0
17:20:33:0	78.0	78.0	78.0	78.0	78.0	78.0	79.0	79.0	79.0	79.0	80.0	80.0	80.0	80.0	81.0	81.0	81.0	83.0	83.0
17:20:38:0	83.0	84.0	84.0	84.0	84.0	86.0	86.0	86.0	86.0	87.0	87.0	87.0	87.0	88.0	88.0	88.0	88.0	89.0	89.0
17:20:43:0	89.0	89.0	90.0	90.0	90.0	90.0	91.0	91.0	91.0	91.0	91.0	92.0	92.0	92.0	93.0	93.0	93.0	93.0	93.0
17:20:48:0	93.0	93.0	93.0	92.0	92.0	92.0	92.0	92.0	92.0	92.0	90.0	90.0	90.0	90.0	89.0	89.0	89.0
17:20:53:0	87.0	85.0	85.0	85.0	85.0	83.0	83.0	83.0	83.0	81.0	81.0	81.0	81.0	80.0	80.0	80.0	80.0	81.0
17:20:58:0	81.0	81.0	81.0	81.0	81.0	81.0	81.0	81.0	82.0	82.0	82.0	82.0	82.0	82.0	82.0	82.0	82.0	82.0
17:21:3:0	83.0	83.0	83.0	83.0	82.0	82.0	82.0	82.0	82.0	82.0	82.0	82.0	82.0	81.0	81.0	81.0	81.0	81.0	81.0	81.0
17:21:8:0	81.0	80.0	80.0	80.0	80.0	80.0	80.0	80.0	80.0	80.0	80.0	79.0	79.0
17:21:13:0	79.0	79.0	79.0	79.0	80.0	80.0	80.0	80.0	81.0	81.0	81.0	81.0	81.0	81.0	81.0	81.0	81.0	81.0	81.0
17:21:18:0	81.0	80.0	80.0	80.0	80.0	79.0	79.0	79.0	79.0	79.0	79.0	79.0	80.0	80.0	80.0	80.0	81.0
17:21:23:0	81.0	81.0	82.0	82.0	82.0	82.0	82.0	82.0	82.0	82.0	82.0	82.0	82.0	82.0	82.0	81.0	81.0	81.0	81.0	80.0	80.0
17:21:28:0	80.0	80.0	78.0	78.0	78.0	78.0	76.0	76.0	76.0	76.0	76.0	75.0	75.0	75.0	75.0	74.0	74.0	74.0	75.0
17:21:33:0	75.0	75.0	77.0	77.0	77.0	77.0	80.0	80.0	80.0	80.0	80.0	80.0	80.0	80.0	80.0	80.0	80.0
17:21:38:0	78.0	78.0	78.0	77.0	77.0	77.0	77.0	76.0	76.0	76.0	76.0	77.0	77.0	77.0	77.0	79.0	79.0	79.0	79.0	79.0
17:21:43:0	80.0	80.0	80.0	80.0	82.0	82.0	82.0	82.0	83.0	83.0	83.0	83.0	83.0	83.0	84.0	84.0	84.0	84.0
17:21:48:0	83.0	83.0	83.0	83.0	82.0	82.0	82.0	82.0	82.0	81.0	81.0	81.0	81.0	79.0	79.0	79.0
17:21:53:0	79.0	79.0	79.0	79.0	79.0	78.0	78.0	78.0	78.0	78.0	78.0	78.0	78.0	77.0	77.0	76.0	76.0
17:21:58:0	76.0	76.0	76.0	76.0	76.0	76.0	75.0	75.0	75.0	75.0	75.0	75.0	75.0	76.0	76.0	79.0	79.0
17:22:3:0	79.0	79.0	82.0	82.0	82.0	82.0	85.0	85.0	85.0	85.0	87.0	87.0	87.0	87.0	89.0	89.0	89.0	89.0	89.0	89.0
17:22:8:0	89.0	89.0	89.0	88.0	88.0	88.0	88.0	88.0	88.0	88.0	86.0	86.0	85.0	85.0	85.0	85.0	83.0
17:22:13:0	83.0	83.0	83.0	81.0	81.0	81.0	81.0	80.0	80.0	80.0	80.0	79.0	79.0	78.0	78.0
17:22:18:0	78.0	78.0	78.0	79.0	79.0	79.0	79.0	79.0	79.0	79.0	79.0	79.0	79.0	79.0	79.0	78.0	78.0	78.0	78.0
