11:25:47.839
11:25:49.843:   [1, 0, 0],0, 0
11:25:51.846:   [2, 0, 0],0, 0
11:25:53.847:   [2, 0, 1],2, 0
11:25:55.848:   [3, 0, 1],0, 0
11:25:57.849:   [3, 1, 1],1, 0
11:25:59.850:   [3, 1, 2],2, 0
11:26:01.851:   [3, 1, 3],2, 0
11:26:03.852:   [4, 1, 3],0, 0
11:26:05.853:   [4, 2, 3],1, 0
11:26:07.855:   [4, 2, 4],2, 0
11:26:09.856:   [4, 3, 4],1, 0
11:26:11.857:   [4, 4, 4],1, 0
11:26:13.078:   Medium
11:26:13.858:   [4, 0, 4],1, 1
11:26:15.858:   [4, 0, 5],2, 0
11:26:17.858:   [5, 0, 5],0, 0
11:26:19.859:   [5, 0, 6],2, 0
11:26:21.860:   [5, 1, 6],1, 0
11:26:23.861:   [5, 2, 6],1, 0
11:26:25.862:   [6, 2, 6],0, 0
11:26:27.862:   [6, 3, 6],1, 0
11:26:29.862:   [7, 3, 6],0, 0
11:26:31.862:   [8, 3, 6],0, 0
11:26:33.862:   [9, 3, 6],0, 0
11:26:35.862:   [10, 3, 6],0, 0
11:26:37.862:   [10, 4, 6],1, 0
11:26:38.925:   Medium
11:26:39.862:   [10, 0, 6],1, 1
11:26:41.862:   [10, 1, 6],1, 0
11:26:43.863:   [10, 2, 6],1, 0
11:26:45.863:   [11, 2, 6],0, 0
11:26:47.863:   [11, 3, 6],1, 0
11:26:49.863:   [11, 3, 7],2, 0
11:26:51.863:   [12, 3, 7],0, 0
11:26:53.863:   [12, 4, 7],1, 0
11:26:55.863:   [13, 4, 7],0, 0
11:26:56.773:   Medium
11:26:57.863:   [13, 0, 7],1, 1
11:26:59.863:   [13, 0, 8],2, 0
11:27:01.864:   [13, 1, 8],1, 0
11:27:03.864:   [14, 1, 8],0, 0
11:27:05.864:   [14, 1, 9],2, 0
11:27:07.864:   [15, 1, 9],0, 0
11:27:09.864:   [15, 1, 10],2, 0
11:27:11.864:   [15, 1, 11],2, 0
11:27:13.864:   [15, 1, 12],2, 0
11:27:15.864:   [15, 2, 12],1, 0
11:27:17.865:   [16, 2, 12],0, 0
11:27:19.865:   [16, 2, 13],2, 0
11:27:21.865:   [17, 2, 13],0, 0
11:27:23.865:   [18, 2, 13],0, 0
11:27:25.865:   [18, 2, 14],2, 0
11:27:27.865:   [18, 3, 14],1, 0
11:27:29.865:   [19, 3, 14],0, 0
11:27:31.865:   [20, 3, 14],0, 0
11:27:33.865:   [20, 3, 15],2, 0
11:27:35.866:   [20, 3, 16],2, 0
11:27:37.866:   [20, 4, 16],1, 0
11:27:38.998:   Medium
11:27:39.866:   [20, 0, 16],1, 1
11:27:41.866:   [20, 0, 17],2, 0
11:27:43.866:   [20, 0, 18],2, 0
11:27:45.866:   [21, 0, 18],0, 0
11:27:47.866:   [21, 0, 19],2, 0
11:27:49.866:   [21, 1, 19],1, 0
11:27:51.866:   [21, 1, 20],2, 0
11:27:53.867:   [21, 2, 20],1, 0
11:27:55.867:   [21, 3, 20],1, 0
11:27:57.867:   [22, 3, 20],0, 0
11:27:59.867:   [22, 3, 21],2, 0
11:28:01.867:   [22, 3, 22],2, 0
11:28:03.867:   [22, 4, 22],1, 0
11:28:05.867:   [23, 4, 22],0, 0
11:28:07.109:   Medium
11:28:07.867:   [23, 0, 22],1, 1
11:28:09.867:   [23, 0, 23],2, 0
11:28:11.868:   [23, 1, 23],1, 0
11:28:13.868:   [23, 2, 23],1, 0
11:28:15.868:   [24, 2, 23],0, 0
11:28:17.868:   [25, 2, 23],0, 0
11:28:19.868:   [25, 3, 23],1, 0
11:28:21.868:   [25, 3, 24],2, 0
11:28:23.868:   [25, 3, 25],2, 0
11:28:25.868:   [25, 4, 25],1, 0
11:28:27.869:   [25, 4, 26],2, 0
11:28:28.886:   Medium
11:28:29.869:   [25, 0, 26],1, 1
11:28:31.869:   [25, 1, 26],1, 0
11:28:33.869:   [25, 2, 26],1, 0
11:28:35.869:   [25, 3, 26],1, 0
11:28:37.869:   [26, 3, 26],0, 0
11:28:39.869:   [27, 3, 26],0, 0
11:28:41.869:   [27, 4, 26],1, 0
11:28:43.869:   [28, 4, 26],0, 0
11:28:45.870:   [28, 4, 27],2, 0
11:28:47.870:   [29, 4, 27],0, 0
11:28:49.870:   [29, 4, 28],2, 0
11:28:51.870:   [29, 4, 29],2, 0
11:28:53.870:   [30, 4, 29],0, 0
11:28:54.934:   Medium
11:28:55.870:   [30, 0, 29],1, 1
11:28:57.870:   [31, 0, 29],0, 0
11:28:59.870:   [32, 0, 29],0, 0
11:29:01.870:   [32, 0, 30],2, 0
11:29:03.871:   [32, 0, 31],2, 0
11:29:05.871:   [33, 0, 31],0, 0
11:29:07.871:   [33, 0, 32],2, 0
11:29:09.871:   [34, 0, 32],0, 0
11:29:11.871:   [34, 0, 33],2, 0
11:29:13.871:   [34, 0, 34],2, 0
11:29:15.871:   [34, 0, 35],2, 0
11:29:17.871:   [35, 0, 35],0, 0
11:29:19.871:   [35, 1, 35],1, 0
11:29:21.872:   [35, 2, 35],1, 0
11:29:23.872:   [35, 2, 36],2, 0
11:29:25.872:   [35, 2, 37],2, 0
11:29:27.872:   [35, 2, 38],2, 0
11:29:29.872:   [35, 3, 38],1, 0
11:29:31.872:   [35, 4, 38],1, 0
11:29:32.886:   Medium
11:29:33.872:   [35, 0, 38],1, 1
11:29:35.872:   [36, 0, 38],0, 0
11:29:37.873:   [36, 0, 39],2, 0
11:29:39.873:   [36, 0, 40],2, 0
11:29:41.873:   [36, 0, 41],2, 0
11:29:43.873:   [36, 1, 41],1, 0
11:29:45.873:   [37, 1, 41],0, 0
11:29:47.873:   [37, 2, 41],1, 0
11:29:49.873:   [38, 2, 41],0, 0
11:29:51.873:   [38, 2, 42],2, 0
11:29:53.873:   [38, 2, 43],2, 0
11:29:55.874:   [39, 2, 43],0, 0
11:29:57.874:   [40, 2, 43],0, 0
11:29:59.874:   [41, 2, 43],0, 0
11:30:01.874:   [41, 2, 44],2, 0
11:30:03.874:   [41, 3, 44],1, 0
11:30:05.874:   [42, 3, 44],0, 0
11:30:07.895:   [42, 3, 45],2, 0
11:30:09.895:   [42, 4, 45],1, 0
11:30:11.895:   [42, 4, 46],2, 0
11:30:13.896:   [42, 4, 47],2, 0
11:30:14.942:   Medium
11:30:15.896:   [42, 0, 47],1, 1
11:30:17.897:   [43, 0, 47],0, 0
11:30:19.897:   [44, 0, 47],0, 0
11:30:21.897:   [44, 0, 48],2, 0
11:30:23.897:   [45, 0, 48],0, 0
11:30:25.897:   [45, 0, 49],2, 0
11:30:27.897:   [45, 1, 49],1, 0
11:30:29.897:   [45, 2, 49],1, 0
11:30:31.898:   [45, 3, 49],1, 0
11:30:33.898:   [46, 3, 49],0, 0
11:30:35.898:   [47, 3, 49],0, 0
11:30:37.898:   [47, 4, 49],1, 0
11:30:39.898:   [48, 4, 49],0, 0
11:30:41.446:   Medium
11:30:41.898:   [48, 0, 49],1, 1
11:30:43.898:   [48, 1, 49],1, 0
11:30:45.898:   [49, 1, 49],0, 0
11:30:47.899:   [50, 1, 49],0, 0
11:30:49.899:   [50, 1, 50],2, 0
11:30:51.899:   [51, 1, 50],0, 0
11:30:53.899:   [51, 1, 51],2, 0
11:30:55.899:   [52, 1, 51],0, 0
11:30:57.899:   [52, 1, 52],2, 0
11:30:59.899:   [52, 2, 52],1, 0
11:31:01.899:   [52, 3, 52],1, 0
11:31:03.899:   [52, 3, 53],2, 0
11:31:05.900:   [52, 3, 54],2, 0
11:31:07.900:   [52, 4, 54],1, 0
11:31:09.900:   [53, 4, 54],0, 0
11:31:11.006:   Medium
11:31:11.900:   [53, 0, 54],1, 1
11:31:13.900:   [53, 0, 55],2, 0
11:31:15.900:   [53, 1, 55],1, 0
11:31:17.900:   [53, 2, 55],1, 0
11:31:19.900:   [53, 2, 56],2, 0
11:31:21.900:   [53, 3, 56],1, 0
11:31:23.901:   [54, 3, 56],0, 0
11:31:25.901:   [55, 3, 56],0, 0
11:31:27.901:   [55, 4, 56],1, 0
11:31:29.901:   [55, 4, 57],2, 0
11:31:31.901:   [56, 4, 57],0, 0
11:31:33.901:   [56, 4, 58],2, 0
11:31:34.886:   Medium
11:31:35.901:   [56, 0, 58],1, 1
11:31:37.901:   [57, 0, 58],0, 0
11:31:39.901:   [57, 1, 58],1, 0
11:31:41.902:   [57, 2, 58],1, 0
11:31:43.902:   [57, 2, 59],2, 0
11:31:45.902:   [58, 2, 59],0, 0
11:31:47.902:   [58, 3, 59],1, 0
11:31:49.902:   [58, 4, 59],1, 0
11:31:51.902:   [59, 4, 59],0, 0
11:31:53.902:   [60, 4, 59],0, 0
11:31:55.902:   [61, 4, 59],0, 0
11:31:57.903:   [61, 4, 60],2, 0
11:31:59.150:   Medium
11:31:59.903:   [61, 0, 60],1, 1
11:32:01.903:   [61, 0, 61],2, 0
11:32:03.903:   [61, 1, 61],1, 0
11:32:05.903:   [61, 2, 61],1, 0
11:32:07.903:   [61, 3, 61],1, 0
11:32:09.903:   [62, 3, 61],0, 0
11:32:11.903:   [62, 3, 62],2, 0
11:32:13.903:   [62, 4, 62],1, 0
11:32:14.998:   Medium
11:32:15.904:   [62, 0, 62],1, 1
11:32:17.904:   [63, 0, 62],0, 0
11:32:19.904:   [63, 1, 62],1, 0
11:32:21.904:   [63, 1, 63],2, 0
11:32:23.904:   [64, 1, 63],0, 0
11:32:25.904:   [65, 1, 63],0, 0
11:32:27.904:   [65, 1, 64],2, 0
11:32:29.904:   [66, 1, 64],0, 0
11:32:31.904:   [67, 1, 64],0, 0
11:32:33.905:   [67, 2, 64],1, 0
11:32:35.905:   [67, 3, 64],1, 0
11:32:37.905:   [68, 3, 64],0, 0
11:32:39.905:   [69, 3, 64],0, 0
11:32:41.905:   [69, 3, 65],2, 0
11:32:43.905:   [69, 3, 66],2, 0
11:32:45.905:   [69, 4, 66],1, 0
11:32:47.905:   [69, 4, 67],2, 0
11:32:49.906:   [70, 4, 67],0, 0
11:32:51.906:   [71, 4, 67],0, 0
11:32:53.054:   Medium
11:32:53.906:   [71, 0, 67],1, 1
11:32:55.906:   [71, 1, 67],1, 0
11:32:57.906:   [71, 2, 67],1, 0
11:32:59.906:   [71, 3, 67],1, 0
11:33:01.906:   [72, 3, 67],0, 0
11:33:03.906:   [72, 3, 68],2, 0
11:33:05.906:   [72, 3, 69],2, 0
11:33:07.907:   [73, 3, 69],0, 0
11:33:09.907:   [74, 3, 69],0, 0
11:33:10.976:   Medium
11:33:11.907:   [74, 0, 69],1, -1
11:33:13.907:   [74, 1, 69],1, 0
11:33:15.907:   [74, 2, 69],1, 0
11:33:17.907:   [75, 2, 69],0, 0
11:33:19.907:   [75, 2, 70],2, 0
11:33:21.907:   [75, 3, 70],1, 0
11:33:23.907:   [75, 4, 70],1, 0
11:33:25.110:   Medium
11:33:25.908:   [75, 0, 70],1, 1
11:33:27.908:   [76, 0, 70],0, 0
11:33:29.908:   [76, 1, 70],1, 0
11:33:31.908:   [76, 1, 71],2, 0
11:33:33.908:   [76, 2, 71],1, 0
11:33:35.908:   [77, 2, 71],0, 0
11:33:37.908:   [77, 2, 72],2, 0
11:33:39.908:   [78, 2, 72],0, 0
11:33:41.908:   [78, 3, 72],1, 0
11:33:43.909:   [78, 4, 72],1, 0
11:33:45.909:   [78, 4, 73],2, 0
11:33:46.998:   Medium
11:33:47.909:   [78, 0, 73],1, 1
11:33:49.909:   [78, 1, 73],1, 0
11:33:51.909:   [78, 2, 73],1, 0
11:33:53.909:   [78, 3, 73],1, 0
11:33:55.909:   [78, 4, 73],1, 0
11:33:57.909:   [78, 4, 74],2, 0
11:33:59.101:   Medium
11:33:59.910:   [78, 0, 74],1, 1
11:34:01.910:   [78, 0, 75],2, 0
11:34:03.910:   [78, 0, 76],2, 0
11:34:05.910:   [78, 0, 77],2, 0
11:34:07.910:   [78, 1, 77],1, 0
11:34:09.910:   [79, 1, 77],0, 0
11:34:11.910:   [79, 1, 78],2, 0
11:34:13.910:   [80, 1, 78],0, 0
11:34:15.910:   [80, 1, 79],2, 0
11:34:17.911:   [80, 1, 80],2, 0
11:34:19.911:   [80, 2, 80],1, 0
11:34:21.911:   [80, 3, 80],1, 0
11:34:23.911:   [80, 3, 81],2, 0
11:34:25.911:   [81, 3, 81],0, 0
11:34:27.911:   [82, 3, 81],0, 0
11:34:29.911:   [82, 4, 81],1, 0
11:34:31.911:   [83, 4, 81],0, 0
11:34:33.911:   [84, 4, 81],0, 0
11:34:35.286:   Medium
11:34:35.912:   [84, 0, 81],1, 1
11:34:37.912:   [85, 0, 81],0, 0
11:34:39.912:   [85, 0, 82],2, 0
11:34:41.912:   [85, 0, 83],2, 0
11:34:43.912:   [85, 1, 83],1, 0
11:34:45.912:   [86, 1, 83],0, 0
11:34:47.912:   [87, 1, 83],0, 0
11:34:49.912:   [87, 1, 84],2, 0
11:34:51.912:   [87, 2, 84],1, 0
11:34:53.913:   [87, 2, 85],2, 0
11:34:55.913:   [88, 2, 85],0, 0
11:34:57.913:   [89, 2, 85],0, 0
11:34:59.913:   [89, 3, 85],1, 0
11:35:01.913:   [89, 4, 85],1, 0
11:35:03.913:   [89, 4, 86],2, 0
11:35:05.913:   [89, 4, 87],2, 0
11:35:07.913:   [90, 4, 87],0, 0
11:35:09.914:   [90, 4, 88],2, 0
11:35:11.914:   [90, 4, 89],2, 0
11:35:13.914:   [91, 4, 89],0, 0
11:35:15.914:   [92, 4, 89],0, 0
11:35:17.102:   Medium
11:35:17.914:   [92, 0, 89],1, 1
11:35:19.914:   [92, 1, 89],1, 0
11:35:21.914:   [93, 1, 89],0, 0
11:35:23.914:   [93, 1, 90],2, 0
11:35:25.914:   [94, 1, 90],0, 0
11:35:27.915:   [94, 1, 91],2, 0
11:35:29.915:   [94, 1, 92],2, 0
11:35:31.915:   [94, 2, 92],1, 0
11:35:33.915:   [95, 2, 92],0, 0
11:35:35.915:   [96, 2, 92],0, 0
11:35:37.915:   [96, 2, 93],2, 0
11:35:39.915:   [96, 2, 94],2, 0
11:35:41.915:   [96, 3, 94],1, 0
11:35:43.915:   [96, 3, 95],2, 0
11:35:45.916:   [97, 3, 95],0, 0
11:35:47.916:   [97, 3, 96],2, 0
Tone 1 count: 97
Tone 2 count: 107
Tone 3 count: 96
Correct: 20; False Positive: 1
