10:21:28:0	68.0	68.0	68.0	68.0	68.0	68.0	68.0	68.0	68.0	68.0	67.0	67.0	67.0	67.0	67.0	67.0	67.0	67.0
10:21:33:0	66.0	66.0	66.0	66.0	66.0	66.0	66.0	66.0	66.0	66.0	66.0	67.0
10:21:38:0	67.0	68.0	68.0	68.0	68.0	67.75	67.5	67.25
10:21:43:0	67.0	66.75	66.5	66.25	66.0
10:21:48:0	65.75	65.5	65.25	65.0	64.75
10:21:53:0	64.5	64.25	64.0	63.75	63.5
10:21:58:0	63.25	63.0	63.0	63.0	63.0	62.0	62.0	62.0	61.57142857142857
10:22:3:0	61.14285714285714	60.71428571428571	60.28571428571428	59.85714285714285	59.428571428571416
10:22:8:0	58.999999999999986	59.0	60.0	60.0	60.0	60.0	60.0	60.0	60.0
10:22:13:0	60.0	60.0	60.0	60.0	60.0	60.0	60.0	60.0	60.0	60.0
10:22:18:0	60.0	60.333333333333336	60.66666666666667	61.00000000000001	61.0	61.2
10:22:23:0	61.400000000000006	61.60000000000001	61.80000000000001	62.000000000000014	62.20000000000002
10:22:28:0	62.40000000000002	62.60000000000002	62.800000000000026	63.00000000000003	63.0	63.0	63.0
10:22:33:0	63.0	63.0	63.142857142857146	63.28571428571429	63.42857142857144	63.571428571428584
10:22:38:0	63.71428571428573	63.857142857142875	64.00000000000001	64.14285714285715	64.28571428571429
10:22:43:0	64.42857142857143	64.57142857142857	64.71428571428571	64.85714285714285	64.99999999999999	65.0
10:22:48:0	65.0	65.42857142857143	65.85714285714286	66.28571428571429	66.71428571428572
10:22:53:0	67.14285714285715	67.57142857142858	68.00000000000001	68.0	68.0	68.0	68.0	68.0	68.0	68.0	68.0
10:22:58:0	68.0	68.0	68.0	69.0	69.0	69.0	69.0	70.0	70.0	70.0	70.0	70.0	71.0	71.0	71.0	71.0
10:23:3:0	72.0	72.0	72.0	72.0	72.0	73.0	73.0	73.0	73.0	73.0	73.0	73.0	72.0	72.0
10:23:8:0	72.0	72.0	72.0	72.0	71.0	71.0	71.0	71.0	71.0	70.0	70.0	70.0
10:23:13:0	70.0	70.0	70.0	70.0	70.0	70.0	68.0	68.0	67.0	67.0	67.0	66.0	66.0	66.0	66.0	65.0
10:23:18:0	65.0	65.0	65.0	65.0	65.0	66.0	66.0	66.0	66.0	66.0	66.5	67.0	67.0
10:23:23:0	67.0	67.0	68.0	68.0	68.0	68.0	68.14285714285714	68.28571428571428	68.42857142857142
10:23:28:0	68.57142857142856	68.7142857142857	68.85714285714283	68.99999999999997	69.0	69.0
10:23:33:0	68.0	68.0	68.0	68.0	68.0	68.0	68.0	68.0	69.0
10:23:38:0	69.5	70.0	70.0	70.0	70.0	70.0	70.0	70.0	70.0	70.0	70.0	69.0	69.0	69.0	69.0
10:23:43:0	69.0	69.0	69.0	69.0	69.0	69.0	69.0	69.0	69.0	69.0	69.0	70.0	70.0
10:23:48:0	69.0	69.0	68.0	68.0	68.0	67.0	67.0	67.0	67.0	67.0	67.0
10:23:53:0	67.0	67.0	67.0	67.0	67.0	67.0	67.0	67.0	67.0	68.0	68.5
10:23:58:0	69.0	69.0	71.0	71.0	71.0	72.0	73.0	74.0	74.0	74.0	74.0	74.0	74.0	74.0
10:24:3:0	73.0	72.0	72.0	72.0	72.0	71.0	71.0	71.0	71.0	70.0	70.0	70.0	69.0
10:24:8:0	69.0	69.0	70.0	70.0	70.0	72.0	72.0	72.0	74.0	74.0	74.0	75.0	75.0	75.0	75.0	75.0
10:24:13:0	76.0	76.0	75.0	75.0	75.0	75.0	75.0	75.0	75.0	75.0	73.0	73.0	73.0	73.0	72.0	72.0	72.0	72.0	70.0
10:24:18:0	70.0	70.0	70.0	70.0	67.0	67.0	67.0	65.0	65.0	65.0	65.0	63.0	63.0	63.0	61.0	61.0	61.0
10:24:23:0	60.0	60.0	60.0	60.0	60.0	61.0	61.0	61.0	61.0	62.0	62.0	62.0	64.0	64.0	64.0	64.0
10:24:28:0	65.0	65.0	65.0	65.0	66.0	66.0	66.0	66.0	67.0	67.0	67.0	67.0	68.0	68.0	68.0	68.0	68.0	67.0	67.0	67.0
10:24:33:0	67.0	67.0	67.0	67.0	67.0	66.0	66.0	66.0	66.0	66.0	66.0	66.0	66.0	66.0	66.0	66.0	66.0	66.0
10:24:38:0	66.0	66.0	66.0	66.0	66.0	66.0	67.0	67.0	67.0	67.0	68.0	68.0	68.0	68.0	68.0	68.0	68.0	69.0	69.0
10:24:43:0	69.0	68.0	68.0	68.0	68.0	67.0	67.0	67.0	66.0	66.0	66.0	64.0	64.0	64.0	64.0	63.0	63.0
10:24:48:0	63.0	63.0	62.0	62.0	62.0	62.0	62.0	62.0	62.0	62.0	62.0	62.0	62.0	62.0	62.0	62.0	62.0	62.0	62.0	62.0
10:24:53:0	62.0	62.0	62.0	63.0	63.0	63.0	63.0	64.0	64.0	64.0	64.0	65.0	65.0	65.0	65.0	65.0	65.0	65.0	65.0	66.0
10:24:58:0	66.0	66.0	66.0	66.0	66.0	66.0	66.0	66.0	66.0	66.0	66.0	66.0	66.0	66.0	66.0	66.0	66.0
10:25:3:0	67.0	67.0	67.0	67.0	68.0	68.0	68.0	68.0	69.0	69.0	69.0	69.0	69.0	69.0	69.0	70.0	70.0	70.0	70.0
10:25:8:0	70.0	70.0	70.0	70.0	70.0	70.0	70.0	69.0	69.0	69.0	69.0	68.0	68.0	68.0	68.0	67.0	67.0	67.0	67.0
10:25:13:0	67.0	67.0	67.0	67.0	66.0	66.0	66.0	66.0	66.0	66.0	66.0	65.0	65.0	65.0	65.0	65.0	65.0	65.0
10:25:18:0	65.0	65.0	65.0	65.0	65.0	66.0	66.0	66.0	66.0	67.0	67.0	67.0	67.0	68.0	68.0	68.0	68.0	68.0	68.0	68.0
10:25:23:0	68.0	68.0	69.0	69.0	69.0	69.0	68.0	68.0	68.0	68.0	68.0	68.0	68.0	68.0	66.0	66.0	66.0
10:25:28:0	66.0	66.0	66.0	66.0	66.0	66.0	67.0	67.0	67.0	67.0	67.0	67.0	67.0	67.0
10:25:33:0	67.0	67.0	67.0	67.0	68.0	68.0	68.0	68.0	68.0	68.0	68.0	68.0	68.0	68.0	68.0	68.0	68.0	69.0
10:25:38:0	69.0	69.0	69.0	70.0	70.0	70.0	71.0	71.0	71.0	70.0	70.0	70.0	70.0	69.0	69.0	69.0
10:25:43:0	68.0	68.0	68.0	68.0	68.0	68.0	68.0	68.0	68.0	68.0	68.0	68.0	68.0	67.0	67.0	67.0	67.0	67.0
10:25:48:0	67.0	67.0	67.0	67.0	67.0	67.0	67.0	67.0	68.0	68.0	68.0	68.0	67.0	67.0	67.0	67.0	67.0	67.0	67.0
10:25:53:0	67.0	67.0	67.0	67.0	67.0	67.0	67.0	67.0	67.0	67.0	67.0	67.0	67.0
10:25:58:0	67.0	67.0	67.0	67.0	66.0	66.0	66.0	66.0	66.0	66.0	66.0	66.0	66.0	66.0	66.0	66.0	66.0	66.0	66.0	66.0
10:26:3:0	66.0	66.0	66.0	66.0	66.0	66.0	66.0	66.0	66.0	66.0	66.0	66.0	66.0	66.0	66.0	66.0	66.0	66.0	66.0	66.0
10:26:8:0	66.0	66.0	65.0	65.0	65.0	65.0	65.0	65.0	65.0	65.0	65.0	65.0	65.0	66.0	66.0	66.0	66.0	67.0
10:26:13:0	67.0	67.0	68.0	68.0	68.0	68.0	68.0	69.0	69.0	69.0	69.0	69.0	69.0	69.0	69.0	68.0	68.0	68.0	68.0	68.0	68.0
10:26:18:0	68.0	68.0	68.0	68.0	68.0	68.0	69.0	69.0	69.0	69.0	69.0	68.0	68.0	68.0	68.0
10:26:23:0	68.0	68.0	68.0	67.0	67.0	67.0	67.0	67.0	67.0	67.0	67.0	67.0	67.0	67.0	67.0	67.0	68.0	68.0	68.0	68.0
10:26:28:0	68.0	68.0	68.0	68.0	68.0	68.0	68.0	68.0	68.0	68.0	68.0	68.0	68.0	68.0	68.0	68.0	68.0	68.0
10:26:33:0	68.0	68.0	68.0	68.0	68.0	68.0	68.0	68.0	69.0	69.0	69.0	69.0	69.0	69.0	69.0	69.0	69.0	69.0	69.0
10:26:38:0	68.0	68.0	68.0	68.0	67.0	67.0	67.0	67.0	67.0	67.0	67.0	67.0	67.0	68.0	68.0	68.0	68.0	69.0	69.0	69.0
10:26:43:0	69.0	70.0	70.0	70.0	70.0	70.0	70.0	70.0	70.0	70.0	70.0	68.0	68.0	68.0	68.0	68.0	68.0
10:26:48:0	68.0	68.0	68.0	68.0	68.0	68.0	68.0	68.0	68.0	67.0	67.0	67.0	67.0	67.0	67.0	67.0	66.0	66.0
10:26:53:0	66.0	66.0	66.0	66.0	66.0	66.0	66.0	66.0	66.0	66.0	66.0	66.0	66.0	66.0	66.0	66.0	67.0	67.0
10:26:58:0	67.0	67.0	67.0	67.0	67.0	67.0	67.0	67.0	67.0	67.0	67.0	67.0	67.0	67.0	67.0	67.0	67.0	67.0	67.0	67.0
10:27:3:0	67.0	67.0	67.0	67.0	67.0	67.0	67.0	67.0	67.0	67.0	67.0	67.0	68.0	68.0	68.0	70.0	70.0	70.0	72.0
10:27:8:0	72.0	72.0	73.0	73.0	74.0	74.0	74.0	75.0	75.0	75.0	75.0	76.0	76.0	76.0	76.0
10:27:13:0	76.0	76.0	76.0	76.0	76.0	76.0	76.0	76.0	76.0	76.0	76.0	76.0	75.0	75.0	75.0	75.0	73.0	73.0	73.0	73.0
10:27:18:0	73.0	72.0	72.0	72.0	72.0	69.0	69.0	69.0	69.0	68.0	68.0	68.0	68.0	68.0	68.0	68.0	68.0	67.0	67.0	67.0
10:27:23:0	67.0	67.0	67.0	67.0	67.0	68.0	68.0	68.0	68.0	68.0	68.0	68.0	68.0	68.0	68.0	68.0	68.0	68.0	68.0	68.0
10:27:28:0	68.0	68.0	68.0	68.0	67.0	67.0	67.0	67.0	67.0	67.0	68.0	68.0	68.0	69.0	69.0
10:27:33:0	69.0	70.0	70.0	70.0	71.0	71.0	71.0	71.0	72.0	72.0	72.0	72.0	73.0	73.0	73.0	73.0	73.0
10:27:38:0	74.0	73.0	73.0	73.0	73.0	73.0	73.0	73.0	72.0	72.0	72.0	72.0	71.0	71.0	71.0	71.0	70.0	70.0
10:27:43:0	70.0	70.0	69.0	69.0	69.0	69.0	69.0	69.0	69.0	69.0	69.0	69.0	69.0	69.0	69.0	69.0	69.0
10:27:48:0	69.0	69.0	69.0	69.0	69.0	69.0	69.0	70.0	70.0	70.0	70.0	70.0	69.0	69.0	69.0	69.0	69.0	69.0	69.0	69.0
10:27:53:0	68.0	68.0	68.0	68.0	67.0	67.0	67.0	65.0	65.0	65.0	64.0	64.0	64.0	64.0	64.0	64.0	64.0	64.0
10:27:58:0	65.0	65.0	65.0	66.0	66.0	66.0	67.0	67.0	67.0	67.0	69.0	69.0	69.0	70.0	70.0	70.0	70.0
10:28:3:0	70.0	70.0	70.0	70.0	70.0	70.0	70.0	70.0	70.0	70.0	70.0	70.0	70.0	70.0	70.0	70.0	70.0	70.0	70.0
10:28:8:0	70.0	69.0	69.0	69.0	69.0	69.0	69.0	69.0	69.0	69.0	69.0	69.0	69.0	69.0	69.0	69.0
10:28:13:0	69.0	69.0	69.0	69.0	69.0	69.0	69.0	69.0	69.0	69.0	69.0	69.0	69.0	70.0	70.0	70.0	71.0	71.0
10:28:18:0	71.0	71.0	71.0	71.0	71.0	72.0	72.0	72.0	72.0	72.0	72.0	71.0	71.0	71.0	71.0	71.0	70.0
10:28:23:0	70.0	70.0	70.0	69.0	69.0	69.0	69.0	67.0	67.0	67.0	66.0	66.0	66.0	66.0	65.0	65.0	65.0	65.0	65.0
10:28:28:0	65.0	65.0	65.0	65.0	65.0	65.0	65.0	65.0	66.0	66.0	66.0	66.0	67.0	67.0	67.0	67.0	68.0	68.0	68.0	68.0
10:28:33:0	68.0	67.0	67.0	67.0	67.0	67.0	67.0	67.0	67.0	66.0	66.0	66.0	67.0	67.0	67.0	67.0
10:28:38:0	68.0	68.0	68.0	68.0	69.0	69.0	69.0	69.0	71.0	71.0	71.0	72.0	72.0	72.0	72.0	72.0	72.0	72.0
10:28:43:0	72.0	73.0	73.0	73.0	73.0	73.0	73.0	72.0	72.0	72.0	72.0	71.0	71.0	71.0	71.0	70.0	70.0	70.0
10:28:48:0	70.0	69.0	69.0	69.0	69.0	69.0	69.0	69.0	69.0	68.0	68.0	68.0	68.0	66.0	66.0	66.0	66.0	65.0	65.0	65.0
10:28:53:0	65.0	65.0	65.0	65.0	65.0	65.0	65.0	65.0	65.0	65.0	65.0	65.0	65.0	65.0	66.0	66.0	66.0	66.0	67.0
10:28:58:0	67.0	68.0	68.0	68.0	68.0	68.0	68.0	68.0	68.0	68.0	68.0	68.0	68.0	68.0	68.0	68.0	68.0	68.0
10:29:3:0	68.0	68.0	68.0	68.0	68.0	68.0	69.0	69.0	69.0	69.0	70.0	70.0	70.0	71.0	71.0	71.0	70.0
10:29:8:0	70.0	70.0	70.0	69.0	69.0	69.0	69.0	69.0	69.0	69.0	69.0	68.0	68.0	68.0	68.0	68.0
10:29:13:0	68.0	68.0	68.0	68.0	68.0	68.0	68.0	68.0	68.0	68.0	68.0	68.0	69.0	69.0	69.0	70.0	70.0	70.0
10:29:18:0	72.0	72.0	72.0	72.0	73.0	73.0	73.0	73.0	73.0	73.0	73.0	73.0	73.0	73.0	73.0	73.0	73.0	71.0	71.0	71.0	71.0
10:29:23:0	70.0	70.0	70.0	70.0	69.0	69.0	69.0	68.0	68.0	68.0	68.0	68.0	68.0	68.0	67.0	67.0
10:29:28:0	67.0	66.0	66.0	66.0	66.0	66.0	66.0	66.0	66.0	66.0	66.0	66.0	66.0	65.0
10:29:33:0	65.0	65.0	65.0	65.0	65.0	65.0	65.0	65.0	65.0	65.0	65.0	65.0	65.0	66.0	66.0	66.0	66.0	67.0	67.0
10:29:38:0	67.0	68.0	68.0	68.0	68.0	68.0	70.0	70.0	70.0	70.0	70.0	70.0	70.0	70.0	71.0	71.0	71.0	71.0	71.0	71.0
10:29:43:0	71.0	71.0	71.0	71.0	71.0	71.0	71.0	71.0	71.0	71.0	72.0	72.0	71.0	71.0	71.0	71.0	71.0
10:29:48:0	71.0	71.0	71.0	71.0	71.0	71.0	71.0	71.0	71.0	71.0	71.0	71.0	71.0	71.0	71.0	71.0	71.0	71.0	72.0
10:29:53:0	72.0	72.0	72.0	72.0	72.0	73.0	73.0	73.0	73.0	73.0	73.0	73.0	74.0	74.0	74.0
10:29:58:0	73.0	73.0	73.0	73.0	73.0	73.0	73.0	72.0	72.0	72.0	72.0	72.0	72.0	72.0	71.0	71.0	71.0	71.0
10:30:3:0	70.0	70.0	70.0	70.0	69.0	69.0	69.0	69.0	69.0	69.0	69.0	69.0	69.0	69.0	69.0	69.0	69.0	69.0	69.0	69.0
10:30:8:0	69.0	69.0	69.0	69.0	69.0	70.0	70.0	70.0	70.0	71.0	71.0	71.0	71.0	72.0	72.0	72.0	72.0	72.0	72.0	72.0
10:30:13:0	72.0	73.0	73.0	73.0	73.0	73.0	73.0	73.0	72.0	72.0	72.0	72.0	72.0	72.0	72.0	72.0	72.0
10:30:18:0	72.0	72.0	72.0	72.0	72.0	73.0	73.0	73.0	73.0	73.0	73.0	73.0	74.0	74.0	74.0	74.0	75.0	75.0
10:30:23:0	75.0	75.0	75.0	75.0	75.0	75.0	75.0	75.0	75.0	75.0	75.0	75.0	75.0	74.0	74.0	74.0	74.0	74.0
10:30:28:0	74.0	74.0	74.0	74.0	74.0	74.0	74.0	74.0	74.0	74.0	73.0	73.0	73.0	73.0	73.0
10:30:33:0	73.0	73.0	73.0	73.0	73.0	73.0	73.0	73.0	73.0	73.0	72.0	72.0	72.0	72.0	72.0	72.0	72.0
10:30:38:0	71.0	71.0	71.0	71.0	69.0	69.0	69.0	69.0	69.0	69.0	69.0	69.0	69.0	69.0	69.0	69.0	70.0	70.0	70.0	70.0
10:30:43:0	70.0	70.0	70.0	70.0	71.0	71.0	71.0	72.0	72.0	72.0	72.0	72.0	72.0	73.0	73.0	73.0
10:30:48:0	73.0	74.0	74.0	74.0	75.0	75.0	75.0	75.0	75.0	76.0	76.0	76.0	76.0	77.0	77.0	77.0	77.0	77.0	77.0	77.0
10:30:53:0	77.0	76.0	76.0	76.0	76.0	75.0	75.0	75.0	75.0	73.0	73.0	73.0	73.0	71.0	71.0	71.0	70.0
10:30:58:0	70.0	70.0	69.0	69.0	69.0	69.0	69.0	69.0	69.0	69.0	69.0	69.0	70.0	70.0	70.0	70.0	70.0	70.0	70.0
10:31:3:0	70.0	70.0	69.0	69.0	69.0	69.0	69.0	69.0	69.0	68.0	68.0	68.0	67.0	67.0	67.0	66.0
10:31:8:0	66.0	66.0	65.0	65.0	65.0	65.0	65.0	65.0	66.0	66.0	66.0	66.0	67.0	67.0	67.0
10:31:13:0	67.0	67.0	67.0	68.0	68.0	68.0	68.0	68.0	68.0	68.0	68.0	68.0	69.0	69.0	69.0	69.0	70.0	70.0	70.0	70.0	70.0
10:31:18:0	70.0	70.0	70.0	70.0	70.0	70.0	70.0	70.0	70.0	70.0	70.0	70.0	70.0	70.0	70.0	70.0	70.0	70.0
10:31:23:0	70.0	70.0	70.0	70.0	70.0	70.0	70.0	70.0	70.0	70.0	70.0	70.0	70.0	70.0	70.0	70.0	70.0	70.0	70.0	70.0
