11:47:33:0	104.0	104.0	104.0	104.0	104.0	104.0	104.0	104.0	104.0	104.0	104.0	104.0	104.0	104.0	103.5
11:47:38:0	103.0	103.0	103.0	103.0	103.0	103.0	101.0	101.0	101.0	101.0	100.0	100.0	100.0	100.0	100.0	100.0	100.0	100.0	100.0
11:47:43:0	100.0	101.0	101.0	101.0	103.0	103.0	103.0	103.0	103.0	103.0	103.0	103.0	103.0	104.0	104.0	104.0	104.0	104.0	104.0	104.0
11:47:48:0	104.0	104.0	104.0	104.0	104.0	103.0	103.0	103.0	103.0	103.0	103.0	103.0	103.0	103.0	103.0	103.0	103.0	103.0	102.0	102.0
11:47:53:0	102.0	102.0	102.0	102.0	102.0	102.0	102.0	102.0	102.0	102.0	101.0	101.0	101.0	101.0	101.0	101.0	101.0	101.0	100.0	100.0	100.0
11:47:58:0	100.0	100.0	100.0	100.0	100.0	100.0	100.0	100.0	100.0	99.0	99.0	99.0	99.0	99.0
11:48:3:0	99.0	99.0	99.0	99.0	99.0	99.0	99.0	99.0	99.0	99.0	99.0	99.0	99.0	99.0	99.0	99.0	100.0
11:48:8:0	100.0	100.0	100.0	100.0	100.0	100.0	100.0	100.0	100.0	100.0	100.0	100.0	99.0	99.0	99.0	99.0	99.0	99.0	99.0	99.0
11:48:13:0	98.0	98.0	98.0	98.0	98.0	98.0	98.0	98.0	98.0	98.0	98.0	98.0	98.0	98.0	98.0	98.0	98.0	98.0	98.0
11:48:18:0	98.0	98.0	98.0	98.0	99.0	99.0	99.0	99.0	99.0	99.0	99.0	99.0	99.0	99.0	99.0	99.0	99.0	99.0	99.0
11:48:23:0	99.0	99.0	99.0	99.0	99.0	99.0	99.0	99.0	99.0	100.0	100.0	100.0	100.0	100.0	100.0	100.0
11:48:28:0	100.0	100.0	100.0	100.0	100.0	100.0	100.0	100.0	100.0	100.0	101.0	101.0	101.0	101.0	101.0	101.0	101.0	101.0
11:48:33:0	101.0	101.0	101.0	101.0	101.0	101.0	100.0	100.0	100.0	100.0	100.0	100.0	100.0	100.0	100.0
11:48:38:0	100.0	100.0	100.0	100.0	100.0	99.0	99.0	99.0	99.0	98.0	98.0	98.0	98.0	98.0	98.0	98.0	98.0	98.0	98.0
11:48:43:0	98.0	98.0	98.0	98.0	98.0	98.0	98.0	98.0	98.0	98.0	98.0	98.0	98.0	98.0	98.0	99.0	99.0	99.0	100.0	100.0
11:48:48:0	100.0	100.0	100.0	100.0	100.0	101.0	101.0	101.0	101.0	101.0	101.0	101.0	101.0	102.0	102.0	102.0	102.0
11:48:53:0	102.0	102.0	102.0	102.0	102.0	101.0	101.0	101.0	101.0	101.0	101.0	101.0	101.0	101.0	100.0	100.0	100.0	100.0
11:48:58:0	100.0	100.0	100.0	100.0	100.0	100.0	100.0	100.0	100.0	100.0	100.0	100.0	100.0	100.0	100.0	100.0	100.0	100.0	100.0	100.0	100.0
11:49:3:0	101.0	101.0	101.0	102.0	102.0	102.0	102.0	102.0	102.0	102.0	102.0	102.0	102.0	103.0	103.0	103.0	103.0
11:49:8:0	103.0	103.0	103.0	103.0	103.0	103.0	103.0	103.0	103.0	102.0	102.0	102.0	101.0	101.0	101.0
11:49:13:0	101.0	99.0	99.0	99.0	99.0	99.0	99.0	99.0	99.0	99.0	99.0	99.0	99.0	99.0	99.0	100.0	100.0
11:49:18:0	100.0	101.0	101.0	101.0	101.0	101.0	101.0	101.0	102.0	102.0	102.0	102.0	102.0	102.0	102.0	102.0	102.0	103.0	103.0
11:49:23:0	103.0	102.0	102.0	102.0	102.0	101.0	101.0	101.0	101.0	101.0	101.0	101.0	100.0	100.0	100.0	100.0	100.0	100.0
11:49:28:0	100.0	100.0	100.0	100.0	100.0	100.0	99.0	99.0	99.0	99.0	99.0	99.0	99.0	99.0	98.0	98.0	98.0	98.0	98.0
11:49:33:0	98.0	98.0	98.0	98.0	98.0	98.0	98.0	98.0	98.0	98.0	98.0	98.0	98.0	98.0	99.0	99.0	99.0	99.0	99.0
11:49:38:0	99.0	99.0	99.0	99.0	99.0	99.0	99.0	99.0	99.0	99.0	99.0	99.0	99.0	99.0	99.0	99.0	99.0	99.0	99.0
11:49:43:0	99.0	99.0	99.0	99.0	99.0	99.0	99.0	100.0	100.0	100.0	100.0	99.0	99.0	99.0	99.0	99.0	99.0	99.0	99.0
11:49:48:0	99.0	98.0	98.0	98.0	98.0	97.0	97.0	97.0	97.0	97.0	97.0	97.0	97.0	97.0	97.0	97.0	97.0
11:49:53:0	97.0	98.0	98.0	98.0	98.0	98.0	98.0	98.0	98.0	98.0	98.0	98.0	98.0	98.0	99.0	99.0	99.0
11:49:58:0	99.0	99.0	99.0	99.0	100.0	100.0	100.0	100.0	100.0	100.0	100.0	100.0	100.0	100.0	100.0	100.0	100.0
11:50:3:0	100.0	100.0	100.0	100.0	100.0	100.0	100.0	100.0	100.0	100.0	100.0	100.0	100.0	100.0	100.0	100.0
11:50:8:0	100.0	100.0	100.0	100.0	100.0	100.0	101.0	101.0	101.0	101.0	101.0	101.0	101.0	101.0	102.0	102.0	102.0	102.0	102.0	102.0
11:50:13:0	102.0	102.0	102.0	102.0	102.0	102.0	102.0	102.0	102.0	102.0	101.0	101.0	101.0	101.0	99.0	99.0	99.0	99.0	98.0
11:50:18:0	98.0	98.0	98.0	97.0	97.0	97.0	97.0	96.0	96.0	96.0	96.0	96.0	96.0	96.0	96.0	96.0
11:50:23:0	96.0	96.0	96.0	96.0	96.0	96.0	96.0	96.0	96.0	96.0	96.0	96.0	96.0	96.0	96.0	96.0	96.0
11:50:28:0	97.0	97.0	97.0	97.0	97.0	97.0	97.0	98.0	98.0	98.0	99.0	99.0	99.0	99.0	99.0	99.0	99.0
11:50:33:0	99.0	100.0	100.0	100.0	100.0	100.0	100.0	100.0	100.0	100.0	100.0	100.0	100.0	100.0	100.0	100.0	100.0	100.0	100.0	100.0
11:50:38:0	100.0	100.0	100.0	100.0	100.0	100.0	100.0	100.0	100.0	100.0	100.0	100.0	100.0	99.0	99.0	99.0	99.0	99.0	99.0
11:50:43:0	98.0	98.0	98.0	97.0	97.0	97.0	97.0	97.0	97.0	97.0	97.0	97.0	97.0	97.0
11:50:48:0	97.0	97.0	97.0	97.0	97.0	97.0	97.0	97.0	97.0	97.0	97.0	97.0	97.0	97.0	97.0	98.0	98.0	98.0	98.0	98.0
11:50:53:0	98.0	98.0	98.0	98.0	98.0	98.0	98.0	98.0	98.0	98.0	98.0	98.0	98.0	98.0	98.0	98.0	98.0	98.0	98.0
11:50:58:0	98.0	98.0	98.0	98.0	98.0	98.0	99.0	99.0	99.0	99.0	99.0	99.0	99.0	100.0
11:51:3:0	100.0	100.0	100.0	100.0	100.0	100.0	100.0	100.0	100.0	100.0	100.0	100.0	100.0	100.0	100.0	100.0	100.0	100.0	100.0
11:51:8:0	100.0	100.0	100.0	99.0	99.0	99.0	98.0	98.0	98.0	98.0	97.0	97.0	97.0	97.0	96.0	96.0	96.0
11:51:13:0	96.0	96.0	96.0	96.0	96.0	96.0	96.0	96.0	96.0	96.0	96.0	96.0	96.0	96.0	96.0	96.0	96.0	96.0	96.0
11:51:18:0	96.0	96.0	96.0	96.0	96.0	97.0	97.0	97.0	97.0	97.0	97.0	97.0	97.0	98.0	98.0	98.0	98.0	98.0	98.0
11:51:23:0	98.0	98.0	98.0	98.0	98.0	98.0	98.0	98.0	98.0	98.0	98.0	98.0	98.0	98.0	99.0	99.0	99.0	99.0	100.0
11:51:28:0	100.0	100.0	101.0	101.0	101.0	101.0	102.0	102.0	102.0	102.0	102.0	102.0	102.0	102.0	102.0	102.0	102.0	102.0	102.0
11:51:33:0	102.0	101.0	101.0	100.0	100.0	98.0	98.0	98.0	98.0	98.0	97.0	97.0	97.0	97.0	96.0
11:51:38:0	96.0	96.0	96.0	97.0	97.0	97.0	97.0	98.0	98.0	98.0	98.0	100.0	100.0	100.0	100.0	102.0	102.0	102.0	102.0	102.0
11:51:43:0	103.0	103.0	103.0	104.0	104.0	104.0	104.0	105.0	105.0	105.0	105.0	104.0	104.0	104.0	104.0	103.0	103.0	103.0
11:51:48:0	101.0	101.0	101.0	101.0	99.0	99.0	99.0	99.0	98.0	98.0	98.0	98.0	97.0	97.0	97.0	97.0	96.0	96.0	96.0	96.0
11:51:53:0	95.0	95.0	95.0	95.0	95.0	95.0	95.0	95.0	96.0	96.0	96.0	96.0	97.0	97.0	97.0	98.0	98.0
11:51:58:0	98.0	99.0	99.0	99.0	99.0	99.0	99.0	99.0	99.0	99.0	99.0	99.0	99.0	99.0	99.0	99.0
11:52:3:0	99.0	99.0	100.0	100.0	100.0	100.0	100.0	101.0	101.0	101.0	101.0	101.0	101.0	101.0	101.0	101.0	101.0	101.0
11:52:8:0	101.0	101.0	100.0	100.0	100.0	100.0	100.0	100.0	100.0	100.0	99.0	99.0	99.0	99.0	99.0	99.0	99.0	99.0	99.0	99.0
11:52:13:0	99.0	99.0	99.0	99.0	99.0	99.0	99.0	99.0	99.0	99.0	99.0	99.0	99.0	99.0	99.0
11:52:18:0	99.0	99.0	99.0	99.0	99.0	99.0	99.0	99.0	99.0	99.0	99.0	99.0	99.0	99.0	99.0	99.0	99.0	99.0
11:52:23:0	99.0	99.0	99.0	100.0	100.0	100.0	100.0	101.0	101.0	101.0	101.0	101.0	101.0	101.0	101.0	101.0	101.0	101.0	101.0	101.0
11:52:28:0	102.0	102.0	102.0	102.0	101.0	101.0	101.0	101.0	100.0	100.0	100.0	100.0	100.0	100.0	100.0	100.0
11:52:33:0	100.0	100.0	100.0	100.0	100.0	100.0	100.0	100.0	100.0	100.0	100.0	100.0	100.0	100.0	100.0	101.0	101.0	101.0
11:52:38:0	101.0	101.0	101.0	101.0	101.0	101.0	101.0	101.0	101.0	101.0	101.0	101.0	101.0	101.0	101.0	101.0	101.0	101.0
11:52:43:0	101.0	101.0	101.0	101.0	102.0	102.0	102.0	102.0	102.0	102.0	102.0	102.0	102.0	102.0	102.0	103.0	103.0
11:52:48:0	103.0	103.0	103.0	103.0	103.0	103.0	103.0	103.0	103.0	103.0	103.0	103.0	103.0	102.0	102.0	102.0	102.0	101.0	101.0
11:52:53:0	101.0	101.0	101.0	100.0	100.0	100.0	99.0	99.0	99.0	98.0	98.0	97.0	97.0	97.0	97.0	97.0	97.0
11:52:58:0	97.0	97.0	97.0	97.0	97.0	97.0	97.0	98.0	98.0	98.0	98.0	99.0	99.0	99.0	99.0	100.0	100.0	100.0	100.0	101.0
11:53:3:0	101.0	101.0	101.0	101.0	101.0	101.0	101.0	101.0	101.0	101.0	101.0	100.0	100.0	100.0	100.0	100.0	100.0
11:53:8:0	99.0	99.0	99.0	99.0	99.0	99.0	99.0	99.0	99.0	99.0	99.0	99.0	99.0	99.0	99.0	99.0	99.0	99.0
11:53:13:0	99.0	99.0	99.0	99.0	99.0	99.0	99.0	99.0	98.0	98.0	98.0	98.0	98.0	98.0	98.0	98.0	98.0	98.0	98.0	98.0
11:53:18:0	98.0	98.0	98.0	98.0	98.0	99.0	99.0	99.0	99.0	99.0	99.0	99.0	99.0	99.0	99.0	99.0	99.0	100.0	100.0	100.0
11:53:23:0	100.0	100.0	100.0	100.0	100.0	100.0	100.0	100.0	100.0	100.0	100.0	99.0	99.0	99.0	99.0	99.0	99.0	99.0
11:53:28:0	99.0	99.0	99.0	99.0	99.0	99.0	99.0	99.0	99.0	99.0	99.0	99.0	99.0	99.0	99.0	99.0
11:53:33:0	99.0	99.0	99.0	99.0	99.0	99.0	99.0	99.0	99.0	99.0	99.0	99.0	99.0	99.0	99.0	99.0	99.0	99.0	99.0
11:53:38:0	99.0	99.0	99.0	99.0	99.0	99.0	99.0	99.0	99.0	99.0	99.0	100.0	100.0	100.0	100.0	100.0	100.0	100.0	100.0	100.0
11:53:43:0	100.0	100.0	99.0	99.0	99.0	99.0	99.0	99.0	99.0	99.0	99.0	99.0	99.0	99.0	99.0	99.0	99.0	99.0	99.0
11:53:48:0	99.0	99.0	99.0	100.0	100.0	100.0	100.0	101.0	101.0	101.0	101.0	102.0	102.0	102.0	102.0	102.0	102.0
11:53:53:0	102.0	102.0	102.0	102.0	101.0	101.0	101.0	101.0	101.0	101.0	100.0	100.0	100.0	99.0	99.0	99.0	99.0
11:53:58:0	99.0	98.0	98.0	98.0	98.0	97.0	97.0	97.0	97.0	96.0	96.0	96.0	96.0	96.0	96.0	96.0	96.0	96.0	96.0
11:54:3:0	96.0	96.0	96.0	96.0	97.0	97.0	97.0	97.0	97.0	97.0	97.0	97.0	97.0	97.0	97.0	97.0	97.0	97.0
11:54:8:0	97.0	97.0	97.0	97.0	97.0	98.0	98.0	98.0	98.0	98.0	98.0	98.0	98.0	98.0	99.0	99.0	99.0	99.0	99.0	99.0
11:54:13:0	99.0	100.0	100.0	100.0	100.0	100.0	100.0	100.0	101.0	101.0	101.0	101.0	101.0	101.0	101.0	101.0	101.0	100.0	100.0
11:54:18:0	100.0	100.0	100.0	100.0	100.0	99.0	99.0	99.0	99.0	99.0	99.0	99.0	99.0	99.0	99.0	99.0	99.0
11:54:23:0	99.0	99.0	99.0	99.0	99.0	99.0	99.0	99.0	99.0	99.0	99.0	99.0	99.0	99.0	99.0	99.0	99.0	99.0
11:54:28:0	99.0	99.0	99.0	100.0	100.0	100.0	100.0	100.0	101.0	101.0	101.0	101.0	102.0	102.0	102.0	102.0	103.0	103.0	103.0	103.0	103.0
11:54:33:0	103.0	103.0	103.0	102.0	102.0	102.0	100.0	100.0	100.0	100.0	99.0	99.0	99.0	98.0	98.0	98.0	98.0
11:54:38:0	98.0	98.0	98.0	98.0	99.0	99.0	99.0	99.0	101.0	101.0	101.0	101.0	104.0	104.0	104.0	104.0	104.0	104.0	104.0
11:54:43:0	104.0	105.0	105.0	105.0	104.0	104.0	104.0	103.0	103.0	103.0	102.0	102.0	102.0	102.0	100.0	100.0	100.0
11:54:48:0	100.0	99.0	99.0	99.0	99.0	97.0	97.0	97.0	97.0	97.0	97.0	97.0	97.0	96.0	96.0	96.0
11:54:53:0	96.0	96.0	96.0	96.0	96.0	97.0	97.0	97.0	97.0	97.0	97.0	97.0	97.0	97.0	97.0	97.0	97.0	97.0	97.0
11:54:58:0	97.0	98.0	98.0	98.0	98.0	98.0	98.0	98.0	99.0	99.0	99.0	99.0	99.0	100.0	100.0	100.0	100.0	100.0
11:55:3:0	100.0	100.0	100.0	101.0	101.0	101.0	101.0	101.0	101.0	101.0	101.0	101.0	101.0	101.0	101.0	101.0	101.0	101.0	100.0
11:55:8:0	100.0	100.0	100.0	100.0	100.0	100.0	99.0	99.0	99.0	99.0	99.0	99.0	99.0	99.0	99.0	99.0	99.0	99.0
11:55:13:0	99.0	99.0	99.0	99.0	99.0	99.0	99.0	99.0	98.0	98.0	98.0	98.0	98.0	98.0	98.0	98.0	97.0	97.0	97.0	97.0
11:55:18:0	97.0	97.0	97.0	97.0	98.0	98.0	98.0	98.0	98.0	98.0	98.0	99.0	99.0	99.0	99.0
11:55:23:0	100.0	100.0	100.0	100.0	100.0	100.0	100.0	100.0	100.0	100.0	100.0	100.0	100.0	100.0	100.0	99.0
11:55:28:0	98.0	98.0	98.0	98.0	98.0	98.0	98.0	98.0	98.0	98.0	98.0	98.0	98.0	98.0	98.0
11:55:33:0	98.0	98.0	98.0	98.0	98.0	98.0	99.0	99.0	99.0	99.0	99.0	99.0	99.0	99.0	99.0	99.0	99.0	99.0
11:55:38:0	99.0	99.0	99.0	99.0	99.0	99.0	99.0	99.0	99.0	100.0	100.0	100.0	101.0	101.0	101.0	101.0	101.0	101.0
11:55:43:0	101.0	101.0	102.0	102.0	102.0	102.0	102.0	102.0	102.0	102.0	102.0	102.0	102.0	102.0	102.0	102.0	102.0	102.0	102.0	101.0
11:55:48:0	101.0	101.0	101.0	101.0	101.0	101.0	101.0	101.0	101.0	101.0	101.0	101.0	101.0	101.0	101.0	102.0	102.0	102.0	102.0	102.0
11:55:53:0	102.0	102.0	102.0	102.0	102.0	102.0	102.0	102.0	102.0	102.0	102.0	102.0	102.0	102.0	102.0	102.0	101.0
11:55:58:0	101.0	101.0	101.0	101.0	101.0	101.0	101.0	101.0	100.0	100.0	100.0	100.0	99.0	99.0	99.0	99.0	99.0	99.0	99.0	99.0
11:56:3:0	99.0	99.0	99.0	98.0	98.0	98.0	98.0	98.0	98.0	98.0	98.0	97.0	97.0	97.0	97.0	96.0	96.0	96.0
11:56:8:0	96.0	96.0	96.0	96.0	96.0	96.0	96.0	96.0	96.0	96.0	96.0	96.0	96.0	96.0	96.0	96.0	96.0	96.0	97.0	97.0	97.0
11:56:13:0	97.0	97.0	97.0	97.0	98.0	98.0	98.0	99.0	99.0	99.0	99.0	99.0	99.0	99.0	99.0
11:56:18:0	99.0	99.0	98.0	98.0	98.0	99.0	99.0	99.0	99.0	100.0	100.0	100.0	100.0	101.0	101.0	101.0	101.0	101.0	101.0
11:56:23:0	101.0	101.0	102.0	102.0	102.0	102.0	102.0	102.0	102.0	102.0	102.0	101.0	101.0	101.0	101.0	101.0	101.0	101.0	101.0	100.0
11:56:28:0	100.0	100.0	100.0	99.0	99.0	99.0	99.0	99.0	99.0	99.0	99.0	99.0	99.0	99.0	99.0	99.0	99.0	99.0
11:56:33:0	99.0	99.0	99.0	99.0	99.0	99.0	99.0	100.0	100.0	100.0	100.0	100.0	100.0	100.0	100.0	100.0	100.0	100.0	100.0	100.0
11:56:38:0	100.0	100.0	100.0	100.0	100.0	100.0	100.0	100.0	100.0	100.0	100.0	100.0
11:56:43:0	100.0	100.0	100.0	100.0	100.0	100.0	100.0	100.0	100.0	100.0	100.0	100.0	100.0	100.0	100.0	100.0	100.0	100.0	100.0	100.0
11:56:48:0	100.0	100.0	100.0	100.0	101.0	101.0	101.0	101.0	101.0	101.0	102.0	102.0	102.0	101.0	101.0	101.0
11:56:53:0	101.0	101.0	101.0	101.0	102.0	102.0	102.0	102.0	102.0	102.0	102.0	102.0	103.0	103.0	103.0	103.0	103.0	103.0	103.0
11:56:58:0	103.0	103.0	102.0	102.0	102.0	102.0	102.0	102.0	102.0	102.0	101.0	101.0	101.0	101.0	101.0	101.0	101.0	102.0	102.0	102.0
11:57:3:0	102.0	102.0	103.0	103.0	103.0	104.0	104.0	104.0	104.0	104.0	104.0	104.0	104.0	103.0
11:57:8:0	103.0	103.0	102.0	102.0	102.0	102.0	103.0	103.0	103.0	103.0	103.0	104.0	104.0	104.0	104.0	106.0	106.0	107.0
11:57:13:0	107.0	107.0	107.0	109.0	109.0	109.0	109.0	109.0	109.0	109.0	110.0	110.0	110.0	110.0	110.0	110.0	110.0
11:57:18:0	110.0	110.0	110.0	110.0	110.0	110.0	110.0	109.0	109.0	109.0	109.0	108.0	108.0	108.0	108.0	106.0	106.0	106.0	106.0	106.0
11:57:23:0	105.0	105.0	105.0	103.0	103.0	103.0	100.0	100.0	100.0	98.0	98.0	98.0	98.0	96.0	96.0	96.0	96.0
11:57:28:0	95.0	95.0	95.0	95.0	95.0	95.0	96.0	96.0	96.0	96.0	96.0	96.0	96.0	97.0	97.0	97.0
