10:42:52:0	64.0	64.0	64.0	64.0	64.0	64.0	63.0	63.0	63.0	63.0	63.0	63.0	64.0
10:42:57:0	64.0	64.0	64.0	66.0	66.0	66.0	66.0	68.0	68.0	68.0	68.0	70.0	70.0	70.0	70.0	70.0	70.0	70.0
10:43:2:0	69.0	69.0	68.0	68.0	68.0	68.0	67.0	67.0	67.0	67.0	67.0	67.0	67.0	67.0	67.0	67.0	67.0	67.0
10:43:7:0	67.0	67.0	67.0	67.0	66.0	66.0	66.0	66.0	66.0	66.0	66.0	65.0	65.0	65.0	65.0	64.0	64.0	64.0
10:43:12:0	64.0	64.0	64.0	64.0	64.0	64.0	64.0	63.0	63.0	63.0	63.0	63.0	63.0	63.0	63.0	62.0	62.0	62.0	62.0
10:43:17:0	62.0	62.0	62.0	62.0	62.0	62.0	62.0	62.0	63.0	63.0	63.0	64.0	64.0	64.0	64.0	65.0	65.0
10:43:22:0	65.0	66.0	66.0	66.0	66.0	66.0	66.0	66.0	66.0	66.0	66.0	66.0	66.0	64.0	64.0	64.0	64.0	64.0
10:43:27:0	64.0	65.0	65.0	65.0	65.0	65.0	65.0	65.0	65.0	66.0	66.0	66.0	66.0	66.0	66.0	66.0	66.0	66.0	66.0	66.0
10:43:32:0	66.0	66.0	66.0	66.0	66.0	66.0	66.0	66.0	66.0	66.0	67.0
10:43:37:0	67.0	67.0	68.0	68.0	68.0	68.0	68.0	68.0	68.0	68.0	68.0	68.0	68.0	68.0
10:43:42:0	67.0	67.0	66.0	66.0	66.0	66.0	66.0	66.0	67.0	67.0	68.0
10:43:47:0	68.0	68.0	68.0	68.0	68.0	68.0	68.0	68.0	68.0	68.0	68.0	68.0	67.0	67.0	67.0	67.0	67.0	67.0	67.0
10:43:52:0	68.0	68.0	68.0	70.0	70.0	70.0	71.0	71.0	71.0	71.0	71.0	71.0	69.0
10:43:57:0	69.0	68.0	68.0	68.0	68.0	68.0	68.0	68.0	68.0	68.0
10:44:2:0	68.0	68.0	68.0	68.0	68.0	69.0	68.0	68.0	68.0	68.0	68.0
10:44:7:0	68.0	68.0	68.0	68.0	68.0	69.0	69.0	69.0	69.0	69.0	69.0	69.0	69.0	69.0	69.0	70.0
10:44:12:0	70.0	70.0	70.0	70.0	70.0	69.0	69.0	70.0	70.0	70.0	71.0	71.0	71.0	71.0	72.0
10:44:17:0	72.0	72.0	72.0	72.0	72.0	72.0	72.0	72.0	72.0	73.0	73.0	73.0	74.0	74.0	74.0	74.0	75.0
10:44:22:0	75.0	75.0	75.0	75.0	73.0	73.0	73.0	73.0	71.0	71.0	69.0	69.0	69.0
10:44:27:0	69.0	69.0	69.0	69.0	67.0	68.0	69.0	69.0	71.0
10:44:32:0	73.0	76.0	76.0	77.0	77.0	77.0	77.0	76.0	75.0	75.0	75.0	75.0
10:44:37:0	74.0	74.0	74.0	72.0	72.0	72.5	73.0	73.0	73.0	73.0	73.0	74.0
10:44:42:0	74.0	75.0	75.0	75.0	75.0	75.0	75.0	75.0	75.0	74.0
10:44:47:0	73.0	73.0	72.0	72.0	72.0	72.0	72.0	72.0	72.0
10:44:52:0	72.0	72.0	72.0	72.0	71.0	71.0	71.0	70.0	70.0	70.0	69.0	69.0	69.0	69.0	68.0
10:44:57:0	68.0	68.0	68.0	68.0	68.0	68.0	67.0	67.0	67.0	68.0	68.0	69.0	69.0
10:45:2:0	69.0	69.0	69.0	68.0	68.0	68.0	68.0	67.0	67.0	67.0	67.0	67.0	67.0	67.0	67.0	67.0	67.0	67.0
10:45:7:0	67.0	67.0	67.0	67.0	68.0	68.0	68.0	68.0	68.0	68.0	67.0	67.0	67.0	67.0	67.0	67.0	67.0	66.0
10:45:12:0	66.0	66.0	66.0	66.0	66.0	66.0	66.0	66.0	66.0	66.0	66.0	67.0	67.0	67.0	67.0	68.0	68.0	68.0
10:45:17:0	70.0	70.0	70.0	70.0	70.0	70.0	70.0	71.0	71.0	71.0	71.0	71.0	71.0	71.0	72.0	72.0
10:45:22:0	72.0	72.0	72.0	72.0	72.0	71.0	71.0	71.0	71.0	70.0	70.0	70.0	70.0	71.0	71.0	71.0	71.0	71.0	71.0	71.0
10:45:27:0	71.0	71.0	71.0	70.0	70.0	70.0	70.0	70.0	70.0	70.0	70.0	70.0	70.0	70.0	70.0	70.0
10:45:32:0	70.0	70.0	70.0	70.0	70.0	70.0	70.0	70.0	70.0	70.0	70.0	70.0	71.0	71.0	71.0	71.0	72.0	72.0
10:45:37:0	72.0	72.0	72.0	72.0	72.0	72.0	72.0	71.0	71.0	71.0
10:45:42:0	71.0	72.0	72.0	72.0	73.0	73.0	73.0	74.0	74.0	74.0	74.0
10:45:47:0	74.0	74.0	73.0	73.0	73.0	72.0	72.0	72.0	72.0	72.0	72.0	72.0	72.0
10:45:52:0	72.0	72.0	72.0	72.0	74.0	74.0	75.0	75.0	75.0	75.0	75.0	75.0	75.0	75.0	75.0	75.0
10:45:57:0	73.0	72.0	72.0	72.0	70.0	69.0	69.0	69.0	68.0	68.0
10:46:2:0	68.0	69.0	69.0	70.0	70.0	71.0	71.0	71.0	71.0	72.0	72.0
10:46:7:0	73.0	73.0	73.0	72.0	70.0	70.0	70.0	70.0	70.0	69.0	69.0	69.0	69.0	69.0	69.0
10:46:12:0	69.0	69.0	69.0	69.0	69.0	69.0	70.0	70.0	70.0	70.0	71.0	71.0	71.0	71.0	74.0	74.0	74.0	74.0	76.0	76.0	76.0
10:46:17:0	76.0	76.0	76.0	76.0	76.0	76.0	75.0	75.0	75.0	74.0	74.0	74.0	74.0	73.0	73.0	73.0	73.0	71.0
10:46:22:0	71.0	71.0	70.0	70.0	70.0	70.0	70.0	70.0	70.0	70.0	70.0	70.0	70.0	70.0	71.0	71.0	71.0	72.0
10:46:27:0	72.0	72.0	73.0	73.0	73.0	75.0	75.0	75.0	77.0	77.0	77.0	77.0	78.0	78.0	78.0	78.0	77.0
10:46:32:0	77.0	77.0	77.0	76.0	76.0	76.0	76.0	73.0	73.0	73.0	73.0	73.0	73.0	73.0	72.0	72.0	72.0
10:46:37:0	72.0	72.0	72.0	72.0	71.0	71.0	71.0	71.0	71.0	71.0	71.0	71.0	71.0	71.0	71.0	71.0	71.0	71.0	71.0
10:46:42:0	72.0	72.0	72.0	72.0	73.0	73.0	73.0	74.0	74.0	74.0	74.0	74.0	74.0	74.0	74.0	74.0	74.0	74.0
10:46:47:0	74.0	72.0	72.0	72.0	70.0	70.0	68.0	68.0	67.0	67.0	66.0	66.0
10:46:52:0	66.0	66.0	66.0	66.0	66.0	66.0	66.0	68.0	68.0	68.0	68.0	70.0	70.0
10:46:57:0	70.0	70.0	71.0	71.0	71.0	71.0	71.0	71.0	71.0	72.0	72.0	72.0	73.0	73.0	73.0	73.0	72.0	72.0
10:47:2:0	72.0	72.0	72.0	72.0	72.0	72.0	72.0	70.0	70.0	70.0	70.0	69.0	69.0	69.0	70.0	70.0	70.0	70.0	71.0
10:47:7:0	71.0	71.0	71.0	71.0	71.0	71.0	71.0	71.0	71.0	71.0	72.0	72.0	72.0	72.0	72.0	72.0	72.0	72.0	72.0
10:47:12:0	72.0	72.0	72.0	72.0	72.0	72.0	72.0	72.0	72.0	72.0	73.0	73.0	73.0	74.0	74.0	74.0
10:47:17:0	74.0	74.0	74.0	74.0	74.0	74.0	74.0	74.0	74.0	74.0	74.0	74.0	74.0	74.0	74.0	74.0	74.0	74.0	74.0
10:47:22:0	74.0	74.0	74.0	74.0	75.0	75.0	75.0	75.0	76.0	76.0	76.0	76.0	78.0	78.0	78.0	78.0	78.0	78.0	78.0	78.0
10:47:27:0	78.0	78.0	78.0	78.0	78.0	78.0	78.0	78.0	76.0	76.0	76.0	76.0	76.0	76.0	76.0	76.0	75.0	75.0
10:47:32:0	75.0	74.0	74.0	74.0	74.0	74.0	74.0	74.0	74.0	74.0	74.0	74.0	74.0	74.0	74.0	74.0
10:47:37:0	74.0	75.0	75.0	75.0	76.0	76.0	76.0	79.0	79.0	79.0	79.0	79.0	78.0	78.0	78.0
10:47:42:0	78.0	78.0	78.0	78.0	78.0	78.0	78.0	78.0	78.0	78.0	78.0	78.0	78.0	79.0	79.0	79.0	79.0	79.0	80.0
10:47:47:0	80.0	80.0	82.0	82.0	82.0	82.0	83.0	83.0	83.0	83.0	83.0	83.0	83.0	83.0	82.0	82.0	82.0	82.0	81.0
10:47:52:0	81.0	81.0	81.0	79.0	79.0	79.0	79.0	79.0	78.0	78.0	78.0	78.0	77.5	77.0	77.0
10:47:57:0	76.0	76.0	75.0	75.0	75.0	76.0	76.0	76.0	77.0	77.0
10:48:2:0	77.0	77.0	77.0	77.0	77.0	77.0	77.0	77.0	77.0	77.0	79.0	79.0	79.0	79.0	79.0	80.0	80.0
10:48:7:0	80.0	82.0	82.0	82.0	82.0	83.0	83.0	83.0	83.0	84.0	84.0	84.0	84.0	84.0	84.0	84.0	84.0
10:48:12:0	84.0	86.0	86.0	86.0	86.0	89.0	89.0	89.0	89.0	92.0	92.0	92.0	92.0	95.0	95.0	95.0	97.0	97.0	97.0
10:48:17:0	97.0	99.0	99.0	99.0	99.0	98.0	98.0	98.0	98.0	98.0	98.0	98.0	98.0	98.0	97.0	97.0	97.0	97.0	96.0	96.0
10:48:22:0	96.0	96.0	96.0	96.0	96.0	94.0	94.0	94.0	94.0	92.0	92.0	92.0	90.0	90.0	88.0
10:48:27:0	88.0	88.0	86.0	86.0	86.0	86.0	84.0	84.0	84.0	81.0	81.0	81.0	81.0	79.0	79.0	79.0	79.0	79.0	76.0
10:48:32:0	76.0	76.0	76.0	74.0	74.0	74.0	74.0	72.0	72.0	72.0	72.0	69.0	69.0	69.0	69.0	69.0	69.0	69.0	68.0
10:48:37:0	68.0	68.0	68.0	68.0	69.0	69.0	69.0	69.0	70.0	70.0	70.0	70.0	70.0	70.0	70.0	70.0	70.0	70.0	70.0	70.0
10:48:42:0	70.0	70.0	70.0	70.0	71.0	71.0	71.0	71.0	70.0	70.0	70.0	70.0	70.0	71.0	71.0	71.0	71.0	71.0	71.0	71.0
10:48:47:0	71.0	71.0	71.0	70.0	70.0	70.0	70.0	70.0	70.0	70.0	70.0	70.0	70.0	70.0	70.0	70.0	70.0
10:48:52:0	70.0	71.0	71.0	72.0	72.0	72.0	74.0	74.0	75.0	77.0
10:48:57:0	78.0	79.0	79.0	79.5	80.0	80.0	79.0	79.0	79.0	79.0
10:49:2:0	79.0	78.0	78.0	78.0	78.0	78.0	78.0	78.0	78.0	78.0	76.0	76.0	76.0	75.0	75.0	75.0	75.0	73.0	73.0
10:49:7:0	73.0	73.0	73.0	74.0	74.0	74.0	74.0	74.0	74.0	74.0	74.0	74.0	73.0	73.0	73.0	71.0
10:49:12:0	71.0	71.0	70.0	68.0	68.0	68.0	67.0	67.0	67.0	67.0	68.0	68.0	68.0	68.0
10:49:17:0	70.0	70.0	70.0	70.0	71.0	71.0	71.0	71.0	71.0	71.0	71.0	71.0	71.0	71.0	71.0	71.0	71.0	71.0
10:49:22:0	71.0	71.0	71.0	71.0	71.0	71.0	71.0	71.0	69.0	69.0	69.0	69.0	69.0	69.0	69.0	69.0
10:49:27:0	68.0	68.0	68.0	68.0	68.0	68.0	68.0	68.0	68.0	68.0	68.0	69.0	69.0	69.0	69.0	69.0	69.0
10:49:32:0	69.0	69.0	69.0	69.0	69.0	69.0	69.0	69.0	69.0	70.0	70.0	70.0	70.0	70.0	70.0
10:49:37:0	70.0	72.0	72.0	72.0	72.0	72.0	72.0	72.0	72.0	73.0	73.0	73.0	73.0	73.0	73.0	73.0	73.0	73.0	73.0	73.0
10:49:42:0	73.0	73.0	72.0	72.0	72.0	71.0	71.0	71.0	71.0	71.0	71.0	71.0	71.0	71.0	71.0	70.0	70.0
10:49:47:0	70.0	70.0	70.0	70.0	70.0	70.0	70.0	70.0	70.0	70.0	70.0	70.0	70.0	70.0	70.0	71.0	71.0	71.0	71.0	73.0	73.0
10:49:52:0	73.0	73.0	74.0	74.0	74.0	74.0	74.0	74.0	74.0	74.0	74.0	74.0	74.0	75.0	75.0	75.0	75.0	75.0
10:49:57:0	75.0	75.0	75.0	75.0	75.0	75.0	74.0	74.0	73.0	73.0	73.0	72.0	72.0	72.0	72.0	72.0
10:50:2:0	72.0	72.0	73.0	73.0	73.0	73.0	73.0	73.0	74.0	74.0	74.0	75.0	75.0	75.0	75.0	76.0
10:50:7:0	76.0	76.0	76.0	76.0	76.0	76.0	76.0	76.0	76.0	76.0	76.0	76.0	76.0	76.0	76.0	76.0	76.0
10:50:12:0	77.0	77.0	77.0	77.0	77.0	77.0	77.0	77.0	77.0	76.0	76.0	76.0	76.0	74.0	74.0	74.0	74.0	73.0	73.0	73.0
10:50:17:0	73.0	71.0	71.0	71.0	71.0	70.0	70.0	70.0	70.0	69.0	69.0	69.0	69.0	70.0	70.0	70.0	70.0	70.0	71.0
10:50:22:0	71.0	71.0	75.0	75.0	77.0	77.0	77.0	77.0	77.0	77.0	77.0	77.0	77.0	77.0	77.0	77.0	77.0
10:50:27:0	77.0	77.0	76.0	76.0	76.0	76.0	74.0	74.0	74.0	74.0	72.0	72.0	72.0	72.0	71.0	71.0	71.0	71.0	71.0	71.0
10:50:32:0	71.0	71.0	71.0	71.0	71.0	71.0	73.0	73.0	73.0	73.0	74.0	74.0	74.0	74.0	74.0	74.0	74.0	74.0	73.0
10:50:37:0	73.0	73.0	73.0	72.0	72.0	72.0	72.0	70.0	70.0	70.0	70.0	68.0	68.0	68.0	68.0	67.0	67.0	67.0	67.0	67.0
10:50:42:0	67.0	67.0	67.0	67.0	67.0	67.0	67.0	67.0	67.0	67.0	67.0	68.0	68.0	68.0	68.0	69.0	69.0	69.0
10:50:47:0	71.0	71.0	71.0	72.0	72.0	72.0	72.0	73.0	73.0	73.0	73.0	74.0	74.0	74.0	74.0	74.0	74.0	74.0
10:50:52:0	74.0	74.0	74.0	74.0	74.0	75.0	75.0	75.0	75.0	75.0	75.0	75.0	75.0	74.0	74.0	74.0	74.0	73.0	73.0	73.0	73.0
10:50:57:0	73.0	73.0	73.0	73.0	72.0	72.0	72.0	72.0	72.0	71.0	71.0	71.0	71.0	69.0	69.0	69.0	69.0	68.0	68.0	68.0
10:51:2:0	68.0	66.0	66.0	66.0	66.0	65.0	64.0	64.0	64.0	64.0	64.0	64.0	64.0	64.0	64.0	64.0	64.0
10:51:7:0	64.0	64.0	64.0	64.0	64.0	65.0	65.0	65.0	66.0	66.0	66.0	67.0	67.0	67.0	69.0	69.0
10:51:12:0	69.0	69.0	69.0	71.0	71.0	71.0	71.0	73.0	73.0	73.0	73.0	74.0	74.0	74.0	74.0	74.0	74.0	74.0	74.0	74.0	74.0
10:51:17:0	74.0	74.0	72.0	72.0	72.0	72.0	72.0	70.0	70.0	70.0	70.0	68.0	68.0	68.0	68.0	67.0	67.0	67.0	67.0
10:51:22:0	67.0	67.0	67.0	68.0	68.0	68.0	68.0	69.0	69.0	69.0	69.0	69.0	71.0	71.0	71.0	74.0	74.0	74.0	74.0
10:51:27:0	76.0	76.0	76.0	76.0	77.0	77.0	77.0	76.0	76.0	76.0	76.0	75.0	75.0	75.0	75.0	74.0	74.0	74.0	74.0
10:51:32:0	72.5	71.0	71.0	71.0	71.0	69.0	69.0	69.0	69.0	69.0	69.0	68.0	68.0	68.0	68.0
10:51:37:0	68.0	68.0	68.0	68.0	68.0	67.0	67.0	67.0	67.0	66.0	66.0	66.0	66.0	66.0	67.0	67.0	67.0
10:51:42:0	67.0	69.0	69.0	69.0	69.0	70.0	70.0	70.0	70.0	71.0	71.0	71.0	71.0	73.0	73.0	73.0	73.0	74.0	74.0
10:51:47:0	75.0	75.0	74.0	74.0	74.0	74.0	73.0	73.0	73.0	73.0	72.0	72.0	72.0	72.0	70.0	70.0
10:51:52:0	70.0	70.0	69.0	69.0	69.0	69.0	68.0	68.0	68.0	68.0	67.0	67.0	67.0	67.0	65.0	65.0	65.0	66.0	66.0
10:51:57:0	66.0	66.0	68.0	68.0	68.0	68.0	69.0	69.0	69.0	69.0	69.0	69.0	69.0	68.0	68.0	68.0	68.0	68.0
10:52:2:0	68.0	68.0	68.0	68.0	68.0	68.0	68.0	68.0	68.0	68.0	68.0	68.0	68.0	68.0	68.0	68.0	68.0	68.0	68.0	68.0	69.0
10:52:7:0	69.0	69.0	69.0	69.0	69.0	69.0	69.0	68.0	68.0	68.0	68.0	69.0	69.0	69.0	69.0	69.0	69.0
10:52:12:0	69.0	69.0	69.0	69.0	70.0	70.0	70.0	70.0	72.0	72.0	72.0	72.0	73.0	73.0	73.0	73.0	75.0	75.0	75.0	75.0
10:52:17:0	75.0	74.0	74.0	74.0	74.0	73.0	73.0	73.0	72.0	72.0	70.0	70.0	70.0	69.0	69.0	69.0
10:52:22:0	68.0	68.0	68.0	68.0	68.0	69.0	69.0	69.0	69.0	69.0	69.0	69.0	69.0	69.0	69.0	69.0	69.0	69.0	69.0	69.0
10:52:27:0	69.0	69.0	69.0	69.0	69.0	71.0	71.0	71.0	72.0	72.0	72.0	75.0	75.0	75.0	75.0	76.0	76.0
10:52:32:0	76.0	76.0	75.0	75.0	75.0	74.0	74.0	74.0	74.0	72.0	72.0	72.0	70.0	70.0	70.0	70.0	69.0	69.0
10:52:37:0	69.0	69.0	68.0	68.0	68.0	68.0	68.0	68.0	68.0	68.0	68.0	68.0	68.0	68.0	68.0	68.0	68.0	68.0
10:52:42:0	68.0	68.0	68.0	68.0	68.0	68.0	69.0	69.0	69.0	68.0	68.0	68.0	69.0	69.0	69.0	69.0	69.0
10:52:47:0	69.0	69.0	69.0	69.0	69.0	69.0	69.0	70.0	70.0	70.0	70.0	70.0	70.0	70.0	70.0	70.0	70.0	70.0	70.0	70.0
