12:6:19:0	103.0	103.0	103.0	103.0	103.0	103.0	103.0	102.0	102.0	102.0	102.0	102.0	101.0	101.0	101.0	100.0	100.0	100.0	100.0
12:6:24:0	99.0	99.0	99.0	98.0	98.0	98.0	98.0	98.0	98.0	98.0	98.0	98.0	98.0	98.0	98.0	98.0	98.0	98.0	98.0	98.0
12:6:29:0	98.0	98.0	98.0	98.0	98.0	98.0	98.0	98.0	97.0	97.0	97.0	97.0	97.0	97.0	97.0	97.0	97.0
12:6:34:0	98.0	98.0	98.0	98.0	99.0	99.0	99.0	99.0	99.0	99.0	99.0	99.0	99.0	99.0	99.0
12:6:39:0	99.0	99.0	99.0	99.0	99.0	99.0	99.0	99.0	99.0	97.0	97.0	97.0	97.0	96.0	96.0	96.0	96.0	95.0	95.0	95.0
12:6:44:0	95.0	95.0	95.0	95.0	95.0	95.0	95.0	95.0	95.0	95.0	95.0	95.0	95.0	95.0	95.0	95.0	94.0	94.0
12:6:49:0	94.0	94.0	94.0	94.0	94.0	94.0	94.0	94.0	94.0	94.0	95.0	95.0	95.0	95.0	96.0	96.0
12:6:54:0	96.0	96.0	96.0	96.0	96.0	96.0	96.0	96.0	96.0	96.0	97.0	97.0	97.0	97.0	97.0	97.0	97.0
12:6:59:0	97.0	97.0	97.0	97.0	97.0	97.0	97.0	97.0	97.0	97.0	97.0	97.0	97.0	97.0	97.0	97.0	97.0	97.0
12:7:4:0	97.0	97.0	97.0	97.0	97.0	97.0	97.0	97.0	97.0	97.0	97.0	97.0	97.0	97.0	97.0	97.0	97.0	97.0	97.0	97.0
12:7:9:0	97.0	97.0	97.0	97.0	97.0	97.0	97.0	97.0	96.0	96.0	96.0	96.0	96.0	96.0	96.0	96.0	95.0	95.0	95.0	95.0
12:7:14:0	95.0	95.0	95.0	95.0	95.0	95.0	96.0	96.0	96.0	96.0	96.0	96.0	96.0	96.0	96.0	96.0	96.0	96.0
12:7:19:0	97.0	97.0	97.0	97.0	97.0	97.0	97.0	97.0	98.0	98.0	98.0	98.0	98.0	98.0	98.0	98.0	98.0
12:7:24:0	98.0	97.0	97.0	97.0	97.0	97.0	97.0	97.0	97.0	97.0	96.0	96.0	96.0	96.0	95.0	95.0	95.0	94.0
12:7:29:0	94.0	93.0	93.0	93.0	93.0	92.0	92.0	92.0	92.0	91.0	91.0	91.0	91.0	90.0	90.0	90.0	90.0	90.0	90.0
12:7:34:0	90.0	90.0	91.0	91.0	91.0	91.0	92.0	92.0	92.0	92.0	93.0	93.0	93.0	93.0	94.0	94.0	94.0	94.0	95.0	95.0
12:7:39:0	95.0	95.0	95.0	95.0	95.0	96.0	96.0	96.0	96.0	96.0	96.0	96.0	96.0	95.0	95.0	95.0	95.0	95.0
12:7:44:0	95.0	95.0	95.0	95.0	95.0	95.0	95.0	95.0	96.0	96.0	96.0	97.0	97.0	97.0	97.0	97.0	97.0	97.0	98.0
12:7:49:0	98.0	98.0	98.0	98.0	98.0	98.0	97.0	97.0	97.0	97.0	97.0	97.0	97.0	97.0	97.0	96.0	96.0	96.0
12:7:54:0	95.0	95.0	95.0	95.0	93.0	93.0	93.0	93.0	92.0	92.0	92.0	92.0	92.0	92.0	92.0	92.0	92.0	92.0	92.0	92.0
12:7:59:0	92.0	93.0	93.0	93.0	93.0	94.0	94.0	94.0	94.0	95.0	95.0	95.0	95.0	96.0	96.0	96.0	96.0	96.0	96.0
12:8:4:0	97.0	97.0	97.0	97.0	97.0	97.0	97.0	97.0	97.0	97.0	97.0	97.0	97.0	97.0	97.0	97.0	97.0	96.0	96.0
12:8:9:0	96.0	96.0	96.0	96.0	96.0	96.0	96.0	96.0	96.0	96.0	96.0	96.0	96.0	96.0	96.0	96.0	96.0
12:8:14:0	96.0	96.0	96.0	96.0	96.0	96.0	96.0	96.0	96.0	96.0	96.0	96.0	96.0	96.0	97.0	97.0	97.0	97.0
12:8:19:0	97.0	97.0	97.0	97.0	97.0	97.0	96.0	96.0	96.0	96.0	96.0	96.0	96.0	96.0	96.0	96.0	96.0	96.0	96.0	96.0
12:8:24:0	96.0	96.0	96.0	96.0	96.0	96.0	96.0	96.0	96.0	96.0	96.0	96.0	96.0	96.0	96.0	96.0	96.0	96.0
12:8:29:0	96.0	96.0	96.0	96.0	96.0	96.0	96.0	96.0	96.0	96.0	97.0	97.0	97.0	98.0	98.0	98.0
12:8:34:0	98.0	98.0	98.0	98.0	98.0	98.0	98.0	98.0	98.0	98.0	98.0	97.0	97.0	97.0	97.0	97.0	97.0	97.0
12:8:39:0	97.0	97.0	97.0	97.0	97.0	97.0	97.0	97.0	97.0	97.0	97.0	97.0	97.0	97.0	97.0	97.0	96.0	96.0	96.0
12:8:44:0	96.0	96.0	96.0	96.0	96.0	96.0	96.0	96.0	96.0	96.0	96.0	96.0	96.0	96.0	96.0	96.0	95.0	95.0	95.0
12:8:49:0	95.0	95.0	95.0	95.0	95.0	95.0	95.0	95.0	95.0	95.0	95.0	95.0	95.0	95.0	95.0	96.0	96.0	96.0
12:8:54:0	96.0	96.0	96.0	96.0	96.0	97.0	97.0	97.0	97.0	97.0	97.0	97.0	97.0	97.0	98.0	98.0
12:8:59:0	98.0	98.0	98.0	98.0	98.0	98.0	98.0	98.0	98.0	98.0	98.0	98.0	98.0	98.0	98.0	98.0	98.0	98.0	97.0
12:9:4:0	97.0	97.0	97.0	97.0	97.0	97.0	97.0	97.0	97.0	97.0	97.0	97.0	97.0	97.0	97.0	97.0	97.0	97.0
12:9:9:0	97.0	97.0	97.0	97.0	97.0	97.0	97.0	97.0	97.0	97.0	97.0	97.0	96.0	96.0	96.0	96.0	96.0	96.0	96.0	96.0
12:9:14:0	95.0	95.0	95.0	95.0	95.0	95.0	95.0	95.0	95.0	95.0	95.0	94.0
12:9:19:0	94.0	94.0	94.0	94.0	94.0	94.0	94.0	94.0	94.0	94.0	94.0	94.0	94.0	94.0	94.0	94.0
12:9:24:0	94.0	94.0	94.0	94.0	94.0	95.0	95.0	95.0	95.0	95.0	95.0	95.0	95.0	95.0	95.0	95.0	95.0	95.0	95.0	95.0	95.0
12:9:29:0	95.0	96.0	96.0	96.0	96.0	96.0	96.0	96.0	96.0	97.0	97.0	97.0	97.0	97.0	97.0	97.0	97.0	98.0	98.0	98.0
12:9:34:0	98.0	98.0	98.0	98.0	98.0	98.0	97.0	97.0	97.0	97.0	97.0	97.0	97.0	97.0	97.0	97.0	97.0	97.0	97.0
12:9:39:0	97.0	97.0	97.0	97.0	97.0	97.0	97.0	97.0	97.0	97.0	97.0	97.0	97.0	97.0	97.0	97.0	97.0	97.0	97.0	97.0
12:9:44:0	97.0	97.0	97.0	98.0	98.0	98.0	98.0	98.0	98.0	98.0	98.0	98.0	98.0	98.0	98.0
12:9:49:0	98.0	98.0	98.0	98.0	98.0	98.0	98.0	97.0	97.0	97.0	97.0	97.0	97.0	97.0	97.0	97.0	97.0	97.0	97.0	97.0
12:9:54:0	97.0	97.0	97.0	97.0	97.0	97.0	97.0	97.0	98.0	98.0	98.0	98.0	98.0	98.0	99.0	99.0	99.0	99.0
12:9:59:0	99.0	99.0	99.0	99.0	99.0	99.0	98.0	98.0	98.0	98.0	98.0	98.0	98.0	98.0	97.0	97.0	97.0	97.0
12:10:4:0	97.0	97.0	97.0	97.0	97.0	97.0	97.0	97.0	96.0	96.0	96.0	96.0	96.0	96.0	96.0	96.0	96.0
12:10:9:0	96.0	97.0	97.0	97.0	97.0	97.0	97.0	97.0	97.0	97.0	97.0	97.0	97.0	97.0	97.0	97.0	97.0	97.0
12:10:14:0	97.0	97.0	98.0	98.0	98.0	98.0	97.0	97.0	97.0	97.0	97.0	97.0	97.0	97.0	96.0
12:10:19:0	95.0	95.0	95.0	95.0	95.0	96.0	96.0	96.0	96.0	98.0	98.0	98.0	98.0	100.0	100.0	100.0	100.0	102.0	102.0
12:10:24:0	102.0	102.0	104.0	104.0	104.0	104.0	104.0	105.0	105.0	105.0	105.0	106.0	106.0	106.0	106.0	107.0	107.0	107.0	107.0	107.0
12:10:29:0	107.0	107.0	107.0	107.0	107.0	107.0	107.0	106.0	106.0	106.0	106.0	105.0	105.0	105.0	103.0	103.0	103.0	102.0
12:10:34:0	102.0	102.0	102.0	100.0	100.0	100.0	100.0	98.0	98.0	98.0	98.0	96.0	96.0	96.0	96.0	94.0	94.0	94.0	94.0	94.0
12:10:39:0	92.0	92.0	92.0	92.0	90.0	90.0	90.0	90.0	90.0	90.0	90.0	90.0	90.0	90.0	90.0	90.0	90.0	90.0	90.0
12:10:44:0	91.0	91.0	91.0	91.0	91.0	92.0	92.0	92.0	92.0	92.0	92.0	92.0	92.0	92.0	92.0	92.0	92.0	92.0	92.0	92.0
12:10:49:0	92.0	92.0	92.0	93.0	93.0	93.0	93.0	93.0	93.0	93.0	93.0	93.0	93.0	93.0	93.0	94.0	94.0
12:10:54:0	94.0	94.0	94.0	94.0	95.0	95.0	94.0	94.0	94.0	94.0	94.0	94.0	94.0	94.0	94.0	94.0
12:10:59:0	94.0	94.0	94.0	94.0	94.0	94.0	94.0	94.0	94.0	94.0	94.0	94.0	94.0	94.0	95.0	95.0	95.0	95.0	96.0	96.0
12:11:4:0	96.0	96.0	96.0	97.0	97.0	97.0	98.0	98.0	98.0	98.0	98.0	98.0	97.0
12:11:9:0	97.0	97.0	97.0	97.0	97.0	97.0	97.0	97.0	97.0	97.0	97.0	97.0	97.0	97.0	97.0	97.0	97.0	97.0	97.0
12:11:14:0	97.0	97.0	97.0	97.0	97.0	97.0	97.0	97.0	97.0	97.0	97.0	97.0	97.0	97.0	97.0	97.0	97.0	97.0
12:11:19:0	97.0	97.0	97.0	97.0	97.0	98.0	98.0	98.0	98.0	98.0	98.0	98.0	98.0	98.0	98.0	98.0	98.0	98.0
12:11:24:0	98.0	98.0	98.0	98.0	98.0	98.0	98.0	98.0	98.0	98.0	98.0	98.0	98.0	98.0	98.0	98.0	98.0	98.0	98.0
12:11:29:0	99.0	99.0	99.0	99.0	99.0	99.0	99.0	99.0	100.0	100.0	100.0	100.0	100.0	100.0	100.0	100.0	100.0	100.0
12:11:34:0	100.0	101.0	101.0	101.0	101.0	101.0	101.0	101.0	101.0	101.0	102.0	102.0	102.0	102.0	102.0	102.0	102.0	102.0	101.0	101.0	101.0
12:11:39:0	101.0	101.0	101.0	101.0	101.0	100.0	100.0	100.0	100.0	100.0	100.0	99.0	99.0	99.0	99.0	99.0	99.0
12:11:44:0	99.0	99.0	99.0	99.0	99.0	99.0	99.0	99.0	99.0	99.0	99.0	99.0	99.0	99.0	99.0	100.0
12:11:49:0	100.0	100.0	100.0	100.0	100.0	100.0	100.0	100.0	100.0	100.0	100.0	99.0	99.0	99.0	99.0	99.0	99.0	99.0	99.0	99.0
12:11:54:0	99.0	99.0	99.0	99.0	99.0	99.0	99.0	99.0	99.0	99.0	99.0	99.0	99.0	99.0	99.0	99.0	100.0
12:11:59:0	100.0	100.0	100.0	100.0	100.0	100.0	100.0	101.0	101.0	101.0	101.0	101.0	101.0	101.0	101.0	101.0	101.0	101.0	101.0
12:12:4:0	100.0	100.0	100.0	100.0	100.0	100.0	98.0	98.0	98.0	97.0	97.0	97.0	97.0	96.0	96.0	96.0	96.0
12:12:9:0	96.0	96.0	96.0	96.0	96.0	96.0	96.0	96.0	96.0	97.0	97.0	97.0	97.0	97.0	97.0	97.0	97.0	98.0	98.0	98.0	98.0
12:12:14:0	98.0	98.0	98.0	98.0	98.0	98.0	98.0	98.0	98.0	98.0	98.0	98.0	98.0	98.0	97.0	97.0	97.0
12:12:19:0	97.0	97.0	97.0	97.0	97.0	97.0	97.0	97.0	97.0	97.0	97.0	97.0	97.0	97.0	97.0	97.0	97.0	97.0	97.0
12:12:24:0	97.0	97.0	96.0	96.0	96.0	96.0	96.0	96.0	96.0	96.0	96.0	96.0	96.0	96.0	96.0	96.0
12:12:29:0	96.0	96.0	97.0	97.0	97.0	97.0	97.0	97.0	97.0	97.0	97.0	97.0	97.0	97.0	97.0	96.0	96.0
12:12:34:0	96.0	96.0	96.0	96.0	96.0	96.0	96.0	96.0	96.0	96.0	96.0	96.0	96.0	96.0	96.0	97.0	97.0	97.0	97.0	97.0
12:12:39:0	97.0	97.0	97.0	97.0	97.0	97.0	97.0	97.0	97.0	97.0	97.0	97.0	97.0	97.0	97.0	97.0	97.0	97.0
12:12:44:0	97.0	97.0	97.0	97.0	97.0	97.0	97.0	97.0	97.0	97.0	97.0	97.0	97.0	97.0	97.0	97.0	97.0	97.0	97.0	97.0	97.0
12:12:49:0	97.0	97.0	97.0	97.0	96.0	96.0	96.0	96.0	96.0	96.0	96.0	96.0	96.0	96.0	96.0	96.0	96.0	96.0	96.0
12:12:54:0	96.0	97.0	97.0	97.0	97.0	97.0	97.0	97.0	97.0	97.0	97.0	97.0	97.0	97.0	97.0	97.0	97.0
12:12:59:0	97.0	97.0	97.0	97.0	97.0	97.0	97.0	97.0	97.0	97.0	97.0	97.0	97.0	97.0	97.0	97.0
12:13:4:0	97.0	97.0	97.0	97.0	97.0	97.0	97.0	97.0	97.0	97.0	97.0	97.0	97.0	97.0	97.0	97.0	97.0	97.0	97.0
12:13:9:0	97.0	97.0	97.0	97.0	97.0	97.0	97.0	97.0	97.0	97.0	97.0	97.0	97.0	97.0	97.0	96.0	96.0	96.0	96.0	95.0
12:13:14:0	95.0	95.0	95.0	95.0	95.0	95.0	95.0	95.0	95.0	95.0	95.0	96.0	96.0	96.0	96.0	96.0	96.0
12:13:19:0	96.0	96.0	96.0	96.0	96.0	96.0	97.0	97.0	97.0	97.0	97.0	97.0	97.0	97.0	98.0	98.0	98.0	98.0
12:13:24:0	98.0	98.0	98.0	98.0	98.0	98.0	98.0	98.0	98.0	98.0	99.0	99.0	99.0	99.0	99.0	99.0	99.0	99.0
12:13:29:0	99.0	99.0	99.0	99.0	99.0	99.0	99.0	99.0	98.0	98.0	98.0	98.0	98.0	98.0	98.0	98.0	98.0	98.0	98.0
12:13:34:0	98.0	98.0	98.0	98.0	98.0	98.0	98.0	98.0	98.0	98.0	98.0	98.0	99.0	99.0	99.0	99.0	99.0	99.0	99.0
12:13:39:0	99.0	100.0	100.0	100.0	100.0	100.0	100.0	101.0	101.0	101.0	101.0	101.0	101.0	101.0	100.0	100.0	100.0
12:13:44:0	100.0	100.0	100.0	100.0	100.0	100.0	99.0	99.0	99.0	99.0	99.0	99.0	99.0	99.0	99.0	99.0	99.0
12:13:49:0	99.0	99.0	99.0	99.0	99.0	99.0	99.0	99.0	99.0	99.0	100.0	100.0	100.0	100.0	100.0	100.0	100.0	100.0	100.0	100.0
12:13:54:0	100.0	100.0	101.0	101.0	101.0	101.0	101.0	101.0	101.0	101.0	101.0	101.0	101.0	101.0	101.0	101.0	101.0	101.0	101.0
12:13:59:0	101.0	101.0	101.0	101.0	101.0	101.0	101.0	101.0	101.0	101.0	100.0	100.0	100.0	100.0	100.0	100.0	100.0	100.0	100.0
12:14:4:0	100.0	100.0	100.0	101.0	101.0	101.0	101.0	101.0	101.0	101.0	102.0	102.0	102.0	102.0	102.0	102.0	102.0	102.0	103.0
12:14:9:0	103.0	103.0	103.0	103.0	103.0	103.0	103.0	103.0	103.0	103.0	103.0	104.0	104.0	104.0	104.0	103.0	103.0	103.0	103.0
12:14:14:0	103.0	103.0	103.0	103.0	102.0	102.0	102.0	102.0	102.0	102.0	102.0	102.0	102.0	102.0
12:14:19:0	102.0	102.0	102.0	102.0	101.0	101.0	101.0	101.0	100.0	100.0	100.0	100.0	98.0	98.0	98.0	98.0	98.0	97.0	97.0	97.0
12:14:24:0	97.0	97.0	97.0	97.0	97.0	98.0	98.0	98.0	98.0	99.0	99.0	99.0	99.0	100.0	100.0	100.0	101.0	101.0
12:14:29:0	101.0	103.0	103.0	103.0	103.0	104.0	104.0	104.0	105.0	105.0	105.0	106.0	106.0	106.0	106.0	106.0
12:14:34:0	106.0	106.0	106.0	106.0	106.0	105.0	105.0	105.0	105.0	105.0	105.0	105.0	105.0	103.0	103.0	103.0	103.0	102.0
12:14:39:0	102.0	102.0	102.0	100.0	100.0	100.0	100.0	99.0	99.0	99.0	99.0	98.0	98.0	98.0	98.0	98.0	97.0	97.0	97.0	97.0	96.0
12:14:44:0	96.0	96.0	96.0	95.0	95.0	95.0	95.0	94.0	94.0	94.0	94.0	94.0	94.0	94.0	94.0	94.0	94.0	94.0	94.0
12:14:49:0	95.0	95.0	95.0	95.0	96.0	96.0	96.0	96.0	96.0	96.0	98.0	98.0	98.0	98.0	98.0
12:14:54:0	98.0	99.0	99.0	99.0	99.0	99.0	99.0	100.0	100.0	100.0	100.0	99.0	99.0	99.0	99.0	99.0	99.0	99.0	99.0
12:14:59:0	99.0	99.0	99.0	99.0	99.0	99.0	99.0	99.0	99.0	99.0	99.0	99.0	99.0	99.0	99.0	100.0	100.0	100.0
12:15:4:0	100.0	100.0	100.0	100.0	101.0	101.0	101.0	100.0	100.0	100.0	100.0	100.0	100.0	100.0	100.0	100.0	100.0
12:15:9:0	100.0	100.0	100.0	100.0	100.0	100.0	100.0	100.0	100.0	100.0	100.0	100.0	100.0	100.0	100.0	100.0	100.0	100.0	101.0	101.0	101.0
12:15:14:0	101.0	101.0	101.0	101.0	101.0	101.0	101.0	101.0	101.0	101.0	100.0	100.0	100.0	100.0	100.0
12:15:19:0	100.0	100.0	100.0	100.0	100.0	100.0	100.0	100.0	100.0	100.0	100.0	100.0	100.0	100.0	100.0	100.0	100.0	100.0	100.0	101.0
12:15:24:0	101.0	101.0	101.0	101.0	101.0	101.0	101.0	102.0	102.0	102.0	102.0	103.0	103.0	103.0	103.0	105.0
12:15:29:0	105.0	105.0	105.0	105.0	106.0	106.0	106.0	106.0	106.0	106.0	106.0	105.0	105.0	105.0	105.0	105.0	105.0	105.0	105.0	105.0
12:15:34:0	104.0	104.0	104.0	104.0	104.0	104.0	104.0	104.0	104.0	104.0	103.0	103.0	103.0	103.0	103.0	103.0
12:15:39:0	103.0	103.0	103.0	103.0	103.0	103.0	103.0	103.0	103.0	103.0	103.0	103.0	103.0	103.0	104.0	104.0	104.0
12:15:44:0	104.0	103.0	103.0	103.0	103.0	103.0	103.0	103.0	103.0	103.0	103.0	103.0	103.0	102.0	102.0	102.0	102.0	102.0	102.0	102.0
12:15:49:0	102.0	102.0	102.0	102.0	103.0	103.0	103.0	103.0	103.0	103.0	103.0	103.0	104.0	104.0	104.0	104.0	104.0	104.0	104.0
12:15:54:0	104.0	104.0	104.0	104.0	104.0	104.0	104.0	104.0	104.0	103.0	103.0	103.0	103.0	102.0	102.0	102.0	102.0
12:15:59:0	101.0	101.0	100.0	100.0	100.0	100.0	100.0	100.0	100.0	100.0	100.0	100.0	100.0	100.0	101.0	101.0
12:16:4:0	101.0	102.0	102.0	102.0	102.0	102.0	102.0	103.0	103.0	103.0	103.0	103.0	103.0	103.0
12:16:9:0	103.0	103.0	103.0	103.0	103.0	103.0	103.0	103.0	103.0	103.0	103.0	103.0	103.0	103.0	103.0	103.0
12:16:14:0	103.0	103.0	103.0	103.0	104.0	104.0	104.0	104.0	104.0	104.0	105.0	105.0	105.0	105.0	105.0	105.0	105.0	105.0
