13:13:14:0	85.0	85.0	85.0	85.0	85.0	85.0	85.0	85.0	85.0	86.0	86.0	86.0	87.0	87.0	87.0	88.0
13:13:19:0	88.0	88.0	88.0	88.0	87.0	87.0	87.0	87.0	87.0	87.0	87.0	85.0	85.0	85.0	85.0	84.0	84.0	84.0
13:13:24:0	82.0	82.0	82.0	80.0	80.0	80.0	78.0	78.0	78.0	76.0	76.0	76.0	76.0	76.0	76.0	76.0
13:13:29:0	76.0	76.0	76.0	76.0	76.0	76.0	77.0	77.0	77.0	77.0	76.0	76.0	76.0	76.0	75.0	75.0	75.0	75.0	73.0
13:13:34:0	73.0	73.0	72.0	71.0	71.0	71.0	71.0	71.0	71.0	72.0	72.0	72.0	72.0	73.0	73.0
13:13:39:0	73.0	73.0	73.0	73.0	73.0	73.0	74.0	74.0	74.0	74.0	74.0	74.0	74.0	74.0	74.0	74.0
13:13:44:0	74.0	74.0	74.0	75.0	75.0	75.0	76.0	76.0	76.0	77.0	77.0	77.0	77.0	77.0	77.0	77.0
13:13:49:0	76.0	76.0	76.0	76.0	75.0	75.0	75.0	74.0	74.0	74.0	74.0	73.0	73.0	73.0	73.0	73.0	73.0
13:13:54:0	73.0	73.0	73.0	73.0	73.0	74.0	74.0	74.0	74.0	74.0	74.0	75.0	75.0	75.0	75.0	75.0	75.0	75.0	75.0
13:13:59:0	76.0	76.0	76.0	76.0	76.0	76.0	76.0	76.0	75.0	75.0	75.0	75.0	75.0	75.0	75.0	75.0	74.0
13:14:4:0	74.0	74.0	74.0	74.0	75.0	75.0	76.0	76.0	76.0	78.0	78.0	79.0	79.0
13:14:9:0	79.0	79.0	80.0	80.0	80.0	80.0	79.0	79.0	79.0	79.0	77.0	77.0	77.0	76.0	76.0	76.0	76.0	75.0	75.0
13:14:14:0	75.0	75.0	74.0	74.0	74.0	74.0	73.0	73.0	73.0	73.0	73.0	73.0	73.0	73.0	73.0	74.0	74.0
13:14:19:0	74.0	74.0	74.0	74.0	74.0	74.0	74.0	74.0	74.0	74.0	74.0	75.0	75.0	75.0	74.0	74.0	74.0	74.0
13:14:24:0	73.0	73.0	73.0	72.0	72.0	72.0	71.0	71.0	71.0	71.0	71.0	71.0	71.0	71.0	72.0	72.0	72.0	72.0	73.0
13:14:29:0	73.0	73.0	74.0	74.0	74.0	74.0	76.0	76.0	76.0	76.0	76.0	76.0	76.0	76.0	76.0	77.0	77.0	77.0	77.0
13:14:34:0	77.0	77.0	77.0	77.0	77.0	77.0	77.0	78.0	78.0	78.0	78.0	78.0	78.0	78.0	79.0	79.0
13:14:39:0	79.0	79.0	79.0	79.0	79.0	79.0	79.0	79.0	78.0	78.0	78.0	78.0	77.0	77.0	77.0	77.0	78.0	78.0	78.0
13:14:44:0	78.0	80.0	80.0	80.0	81.0	81.0	81.0	81.0	81.0	82.0	82.0	82.0	82.0	82.0	82.0	82.0	82.0	82.0	82.0
13:14:49:0	82.0	81.0	81.0	81.0	80.0	80.0	80.0	80.0	80.0	80.0	81.0	81.0	81.0	81.0
13:14:54:0	81.0	82.0	82.0	82.0	82.0	82.0	82.0	81.0	81.0	81.0	81.0	81.0	81.0
13:14:59:0	81.0	81.0	82.0	82.0	82.0	83.0	83.0	83.0	83.0	83.0	84.0	84.0	84.0	84.0
13:15:4:0	83.0	83.0	83.0	83.0	83.0	83.0	83.0	83.0	83.0	83.0	84.0	84.0	84.0	84.0	85.0	85.0	85.0	85.0	85.0
13:15:9:0	85.0	85.0	85.0	85.0	85.0	85.0	85.0	83.0	83.0	83.0	83.0	83.0	82.0	82.0	82.0	82.0	80.0	80.0	80.0
13:15:14:0	79.0	79.0	79.0	78.0	78.0	78.0	78.0	78.0	78.0	78.0	78.0	78.0	78.0	79.0	79.0	79.0
13:15:19:0	78.0	78.0	78.0	78.0	78.0	76.0	76.0	76.0	76.0	75.0	75.0	75.0	73.0	73.0	73.0
13:15:24:0	73.0	72.0	72.0	72.0	72.0	71.0	71.0	71.0	71.0	70.0	70.0	70.0	71.0	71.0	71.0	71.0	72.0	72.0
13:15:29:0	72.0	74.0	74.0	74.0	75.0	75.0	75.0	75.0	76.0	76.0	76.0	76.0	76.0	76.0	76.0	75.0
13:15:34:0	75.0	75.0	75.0	75.0	75.0	75.0	75.0	75.0	75.0	75.0	75.0	75.0	75.0	75.0	74.0	74.0	74.0	74.0	74.0
13:15:39:0	74.0	74.0	74.0	74.0	74.0	75.0	75.0	75.0	76.0	76.0	76.0	77.0	77.0	77.0	77.0
13:15:44:0	77.0	77.0	77.0	78.0	78.0	78.0	78.0	78.0	78.0	78.0	77.0	77.0	77.0	77.0	77.0	77.0	77.0	76.0
13:15:49:0	76.0	76.0	76.0	76.0	75.0	75.0	75.0	75.0	73.0	73.0	73.0	73.0	73.0	73.0	74.0	74.0	74.0	74.0
13:15:54:0	74.0	74.0	73.0	73.0	73.0	73.0	73.0	73.0	73.0	72.0	72.0	72.0	72.0	71.0	71.0	71.0
13:15:59:0	71.0	71.0	71.0	71.0	71.0	71.0	71.0	71.0	71.0	71.0	71.0	71.0	71.0	71.0	71.0	71.0
13:16:4:0	71.0	71.0	71.0	71.0	71.0	72.0	72.0	72.0	73.0	73.0	73.0	74.0	74.0	74.0	74.0	74.0	74.0	74.0	74.0
13:16:9:0	74.0	74.0	74.0	74.0	74.0	74.0	74.0	74.0	74.0	74.0	74.0	74.0	74.0	75.0	75.0	77.0	77.0	77.0
13:16:14:0	77.0	79.0	79.0	79.0	79.0	79.0	81.0	81.0	81.0	83.0	83.0	83.0	83.0	83.0	83.0	83.0	83.0
13:16:19:0	83.0	83.0	83.0	83.0	83.0	83.0	83.0	83.0	83.0	83.0	83.0	83.0	83.0	83.0	83.0	83.0	83.0
13:16:24:0	83.0	81.0	81.0	79.0	79.0	79.0	77.0	77.0	75.0	75.0	75.0	75.0	73.0
13:16:29:0	73.0	73.0	73.0	72.0	72.0	72.0	73.0	73.0	73.0	73.0	75.0	77.0	77.0	79.0
13:16:34:0	79.0	79.0	79.0	79.0	80.0	80.0	80.0	80.0	81.0	81.0	81.0	81.0	81.0	81.0	81.0	80.0	80.0	80.0
13:16:39:0	80.0	78.0	78.0	78.0	77.0	77.0	77.0	75.0	75.0	75.0	73.0	73.0	72.0	72.0	72.0	72.0
13:16:44:0	71.0	71.0	71.0	71.0	71.0	72.0	72.0	72.0	73.0	73.0	73.0	73.0	75.0	75.0	75.0
13:16:49:0	77.0	79.0	79.0	79.0	80.0	80.0	81.0	81.0	81.0	81.0	81.0	81.0
13:16:54:0	81.0	81.0	80.0	80.0	80.0	80.0	79.0	79.0	79.0	79.0	79.0	79.0	79.0	79.0	79.0	79.0	79.0	79.0	80.0	80.0	80.0
13:16:59:0	80.0	81.0	81.0	81.0	81.0	83.0	83.0	83.0	83.0	84.0	84.0	85.0	85.0	84.0
13:17:4:0	84.0	84.0	83.0	83.0	83.0	82.0	82.0	82.0	80.0	80.0	80.0	78.0	78.0	78.0	78.0
13:17:9:0	78.0	78.0	78.0	79.0	79.0	79.0	80.0	80.0	80.0	81.0	81.0	81.0	81.0	81.0	81.0	81.0
13:17:14:0	81.0	81.0	81.0	80.0	80.0	80.0	80.0	79.0	79.0	79.0	79.0	79.0	79.0	79.0	79.0	79.0	79.0	80.0
13:17:19:0	80.0	80.0	80.0	80.0	80.0	80.0	80.0	80.0	79.0	79.0	79.0	79.0	79.0	78.0	78.0	78.0
13:17:24:0	78.0	78.0	78.0	78.0	78.0	78.0	78.0	78.0	78.0	78.0	78.0	78.0	78.0	78.0	79.0	79.0	79.0
13:17:29:0	79.0	80.0	80.0	80.0	80.0	81.0	81.0	81.0	81.0	81.0	81.0	80.0	80.0	80.0	80.0	80.0	78.0	78.0
13:17:34:0	78.0	77.0	77.0	77.0	76.0	76.0	75.0	75.0	75.0	76.0	76.0	76.0	77.0
13:17:39:0	77.0	78.0	78.0	78.0	79.0	79.0	79.0	79.0	78.0	78.0	78.0	78.0	78.0
13:17:44:0	78.0	78.0	79.0	79.0	79.0	79.0	80.0	80.0	80.0	80.0	81.0	81.0	81.0	81.0	83.0	83.0	83.0	83.0	85.0	85.0
13:17:49:0	85.0	85.0	86.0	86.0	86.0	88.0	88.0	88.0	88.0	88.0	88.0	88.0	88.0	88.0	88.0	88.0	88.0	88.0
13:17:54:0	88.0	88.0	88.0	86.0	86.0	86.0	86.0	85.0	85.0	85.0	83.0	83.0	83.0	83.0	82.0	82.0
13:17:59:0	82.0	80.0	80.0	78.0	78.0	77.0	77.0	75.0	75.0	73.0	73.0	73.0
13:18:4:0	73.0	73.0	73.0	74.0	74.0	74.0	74.0	74.0	74.0	74.0	74.0	74.0	74.0	74.0
13:18:9:0	73.0	73.0	73.0	73.0	73.0	73.0	73.0	73.0	74.0
13:18:14:0	74.0	74.0	74.0	74.0	75.0	75.0	75.0	75.0	75.0	75.0	76.0	76.0	76.0	77.0	77.0
13:18:19:0	77.0	77.0	77.0	78.0	78.0	78.0	78.0	78.0	78.0	78.0	78.0	78.0	78.0
13:18:24:0	78.0	78.0	78.0	78.0	78.0	78.0	78.0	78.0	78.0	79.0	79.0	79.0	79.0
13:18:29:0	79.0	79.0	79.0	79.0	79.0	79.0	78.0	78.0	78.0	78.0	78.0	78.0	77.0	77.0	77.0
13:18:34:0	77.0	77.0	77.0	77.0	77.0	77.0	77.0	77.0	78.0	78.0	78.0	78.0	78.0	78.0	78.0
13:18:39:0	78.0	78.0	78.0	78.0	78.0	78.0	78.0	79.0	79.0	79.0	79.0	79.0	79.0	79.0	79.0	78.0	78.0	78.0	78.0
13:18:44:0	78.0	78.0	78.0	76.0	76.0	76.0	75.0	75.0	75.0	75.0	73.0	73.0	73.0	72.0	72.0	72.0
13:18:49:0	71.0	71.0	71.0	71.0	71.0	71.0	71.0	71.0	71.0	71.0	71.0	71.0	72.0	72.0	72.0	72.0	72.0	72.0	72.0
13:18:54:0	73.0	73.0	73.0	73.0	73.0	73.0	73.0	73.0	73.0	74.0	74.0	74.0	74.0	75.0	75.0
13:18:59:0	75.0	76.0	76.0	76.0	76.0	77.0	77.0	77.0	78.0	78.0	78.0	78.0	78.0	79.0	79.0	79.0	79.0	80.0	80.0
13:19:4:0	80.0	80.0	81.0	81.0	81.0	83.0	85.0	85.0	85.0	85.0	86.0	86.0	87.0
13:19:9:0	87.0	87.0	87.0	88.0	88.0	87.0	87.0	87.0	84.0	84.0	83.0	83.0	83.0	83.0	81.0	81.0
13:19:14:0	81.0	81.0	80.0	80.0	80.0	80.0	80.0	80.0	80.0	80.0	80.0	81.0	81.0	81.0	81.0	83.0	83.0	83.0	85.0
13:19:19:0	85.0	85.0	86.0	86.0	86.0	88.0	88.0	88.0	88.0	90.0	90.0	90.0	92.0	92.0
13:19:24:0	93.0	93.0	93.0	93.0	95.0	95.0	95.0	95.0	95.0	95.0	95.0	95.0	95.0	95.0	95.0	95.0	95.0	95.0	95.0
13:19:29:0	93.0	93.0	93.0	93.0	92.0	92.0	90.0	89.0	89.0	89.0	87.0	87.0
13:19:34:0	85.0	85.0	85.0	85.0	82.0	82.0	82.0	81.0	81.0	81.0	80.0	80.0	81.0	81.0	81.0
13:19:39:0	81.0	83.0	83.0	83.0	83.0	85.0	85.0	85.0	85.0	85.0	88.0	88.0	88.0	88.0	90.0	90.0	90.0	90.0	92.0	92.0	92.0
13:19:44:0	92.0	94.0	94.0	94.0	94.0	94.0	94.0	94.0	94.0	94.0	94.0	94.0	94.0	94.0	94.0	94.0	92.0	92.0
13:19:49:0	92.0	92.0	91.0	91.0	91.0	91.0	89.0	89.0	89.0	89.0	87.0	87.0	87.0	87.0	86.0	86.0	85.0	85.0
13:19:54:0	85.0	85.0	86.0	86.0	86.0	87.0	87.0	87.0	89.0	89.0	90.0	90.0	90.0	90.0	91.0	91.0
13:19:59:0	91.0	91.0	90.0	90.0	90.0	90.0	90.0	89.0	89.0	89.0	89.0	88.0	88.0	88.0	88.0	86.0	86.0	86.0	85.0
13:20:4:0	85.0	85.0	85.0	85.0	85.0	85.0	86.0	86.0	86.0	86.0	86.0	86.0	86.0	86.0	86.0	86.0	86.0
13:20:9:0	86.0	86.0	86.0	86.0	85.0	85.0	85.0	85.0	83.0	83.0	83.0	83.0	82.0	82.0	82.0	82.0	82.0	80.0	80.0	80.0
13:20:14:0	80.0	79.0	79.0	79.0	79.0	78.0	78.0	78.0	78.0	78.0	78.0	79.0	79.0	79.0	82.0	82.0	82.0
13:20:19:0	83.0	83.0	83.0	84.0	84.0	84.0	84.0	84.0	84.0	84.0
13:20:24:0	84.0	84.0	84.0	84.0	85.0	85.0	86.0	86.0	87.0	87.0	87.0	89.0	89.0
13:20:29:0	89.0	89.0	90.0	90.0	90.0	90.0	90.0	90.0	90.0	90.0	90.0	90.0	90.0	90.0	90.0	89.0	89.0	89.0	89.0	88.0
13:20:34:0	88.0	88.0	88.0	88.0	88.0	88.0	87.0	87.0	87.0	86.0	86.0	86.0	86.0	85.0	85.0	85.0	85.0	83.0
13:20:39:0	83.0	83.0	83.0	83.0	83.0	83.0	83.0	83.0	83.0	83.0	84.0	84.0	84.0	84.0	85.0	85.0	85.0	86.0
13:20:44:0	86.0	86.0	85.0	85.0	85.0	85.0	85.0	85.0	85.0	84.0	84.0	84.0	84.0	84.0	84.0	84.0	84.0
13:20:49:0	83.0	83.0	83.0	81.0	81.0	81.0	78.0	78.0	78.0	78.0	77.0	77.0	77.0	77.0	77.0	77.0	77.0
13:20:54:0	77.0	77.0	77.0	77.0	78.0	78.0	78.0	78.0	78.0	78.0	78.0	79.0	79.0	79.0	79.0	79.0	79.0	79.0
13:20:59:0	79.0	79.0	79.0	79.0	79.0	79.0	79.0	79.0	79.0	79.0	79.0	79.0	79.0	79.0	79.0	79.0	79.0	79.0	79.0	79.0
13:21:4:0	79.0	79.0	79.0	79.0	79.0	80.0	80.0	80.0	80.0	81.0	81.0	81.0	82.0	82.0	82.0	83.0	83.0
13:21:9:0	83.0	82.0	82.0	82.0	82.0	82.0	82.0	82.0	81.0	81.0	81.0	81.0	81.0	81.0
13:21:14:0	81.0	81.0	81.0	81.0	81.0	81.0	81.0	81.0	81.0	80.0	80.0	80.0	80.0	80.0	80.0	80.0	80.0	80.0
13:21:19:0	80.0	80.0	80.0	81.0	81.0	81.0	81.0	81.0	81.0	81.0	81.0	81.0	81.0	82.0	82.0	82.0	82.0	82.0
13:21:24:0	82.0	82.0	82.0	82.0	82.0	82.0	82.0	82.0	82.0	82.0	82.0	80.0	80.0	80.0	80.0	79.0	79.0	79.0	79.0	77.0
13:21:29:0	77.0	77.0	77.0	75.0	75.0	74.0	74.0	74.0	73.0	73.0	73.0	74.0	74.0	74.0
13:21:34:0	75.0	75.0	77.0	77.0	77.0	78.0	78.0	78.0	78.0	79.0	79.0	79.0	79.0	79.0	79.0	79.0	79.0
13:21:39:0	78.0	78.0	78.0	78.0	77.0	77.0	77.0	77.0	75.0	75.0	75.0	75.0	75.0	75.0	75.0	75.0	75.0
13:21:44:0	75.0	75.0	75.0	75.0	75.0	76.0	76.0	76.0	76.0	77.0	77.0	77.0	77.0	78.0	78.0	78.0	78.0	78.0	78.0
13:21:49:0	78.0	78.0	78.0	78.0	78.0	78.0	78.0	78.0	78.0	78.0	78.0	78.0	78.0	78.0	78.0	78.0	78.0	78.0
13:21:54:0	78.0	79.0	79.0	79.0	79.0	79.0	79.0	79.0	79.0	78.0	78.0	78.0	78.0	78.0	78.0	78.0	78.0	78.0	78.0
13:21:59:0	78.0	78.0	78.0	78.0	78.0	78.0	78.0	78.0	77.0	77.0	77.0	76.0	76.0	76.0	76.0	75.0
13:22:4:0	75.0	75.0	75.0	75.0	75.0	75.0	75.0	75.0	75.0	75.0	75.0	76.0	76.0	76.0	76.0	76.0	76.0	76.0	76.0	76.0
13:22:9:0	75.0	75.0	75.0	75.0	75.0	75.0	75.0	75.0	74.0	74.0	74.0	74.0	73.0	73.0	73.0	73.0	73.0	73.0	73.0	73.0
13:22:14:0	73.0	73.0	73.0	73.0	73.0	73.0	73.0	74.0	74.0	74.0	74.0	75.0	75.0	75.0
13:22:19:0	74.0	74.0	74.0	74.0	74.0	74.0	74.0	74.0	73.0	73.0	73.0	73.0	73.0	73.0	73.0
13:22:24:0	73.0	73.0	73.0	73.0	74.0	74.0	74.0	74.0	74.0	74.0	74.0	74.0	75.0	75.0	75.0	75.0	75.0	75.0	75.0	75.0
13:22:29:0	75.0	75.0	75.0	75.0	75.0	75.0	75.0	75.0	74.0	74.0	74.0	74.0	74.0	74.0	74.0	74.0	74.0
13:22:34:0	74.0	74.0	75.0	75.0	75.0	75.0	75.0	75.0	75.0	75.0	75.0	75.0	75.0	75.0	75.0
13:22:39:0	75.0	75.0	76.0	76.0	76.0	76.0	77.0	77.0	77.0	77.0	77.0	78.0	78.0	78.0	78.0	78.0
13:22:44:0	78.0	78.0	79.0	79.0	79.0	79.0	79.0	79.0	79.0	79.0	79.0	79.0	79.0	79.0	79.0	79.0	79.0	79.0	79.0	80.0
13:22:49:0	80.0	80.0	80.0	80.0	80.0	80.0	80.0	80.0	80.0	80.0	80.0	80.0	80.0	80.0	80.0	80.0
13:22:54:0	80.0	80.0	80.0	80.0	80.0	80.0	80.0	80.0	80.0	80.0	80.0	80.0	80.0	80.0	80.0	80.0	80.0	80.0	80.0
13:22:59:0	80.0	79.0	79.0	79.0	79.0	79.0	79.0	79.0	78.0	78.0	78.0	78.0	78.0	78.0	78.0	78.0
13:23:4:0	79.0	79.0	79.0	78.0	78.0	78.0	78.0	78.0	78.0	77.0	77.0	77.0	77.0	76.0	76.0
