14:51:58:0	80.58333333333336	80.50000000000003	80.4166666666667	80.33333333333337	80.25000000000004
14:52:3:0	80.16666666666671	80.08333333333339	80.00000000000006	79.91666666666673	79.8333333333334
14:52:8:0	79.75000000000007	79.66666666666674	79.58333333333341	79.50000000000009	79.41666666666676
14:52:13:0	79.33333333333343	79.2500000000001	79.16666666666677	79.08333333333344	79.00000000000011
14:52:18:0	78.91666666666679	78.83333333333346	78.75000000000013	78.6666666666668	78.58333333333347
14:52:23:0	78.50000000000014	78.41666666666681	78.33333333333348	78.25000000000016	78.16666666666683
14:52:28:0	78.0833333333335	78.00000000000017	78.0	78.0	77.0	77.0	77.0	77.0	76.0	76.0	76.0	76.0	75.0	75.0
14:52:33:0	75.0	75.0	75.0	75.0	75.0	75.0	75.0	75.0	75.0	75.0	75.0	75.0	75.0	75.0	75.0	76.0	76.0
14:52:38:0	76.0	79.0	79.0	79.0	79.0	79.0	79.0	79.0	78.0	78.0	78.0	77.0	77.0	77.0	77.0	75.0	75.0	75.0
14:52:43:0	75.0	74.0	74.0	74.0	73.0	73.0	74.0	74.0	75.0	75.0	75.0	75.0	76.0	76.0
14:52:48:0	76.0	76.0	76.0	76.0	76.0	75.0	75.0	75.0	75.0	73.0	73.0	73.0	73.0	73.0
14:52:53:0	73.0	73.0	73.0	73.0	73.0	73.0	74.0	74.0	74.0	74.0	75.0	75.0	75.0	75.0	75.0	76.0	76.0	76.0	77.0	77.0
14:52:58:0	77.0	77.0	78.0	78.0	78.0	78.0	78.0	78.0	78.0	78.0	78.0	78.0	78.5
14:53:3:0	79.0	79.0	79.0	80.0	80.0	80.0	81.0	81.0	81.0	82.0	82.0	82.0	84.0	84.0	84.0	85.0
14:53:8:0	85.0	85.0	85.0	85.0	87.0	87.0	87.0	87.0	87.0	87.0	87.0	87.0	87.0	87.0	87.0	84.0	84.0	84.0	84.0	82.0
14:53:13:0	82.0	80.0	80.0	78.0	77.0	77.0	77.0	77.0
14:53:18:0	77.0	77.0	77.0	77.0	77.0	77.0	77.0	76.0	76.0	76.0	76.0	76.0	76.0
14:53:23:0	76.0	75.0	75.0	74.0	74.0	74.0	74.0	74.0	75.0	75.0	75.0	75.0	76.0	76.0	76.0
14:53:28:0	76.0	76.0	77.0	77.0	77.0	77.0	77.0	77.0	77.0	77.0	77.0	77.0	76.0	76.0	76.0	76.0	75.0	75.0	75.0
14:53:33:0	75.0	75.0	75.0	75.0	75.0	75.0	75.0	75.0	75.0	76.0	76.0	76.0	76.0	77.0	77.0	77.0	77.0	78.0	78.0
14:53:38:0	78.0	78.0	78.0	78.0	78.0	78.0	79.0	79.0	79.0	79.0	79.0	79.0	79.0	79.0	79.0	79.0
14:53:43:0	79.0	79.0	79.0	79.0	79.0	79.0	78.0	78.0	78.0	78.0	78.0	78.0	78.0	78.0	78.0	78.0	78.0
14:53:48:0	78.0	78.0	78.0	78.0	78.0	79.0	79.0	79.0	79.0	79.0	79.0	79.0	79.0	79.0	79.0	79.0	78.0
14:53:53:0	78.0	78.0	78.0	78.0	78.0	78.0	78.0	78.0	77.0	77.0	77.0	77.0	77.0	77.0	77.0	78.0	78.0	78.0
14:53:58:0	79.0	79.0	79.0	79.0	80.0	80.0	80.0	80.0	80.0	81.0	81.0	81.0	82.0	82.0	82.0	82.0	82.0	82.0	82.0
14:54:3:0	82.0	82.0	82.0	82.0	80.0	80.0	80.0	80.0	79.0	79.0	79.0	79.0	79.0	79.0	79.0	79.0	79.0	80.0	80.0	80.0
14:54:8:0	80.0	81.0	81.0	81.0	81.0	82.0	82.0	82.0	82.0	82.0	82.0	83.0	83.0	84.0	84.0
14:54:13:0	84.0	84.0	85.0	85.0	85.0	87.0	87.0	87.0	87.0	87.0	87.0	87.0	87.0	87.0	87.0	87.0	87.0	86.0	86.0
14:54:18:0	86.0	86.0	84.0	84.0	84.0	84.0	84.0	81.0	81.0	81.0	81.0	80.0	80.0	80.0	80.0	80.0	80.0	80.0	80.0	79.0	79.0
14:54:23:0	79.0	79.0	79.0	79.0	79.0	79.0	77.0	77.0	77.0	77.0	76.0	76.0	76.0	74.0	73.0
14:54:28:0	73.0	73.0	72.0	72.0	72.0	72.0	72.0	72.0	72.0	72.0	72.0	72.0	72.0	72.0	73.0	73.0	73.0	73.0	73.0
14:54:33:0	74.0	74.0	74.0	74.0	75.0	75.0	75.0	75.0	75.0	75.0	75.0	75.0	76.0	76.0	76.0	76.0	76.0	76.0	77.0
14:54:38:0	77.0	77.0	77.0	77.0	77.0	77.0	77.0	77.0	77.0	77.0	76.0	76.0	76.0	76.0	75.0	75.0	75.0	75.0
14:54:43:0	74.0	74.0	74.0	74.0	74.0	74.0	74.0	74.0	74.0	74.0	74.0	74.0	74.0	74.0	74.0	74.0	74.0	74.0
14:54:48:0	74.0	74.0	74.0	74.0	74.0	74.0	74.0	74.0	74.0	74.0	74.0	74.0	74.0	74.0	74.0	74.0	74.0	74.0	74.0	74.0	74.0
14:54:53:0	74.0	74.0	74.0	74.0	74.0	74.0	74.0	74.0	74.0	74.0	74.0	74.0	74.0	74.0	74.0	74.0	74.0	74.0	74.0	74.0
14:54:58:0	74.0	74.0	75.0	75.0	76.0	76.0	76.0	76.0	77.0	77.0	77.0	76.0
14:55:3:0	76.14285714285714	76.28571428571428	76.42857142857142	76.57142857142856	76.7142857142857
14:55:8:0	76.85714285714283	76.99999999999997	77.14285714285711	77.28571428571425	77.42857142857139
14:55:13:0	77.57142857142853	77.71428571428567	77.8571428571428	77.99999999999994	78.0	78.0	78.0
14:55:18:0	78.0	78.0	78.0	78.0	78.0	78.0	77.0
14:55:23:0	77.42857142857143	77.85714285714286	78.28571428571429	78.71428571428572	79.14285714285715
14:55:28:0	79.57142857142858	80.00000000000001	80.0	80.0	80.0	79.0	77.0	77.0
14:55:33:0	77.0	76.0	74.0	74.0	74.0	74.0	74.0
14:55:38:0	74.0	74.15384615384616	74.30769230769232	74.46153846153848	74.61538461538464
14:55:43:0	74.7692307692308	74.92307692307696	75.07692307692312	75.23076923076928	75.38461538461544
14:55:48:0	75.5384615384616	75.69230769230776	75.84615384615392	76.00000000000009	76.15384615384625
14:55:53:0	76.3076923076924	76.46153846153857	76.61538461538473	76.76923076923089	76.92307692307705
14:55:58:0	77.07692307692321	77.23076923076937	77.38461538461553	77.53846153846169	77.69230769230785
14:56:3:0	77.84615384615401	78.00000000000017	78.0	78.0	78.0	78.0	79.0	79.0	79.0	80.0	80.0
14:56:8:0	81.0	81.0	81.0	81.0	81.0	81.0	80.0	80.0	79.0	79.0	77.0	77.0	77.0
14:56:13:0	76.0	76.0	76.0	76.0	76.0	77.0
14:56:18:0	77.5	78.0	78.5	79.0	79.5
14:56:23:0	80.0	80.5	81.0	81.5	82.0
14:56:28:0	82.5	83.0	83.5	84.0	84.5
14:56:33:0	85.0	85.0	83.0	81.0	81.0	79.0	79.0	77.0
14:56:38:0	75.0	75.0	75.03448275862068	75.06896551724137	75.10344827586205	75.13793103448273
14:56:43:0	75.17241379310342	75.2068965517241	75.24137931034478	75.27586206896547	75.31034482758615
14:56:48:0	75.34482758620683	75.37931034482752	75.4137931034482	75.44827586206888	75.48275862068957
14:56:53:0	75.51724137931025	75.55172413793093	75.58620689655162	75.6206896551723	75.65517241379298
14:56:58:0	75.68965517241367	75.72413793103435	75.75862068965503	75.79310344827572	75.8275862068964
14:57:3:0	75.86206896551708	75.89655172413777	75.93103448275845	75.96551724137913	75.99999999999982	76.0	76.0
14:57:8:0	76.0	76.0	74.0	74.0	74.0	73.0	73.0	73.0	73.0	72.0	72.0
14:57:13:0	72.0	72.0	72.0	72.0	72.0	73.0	74.0	74.0	75.0
14:57:18:0	76.0	77.0	77.0	77.0	77.0	77.0	77.0	77.0	75.0	75.0	75.0
14:57:23:0	74.0	74.0	73.0	72.0	72.0	72.0	71.0	71.0	71.0	71.0
14:57:28:0	72.0	72.0	73.0	73.0	73.0	75.0	75.0	75.0	75.0	75.0	75.0	75.0
14:57:33:0	74.0	72.5	71.0	71.0	71.0	71.0	71.0	72.0	72.0
14:57:38:0	72.0	73.0	75.0	75.0	75.0	78.0	78.0	79.0	79.0	79.0	79.0	79.0	79.0
14:57:43:0	79.0	79.0	78.0	78.0	78.0	78.0	77.0	77.0
14:57:48:0	76.0	76.0	76.0	76.0	76.0	76.0	76.0	76.0	76.0	76.0	76.0	76.0
14:57:53:0	76.0	76.0	76.0	76.0	76.0	76.0	76.0	76.0	76.0	76.0	76.0	76.0	76.0	76.0	76.0	76.0	76.0
14:57:58:0	75.0	75.0	75.0	75.0	75.0	75.0	75.0	75.0	75.0	74.0	74.0	74.0
14:58:3:0	74.0	74.0	74.0	74.0	74.0	74.0	74.0	73.0	73.0	73.0	73.0	73.0	73.0	73.0	73.0	73.0
14:58:8:0	72.0	72.0	72.0	72.0	72.0	72.0	72.0	72.0	72.0	73.0	73.0	73.0	72.0	72.0	72.0	72.0
14:58:13:0	72.0	72.0	72.0	73.0	73.0	73.0	75.0	75.0	75.0	78.0	78.0	78.0
14:58:18:0	78.0	80.0	80.0	80.0	80.0	82.0	82.0	82.0	82.0	82.0	82.0	82.0	83.0	83.0	83.0	83.0	82.0	82.0	82.0
14:58:23:0	82.0	82.0	82.0	82.0	82.0	82.0	80.0	80.0	80.0	79.0	79.0	79.0	79.0	77.0	77.0	77.0	76.0
14:58:28:0	76.0	77.0	78.0	78.0	78.0	80.0	80.0
14:58:33:0	79.6	79.19999999999999	78.79999999999998	78.39999999999998	77.99999999999997
14:58:38:0	77.59999999999997	77.19999999999996	76.79999999999995	76.39999999999995	75.99999999999994	76.0	76.0
14:58:43:0	76.0	76.0	77.0	77.0	77.0	79.0	79.0	80.0	80.0	80.0	80.0
14:58:48:0	81.0	81.0	81.0	81.0	81.0	81.0	80.5	80.0	80.0	80.0
14:58:53:0	80.0	80.0	80.5	81.0	81.0	82.0	82.0	82.0	82.0	83.0	83.0	83.0
14:58:58:0	83.0	84.0	84.0	84.5	85.0	85.0	85.0	85.0	85.0	85.0	85.0
14:59:3:0	85.0	83.0	83.0	82.0	82.0	82.0	80.0	80.0	79.0	77.0
14:59:8:0	76.0	75.0	75.0	73.0	73.0	73.0	73.0	73.25	73.5
14:59:13:0	73.75	74.0	74.0	74.0	74.0	74.0	74.0	74.0	73.0	73.0	73.0	73.0	73.0	73.0
14:59:18:0	73.0	73.0	73.0	73.0	74.0	74.0	75.0	75.0	76.0
14:59:23:0	75.0	75.0	75.0	75.0	75.0	75.0	75.0	75.0	76.0	76.0	76.0	76.5
14:59:28:0	77.0	77.0	77.5	78.0	78.0	78.0	77.6	77.19999999999999
14:59:33:0	76.79999999999998	76.39999999999998	75.99999999999997	75.59999999999997	75.19999999999996
14:59:38:0	74.79999999999995	74.39999999999995	73.99999999999994	74.0	74.0	74.0	74.0	74.0	74.0	75.0	75.0	75.0
14:59:43:0	75.0	75.0	75.0	76.0	78.0	78.0	80.0	82.0
14:59:48:0	82.0	83.0	84.0	84.0	85.0	85.0	85.0	84.0	83.0	83.0
14:59:53:0	83.0	83.0	82.0	82.0	82.0	80.0	80.0	80.0	78.0	78.0	78.0	78.0	78.0	79.0	79.0
14:59:58:0	79.0	80.0	80.0	80.0	81.0	81.0	80.66666666666667	80.33333333333334
15:0:3:0	80.00000000000001	80.0	80.0	78.0	78.0	78.0	78.0	77.0	77.0	77.0	77.0	75.5	74.0	74.0
15:0:8:0	75.0	75.0	75.0	77.0	77.0	77.0	79.0	79.0	79.0	79.0	81.0	81.0	81.0	81.0
15:0:13:0	82.0	82.0	82.0	82.0	82.0	82.0	82.0	82.0	82.0	82.0	82.0	81.0	81.0	81.0	81.0	81.0	81.0	81.0
15:0:18:0	81.0	81.0	81.0	81.0	81.0	81.0	81.0	81.0	81.0	81.0	81.0	81.0	81.0	81.0	80.0	80.0
15:0:23:0	80.0	80.0	80.0	78.0	78.0	78.0	78.0	77.0	77.0	77.0	77.0	75.0	75.0	75.0	74.0
15:0:28:0	74.0	74.0	74.0	74.0	75.0	76.0	76.0	76.0	77.0	77.0	79.0	79.0
15:0:33:0	79.0	79.0	79.0	79.0	79.0	79.0	79.0	79.0	78.0	78.0	78.0	78.0	77.0	77.0	77.0	77.0	76.0	76.0
15:0:38:0	76.0	76.0	76.0	77.0	77.0	78.0	78.0	79.0	79.0	79.0	79.0	80.0	80.0	80.0	80.0	81.0	81.0
15:0:43:0	81.0	80.0	80.0	80.0	80.0	80.0	80.0	80.0	80.0	80.0	80.0	80.0	80.0	80.0	78.0	78.0	76.0
15:0:48:0	76.0	76.0	76.0	75.0	74.0	74.0	74.0	74.0	74.0	74.0	74.0	74.0	74.0	74.0
15:0:53:0	75.0	75.0	75.0	75.0	75.0	75.0	75.0	75.0	75.0	75.0	75.0	74.0	74.0
15:0:58:0	72.0	72.0	72.0	72.0	71.0	70.0	71.0	71.0	71.0	71.0	73.0	73.0	73.0	73.0
15:1:3:0	74.0	74.0	74.0	74.0	74.0	76.0	76.0	77.0	77.0	78.0	78.0	78.0	80.0	80.0	80.0
15:1:8:0	80.0	82.0	82.0	82.0	84.0	84.0	84.0	84.0	84.0	87.0	87.0	87.0	87.0	89.0	89.0	89.0	89.0	92.0	92.0	92.0
15:1:13:0	92.0	93.0	93.0	94.0	94.0	94.0	94.0	93.0	93.0	93.0	93.0	93.0	93.0	93.0	93.0	93.0	92.0
15:1:18:0	92.0	92.0	90.0	90.0	89.0	89.0	88.0	88.0	87.0	87.0	87.0	87.0	86.0
15:1:23:0	86.0	86.0	86.0	85.0	85.0	85.0	85.0	84.0	84.0	84.0	84.0	82.0	82.0	82.0	81.0	81.0	81.0	81.0	79.0
15:1:28:0	79.0	79.0	78.0	78.0	78.0	78.0	78.0	76.0	76.0	76.0	76.0	75.0	75.0	75.0	74.0	74.0	74.0
15:1:33:0	74.0	74.0	74.0	73.0	73.0	73.0	73.0	73.0	73.0	73.0	73.0	73.0	74.0	74.0	74.0	74.0	75.0	75.0	75.0
15:1:38:0	75.0	77.0	77.0	78.0	78.0	78.0	77.0	77.0	77.0	77.0	77.0	77.0	77.0	75.0	75.0
15:1:43:0	74.0	74.0	74.0	72.0	72.0	72.0	72.0	72.0	72.0	73.0	73.0	73.0	73.0	75.0	75.0	75.0
15:1:48:0	77.0	77.0	77.0	77.0	78.0	78.0	78.0	78.0	79.0	79.0	79.0	79.0	79.0	79.0	79.0	77.0	77.0
15:1:53:0	77.0	76.0	76.0	76.0	76.0	75.0	75.0	75.0	75.0	75.0	74.0	74.0	74.0	75.0	75.0	75.0	75.0	76.0	76.0
