14:28:45:0	77.0	77.0	78.0	78.0	78.0	78.0	78.0	80.0	80.0	80.0	80.0	81.0	81.0	81.0	81.0	82.0	82.0	82.0	82.0	81.0
14:28:50:0	81.0	81.0	81.0	81.0	79.0	79.0	78.0	78.0	78.0	78.0	78.0	78.0	78.0	78.0	79.0
14:28:55:0	79.0	79.0	79.0	81.0	81.0	81.0	81.0	82.0	82.0	82.0	82.0	83.0	83.0	83.0	83.0	83.0	83.0	83.0	83.0	83.0
14:29:0:0	83.0	83.0	83.0	83.0	83.0	83.0	83.0	83.0	84.0	84.0	84.0	84.0	84.0	84.0	84.0	84.0	84.0	84.0	84.0
14:29:5:0	84.0	84.0	84.0	84.0	84.0	84.0	84.0	84.0	84.0	84.0	84.0	84.0	84.0	84.0	84.0	84.0	84.0	84.0	84.0	84.0
14:29:10:0	84.0	84.0	84.0	84.0	84.0	83.0	83.0	83.0	83.0	82.0	82.0	82.0	82.0	82.0	82.0	80.0	80.0
14:29:15:0	80.0	79.0	79.0	79.0	79.0	79.0	79.0	79.0	79.0	79.0	79.0	80.0	80.0
14:29:20:0	80.0	80.0	81.0	81.0	81.0	81.0	82.0	82.0	82.0	82.0	84.0	84.0	84.0	84.0	85.0	85.0	85.0	85.0
14:29:25:0	87.0	88.0	88.0	88.0	88.0	88.0	88.0	88.0	88.0	88.0	88.0	86.0	86.0	86.0	86.0	85.0	85.0
14:29:30:0	85.0	85.0	84.0	84.0	84.0	84.0	84.0	85.0	85.0	85.0	85.0	86.0	86.0	86.0	86.0	87.0	87.0	87.0	87.0	87.0
14:29:35:0	87.0	87.0	87.0	88.0	88.0	88.0	88.0	88.0	88.0	88.0	88.0	88.0	87.0	87.0	87.0	87.0	87.0	87.0
14:29:40:0	87.0	87.0	87.0	87.0	87.0	87.0	87.0	86.0	86.0	86.0	86.0	85.0	85.0	85.0	85.0	84.0	84.0	84.0	84.0	84.0
14:29:45:0	83.0	83.0	83.0	83.0	83.0	83.0	83.0	83.0	83.0	83.0	83.0	84.0	84.0	84.0	84.0	85.5
14:29:50:0	87.0	87.0	87.0	87.0	87.0	87.0	87.0	87.0	87.0	87.0	87.0	87.0	87.0	87.0	87.0	87.0	87.0	87.0	85.0	85.0	85.0
14:29:55:0	85.0	84.0	84.0	84.0	84.0	83.0	83.0	83.0	83.0	83.0	83.0	83.0	83.0	83.0	83.0	83.0	83.0	83.0	84.0
14:30:0:0	84.0	85.0	85.0	85.0	85.0	86.0	86.0	88.0	88.0	88.0	88.0	89.0	89.0	89.0
14:30:5:0	89.0	89.0	89.0	89.0	89.0	89.0	89.0	89.0	89.0	89.0	89.0	89.0	89.0	89.0	89.0	89.0
14:30:10:0	89.0	89.0	89.0	90.0	90.0	90.0	90.0	91.0	91.0	91.0	91.0	92.0	92.0	92.0	92.0
14:30:15:0	93.0	93.0	93.0	93.0	93.0	93.0	93.0	93.0	92.0	92.0	92.0	92.0	91.0	91.0	91.0	91.0	90.0	90.0	90.0	90.0	90.0
14:30:20:0	90.0	90.0	90.0	89.0	89.0	89.0	89.0	89.0	89.0	89.0	89.0	87.0	87.0	87.0	87.0	86.0	86.0	86.0	86.0
14:30:25:0	84.0	84.0	84.0	83.0	83.0	83.0	84.0	84.0	84.0	85.0	85.0	85.0	86.0	86.0	86.0	86.0
14:30:30:0	86.0	86.0	86.0	86.0	86.0	87.0	87.0	87.0	87.0	87.0	87.0	87.0	87.0	87.0	87.0	87.0	87.0	87.0	87.0	87.0	87.0
14:30:35:0	87.0	87.0	87.0	87.0	87.0	87.0	87.0	87.0	88.0	88.0	88.0	88.0	88.0	88.0	88.0	88.0	87.0	87.0	87.0
14:30:40:0	87.0	87.0	87.0	87.0	87.0	86.0	86.0	86.0	86.0	86.0	85.0	85.0	85.0	85.0	85.0	85.0	85.0
14:30:45:0	85.0	85.0	85.0	85.0	85.0	85.0	86.0	86.0	86.0	86.0	86.0	86.0	86.0	86.0	86.0	87.0	87.0	87.0	86.0	86.0
14:30:50:0	86.0	86.0	86.0	86.0	85.0	85.0	85.0	85.0	85.0	85.0	85.0	85.0	84.0	84.0	84.0	84.0	83.0
14:30:55:0	83.0	83.0	83.0	83.0	83.0	83.0	83.0	83.0	83.0	83.0	83.0	83.0	83.0	83.0	83.0	83.0	83.0	84.0
14:31:0:0	84.0	84.0	84.0	84.0	84.0	84.0	84.0	84.0	84.0	84.0	84.0	84.0	85.0	85.0	85.0	85.0	85.0	85.0	85.0
14:31:5:0	84.0	84.0	84.0	84.0	84.0	84.0	84.0	84.0	84.0	84.0	84.0	84.0	84.0	84.0	84.0	84.0	84.0	85.0
14:31:10:0	87.0	87.0	87.0	88.0	88.0	88.0	89.0	89.0	88.5	88.0	88.0	88.0
14:31:15:0	88.0	87.0	87.0	87.0	87.0	87.0	87.0	87.0	87.0	87.0	87.0	87.0	87.0	87.0	87.0	87.0	88.0	88.0	88.0
14:31:20:0	88.0	90.0	90.0	90.0	90.0	90.0	90.0	90.0	90.0	88.5	87.0	87.0	85.0	85.0
14:31:25:0	85.0	84.0	84.0	84.0	84.0	84.0	84.0	84.0	84.0	84.0	84.0	85.0	85.0	85.0	85.0	86.0
14:31:30:0	86.0	86.0	86.0	86.0	86.0	86.0	86.0	86.0	86.0	86.0	86.0	86.0	86.0	86.0	85.0
14:31:35:0	85.0	85.0	85.0	85.0	85.0	85.0	85.0	85.0	85.0	85.0	86.0	86.0	86.0	86.0	85.0
14:31:40:0	85.0	85.0	85.0	85.0	85.0	85.0	85.0	84.0	84.0	84.0	84.0	84.0	84.0	84.0	84.0	84.0	84.0	84.0
14:31:45:0	84.0	84.0	85.0	85.0	85.0	85.0	87.0	87.0	87.0	87.0	89.0	89.0	89.0	89.0	90.0	90.0	90.0	90.0
14:31:50:0	91.0	91.0	91.0	91.0	91.0	91.0	91.0	91.0	90.0	90.0	90.0	90.0	90.0	88.0	88.0	88.0	88.0	87.0	87.0	87.0
14:31:55:0	87.0	85.0	85.0	85.0	81.0	81.0	81.0	81.0	81.0	81.0	81.0	82.0	82.0	82.0	83.0	83.0	83.0
14:32:0:0	83.0	84.0	84.0	85.0	85.0	85.0	84.0	84.0	84.0	84.0	84.0	84.0	84.0	82.0	82.0
14:32:5:0	82.0	81.0	81.0	81.0	81.0	81.0	81.0	81.0	81.0	82.0	82.0	82.0	82.0	83.0	83.0	83.0	84.0	84.0
14:32:10:0	84.0	84.0	85.0	85.0	84.0	84.0	84.0	84.0	84.0	84.0	84.0	84.0	84.0	84.0	84.0	84.0	84.0	84.0	84.0
14:32:15:0	84.0	84.0	84.0	84.0	84.0	84.0	84.0	84.0	84.0	84.0	85.0	85.0	85.0	85.0	85.0	85.0	85.0	85.0	85.0	86.0
14:32:20:0	86.0	86.0	87.0	87.0	87.0	87.0	88.0	88.0	88.0	87.0	87.0	87.0	87.0	87.0
14:32:25:0	87.0	87.0	87.0	87.0	87.0	87.0	87.0	87.0	87.0	87.0	87.0	87.0	87.0	87.0	88.0	89.0
14:32:30:0	89.0	89.0	89.0	89.0	89.0	89.0	89.0	89.0	88.0	88.0	88.0	88.0	88.0	88.0	88.0	87.0	87.0	87.0
14:32:35:0	87.0	87.0	87.0	87.0	87.0	87.0	87.0	87.0	86.0	86.0	86.0	86.0	86.0	86.0	86.0	86.0	86.0	86.0
14:32:40:0	86.0	86.0	86.0	86.0	86.0	87.0	87.0	87.0	87.0	87.0	87.0
14:32:45:0	87.0	87.0	88.0	88.0	88.0	88.0	89.0	89.0	89.0	89.0	89.0	89.0	89.0
14:32:50:0	89.0	89.0	89.0	89.0	89.0	89.0	89.0	89.0	89.0	88.0	88.0	88.0	88.0	88.0	88.0	88.0	88.0	87.0	87.0
14:32:55:0	87.0	86.0	86.0	86.0	86.0	86.0	86.0	86.0	86.0	86.0	85.0	85.0	85.0	85.0	85.0	85.0	86.0
14:33:0:0	86.0	86.0	86.0	86.0	86.0	85.0	85.0	85.0	85.0	84.0	84.0	84.0	83.0
14:33:5:0	83.0	83.0	83.0	83.0	83.0	83.0	83.0	83.0	83.0	83.0	83.0	82.0	82.0	82.0	82.0	82.0
14:33:10:0	81.0	81.0	81.0	80.0	79.0	79.0	78.0	78.0	78.0	79.0	79.0	79.0
14:33:15:0	80.0	80.0	80.0	81.0	81.0	81.0	81.0	83.0	83.0	83.0	83.0	83.0	83.0	83.0	83.0	83.0	83.0
14:33:20:0	83.0	83.0	83.0	83.0	83.0	83.0	83.0	83.0	83.0	83.0	83.0	83.0	84.0	84.0	84.0	84.0	85.0	85.0	85.0
14:33:25:0	85.0	87.0	87.0	87.0	87.0	87.0	87.0	87.0	88.0	88.0	88.0	88.0	88.0	88.0	88.0	88.0	88.0	88.0	88.0
14:33:30:0	88.0	88.0	88.0	88.0	88.0	88.0	88.0	88.0	88.0	88.0	88.0	88.0	88.0	87.0	87.0	87.0	87.0	87.0
14:33:35:0	87.0	86.0	86.0	86.0	86.0	86.0	86.0	86.0	86.0	86.0	86.0	86.0	86.0	86.0
14:33:40:0	86.0	87.0	87.0	87.0	87.0	87.0	87.0	87.0	87.0	87.0	88.0	88.0	88.0	88.0	88.0	88.0	88.0	88.0	88.0
14:33:45:0	88.0	88.0	88.0	88.0	88.0	88.0	88.0	87.0	87.0	87.0	86.0	86.0	85.0	85.0
14:33:50:0	84.0	84.0	84.0	84.0	83.0	83.0	83.0	82.0	82.0	82.0	83.0	83.0	83.0	83.0	83.0	83.0	83.0
14:33:55:0	84.0	84.0	84.0	84.0	84.0	84.0	83.0	83.0	83.0	83.0	82.0	82.0
14:34:0:0	81.0	81.0	81.0	81.0	81.0	81.0	82.0	82.0	82.0	82.0	82.0	82.0	82.0	82.5
14:34:5:0	83.0	83.0	83.0	83.0	83.0	84.0	84.0	84.0	84.0	84.0	84.0	84.0	84.0	84.0	84.0	84.0	84.0	84.0	85.0
14:34:10:0	85.0	85.0	85.0	85.0	85.0	85.0	86.0	86.0	86.0	86.0	86.0	86.0	86.0	86.0	87.0	87.0
14:34:15:0	87.0	88.0	88.0	88.0	88.0	88.0	88.0	88.0	88.0	88.0	87.0	87.0	87.0	85.0	85.0
14:34:20:0	85.0	85.0	85.0	84.0	84.0	84.0	84.0	83.0	83.0	83.0	83.0	83.0	83.0	83.0	83.0	83.0	83.0
14:34:25:0	83.0	83.0	83.0	83.0	83.0	83.0	83.0	83.0	83.0	83.0	83.0	83.0	84.0	84.0	84.0	84.0	84.0	84.0	84.0	85.0
14:34:30:0	85.0	85.0	85.0	85.0	85.0	85.0	85.0	86.0	86.0	86.0	86.0	86.0	86.0	86.0	86.0	86.0	86.0	86.0
14:34:35:0	86.0	86.0	86.0	86.0	87.0	87.0	87.0	87.0	86.0	86.0	86.0	86.0	86.0	86.0	86.0	86.0	86.0	86.0
14:34:40:0	86.0	86.0	86.0	86.0	86.0	87.0	87.0	88.0	88.0	88.0	88.0	89.0	89.0	89.0	89.0	88.0	88.0	88.0	88.0
14:34:45:0	88.0	88.0	88.0	87.0	87.0	87.0	86.0	86.0	85.0	85.0	85.0	84.0	84.0
14:34:50:0	84.0	84.0	84.0	84.0	84.0	86.0	86.0	86.0	86.0	86.0	88.0	88.0	88.0	90.0	90.0	90.0	90.0	91.0	91.0
14:34:55:0	91.0	91.0	91.0	91.0	91.0	91.0	91.0	91.0	91.0	91.0	90.0	90.0	90.0	90.0	90.0	90.0	90.0	90.0	90.0
14:35:0:0	90.0	90.0	90.0	90.0	90.0	90.0	90.0	90.0	90.0	90.0	90.0	90.0	90.0	90.0	90.0	89.0	89.0	89.0	89.0	88.0
14:35:5:0	88.0	88.0	88.0	86.0	86.0	86.0	85.0	85.0	85.0	85.0	83.0	83.0	83.0	83.0	81.0	81.0	81.0	81.0	81.0
14:35:10:0	81.0	81.0	81.0	82.0	82.0	82.0	82.0	83.0	83.0	83.0	83.0	84.0	84.0	84.0	84.0	85.0	85.0	85.0	85.0
14:35:15:0	85.0	85.0	85.0	85.0	86.0	86.0	86.0	86.0	86.0	86.0	86.0	86.0	86.0	86.0	86.0	86.0	86.0	86.0
14:35:20:0	87.0	87.0	87.0	87.0	87.0	87.0	87.0	87.0	87.0	87.0	87.0	87.0	87.0	87.0	88.0	88.0	88.0	88.0
14:35:25:0	88.0	88.0	88.0	88.0	88.0	88.0	88.0	88.0	88.0	89.0	89.0	89.0	89.0	89.0	89.0	89.0	89.0	89.0	89.0	89.0
14:35:30:0	89.0	89.0	89.0	89.0	89.0	89.0	90.0	90.0	92.0	92.0	92.0	92.0	93.0	93.0	93.0	94.0	94.0
14:35:35:0	93.0	93.0	93.0	93.0	93.0	93.0	92.0	92.0	92.0	92.0	90.0	90.0	90.0	90.0	89.0	89.0
14:35:40:0	89.0	89.0	87.0	87.0	87.0	87.0	87.0	87.0	87.0	87.0	87.0	87.0	87.0	87.0	87.0	87.0	87.0
14:35:45:0	87.0	87.0	87.0	86.0	86.0	86.0	86.0	86.0	86.0	86.0	86.0	86.0	86.0	86.0	86.0	86.0
14:35:50:0	86.0	86.0	86.0	86.0	87.0	87.0	87.0	87.0	88.0	88.0	88.0	89.0	89.0	89.0	89.0	89.0	89.0
14:35:55:0	89.0	89.0	87.0	87.0	87.0	86.0	86.0	86.0	85.0	85.0	85.0	85.0	85.0	85.0
14:36:0:0	86.0	86.0	86.0	86.0	87.0	87.0	87.0	87.0	88.0	88.0	88.0	88.0	88.0	89.0	89.0	89.0	89.0	89.0	89.0	89.0
14:36:5:0	89.0	90.0	90.0	90.0	90.0	90.0	90.0	90.0	90.0	90.0	90.0	89.0	89.0	89.0	89.0	89.0	89.0	89.0
14:36:10:0	89.0	88.0	88.0	88.0	88.0	87.0	87.0	87.0	87.0	87.0	87.0	87.0	87.0	86.0	86.0	86.0	86.0	86.0	86.0
14:36:15:0	86.0	87.0	87.0	87.0	87.0	87.0	89.0	90.0	90.0	91.0	91.0	91.0	92.0	92.0
14:36:20:0	92.0	92.0	92.0	91.0	91.0	91.0	91.0	88.0	88.0	88.0	88.0	87.0	87.0	87.0	87.0	85.0	85.0
14:36:25:0	85.0	85.0	85.0	85.0	85.0	85.0	83.0	83.0	83.0	83.0	84.0	84.0	84.0	84.0	86.0	86.0	86.0	87.0
14:36:30:0	87.0	87.0	87.0	88.0	88.0	88.0	88.0	87.0	87.0	87.0	87.0	87.0	87.0	87.0	85.0	85.0	85.0	85.0	83.0
14:36:35:0	83.0	83.0	83.0	83.0	81.0	81.0	81.0	81.0	81.0	81.0	81.0	81.0	82.0	82.0	82.0	82.0	82.0	82.0	82.0
14:36:40:0	82.0	82.0	82.0	82.0	82.0	82.0	82.0	81.0	81.0	80.0	80.0	80.0	79.0
14:36:45:0	78.0	78.0	78.0	78.0	78.0	78.0	78.0	78.0	78.0	78.0	78.0	78.0	78.0	78.0	79.0	79.0	79.0
14:36:50:0	79.0	79.0	79.0	79.0	79.0	78.0	78.0	78.0	78.0	78.0	78.0	78.0	78.0	78.0	78.0	78.0	79.0	79.0
14:36:55:0	79.0	79.0	80.0	80.0	81.0	81.0	81.0	81.0	81.0	81.0	82.0	82.0	82.0	82.0
14:37:0:0	84.0	84.0	84.0	84.0	84.0	84.0	84.0	85.0	85.0	85.0	84.0	84.0	84.0	83.0
14:37:5:0	83.0	81.0	81.0	81.0	81.0	80.0	80.0	80.0	78.0	78.0	78.0	78.0	78.0
14:37:10:0	80.0	82.0	82.0	82.0	84.0	84.0	85.0	85.5	86.0	86.0	86.0
14:37:15:0	85.0	85.0	83.0	83.0	83.0	82.0	82.0	82.0	81.0	81.0	81.0	82.0
14:37:20:0	82.0	82.0	82.0	82.0	84.0	84.0	84.0	84.0	85.0	85.0	85.0	85.0	85.0	85.0	85.0	86.0	86.0	86.0
14:37:25:0	84.0	84.0	84.0	83.0	83.0	83.0	82.0	82.0	83.0	83.0	83.0	83.0	85.0	85.0
14:37:30:0	85.0	88.0	88.0	88.0	88.0	89.0	89.0	89.0	89.0	89.0	89.0	89.0	89.0	89.0	89.0
14:37:35:0	87.0	86.0	86.0	85.0	85.0	85.0	85.0	85.0	84.0
14:37:40:0	83.0	83.0	83.0	83.0	83.0	83.0	83.0	83.0	82.0	82.0
14:37:45:0	82.0	82.0	82.0	82.0	82.0	82.0	82.0	81.0	81.0	81.0	81.0	81.0	81.0	81.0	82.0	82.0	82.0	82.0	82.0	82.0
14:37:50:0	82.0	82.0	83.0	83.0	83.0	83.0	83.0	83.0	83.0	84.0	84.0	84.0	84.0	84.0	84.0	84.0
14:37:55:0	84.0	84.0	84.0	84.0	85.0	85.0	85.0	85.0	85.0	85.0	85.0	85.0
14:38:0:0	85.0	85.0	85.0	85.0	86.0	86.0	86.0	86.0	86.0	86.0	86.0	86.0	86.0	86.0	86.0	86.0	86.0	86.0
14:38:5:0	86.0	86.0	86.0	86.0	85.0	85.0	85.0	85.0	85.0	85.0	85.0	85.0	85.0	85.0	85.0	85.0	85.0
14:38:10:0	85.0	85.0	85.0	86.0	86.0	86.0	86.0	86.0	87.0	87.0	87.0	87.0
14:38:15:0	86.0	86.0	86.0	86.0	86.0	86.0	86.0	85.0	85.0	85.0	85.0	85.0	85.0
14:38:20:0	85.0	85.0	85.0	85.0	84.0	84.0	84.0	84.0	84.0	84.0	84.0	85.0	85.0	85.0
14:38:25:0	85.0	86.0	86.0	86.0	86.0	86.0	86.0	86.0	87.0	87.0	87.0	87.0	87.0	87.0	87.0	87.0	88.0	88.0
14:38:30:0	88.0	88.0	88.0	89.0	89.0	89.0	90.0	90.0	90.0	90.0	90.0	90.0	91.0	91.0
14:38:35:0	91.0	91.0	91.0	91.0	91.0	89.0	89.0	89.0	89.0	88.0	87.0	87.0	87.0	86.0
14:38:40:0	86.0	85.0	84.0	84.0	84.0	83.0	83.0	83.0	83.0	83.0	83.0	83.0
