15:12:48:0	81.0	81.0	81.0	81.0	81.0	81.0	81.0	81.0	81.0	81.0	80.0	80.0	80.0	80.0	80.0	79.0	79.0	79.0	79.0	79.0
15:12:53:0	79.0	79.0	80.0	80.0	80.0	81.0	81.0	81.0	83.0	83.0	83.0	83.0	86.0	86.0	86.0	86.0	86.0
15:12:58:0	88.0	88.0	88.0	88.0	90.0	90.0	90.0	90.0	91.0	91.0	91.0	91.0	91.0	91.0	91.0	91.0	91.0	91.0	91.0	91.0
15:13:3:0	91.0	91.0	91.0	91.0	91.0	89.0	89.0	89.0	88.0	88.0	88.0	88.0	88.0	88.0	88.0	88.0	86.0	86.0	86.0	86.0
15:13:8:0	85.0	85.0	85.0	85.0	83.0	83.0	83.0	83.0	80.0	80.0	80.0	80.0	80.0	79.0	79.0	79.0	79.0	79.0	79.0	79.0
15:13:13:0	79.0	80.0	80.0	80.0	80.0	80.0	80.0	80.0	80.0	81.0	81.0	81.0	80.0	80.0	80.0	80.0	80.0
15:13:18:0	80.0	80.0	78.0	78.0	78.0	77.0	77.0	77.0	77.0	75.0	75.0	75.0	75.0	73.0	73.0	73.0	73.0	72.0	72.0	72.0
15:13:23:0	72.0	72.0	73.0	73.0	75.0	75.0	75.0	75.0	77.0	77.0	77.0	77.0	79.0	79.0	79.0	79.0	80.0	80.0
15:13:28:0	80.0	80.0	80.0	80.0	80.0	80.0	80.0	80.0	80.0	78.0	78.0	78.0	78.0	78.0	78.0	78.0	78.0
15:13:33:0	78.0	78.0	78.0	80.0	80.0	80.0	80.0	81.0	81.0	81.0	81.0	82.0	82.0	82.0	82.0	82.0	82.0	82.0	82.0	82.0	81.0
15:13:38:0	81.0	81.0	80.0	80.0	80.0	80.0	78.0	78.0	76.0	76.0	76.0	75.0	75.0	75.0	75.0
15:13:43:0	75.0	75.0	75.0	75.0	76.0	76.0	76.0	76.0	77.0	77.0	77.0	77.0	78.0	78.0	78.0	78.0	79.0	79.0	79.0	79.0
15:13:48:0	80.0	80.0	80.0	80.0	80.0	80.0	80.0	80.0	80.0	80.0	80.0	80.0	80.0	81.0	81.0	81.0	82.0	82.0	82.0
15:13:53:0	82.0	82.0	82.0	82.0	83.0	83.0	83.0	83.0	83.0	83.0	83.0	83.0	84.0	84.0	84.0	84.0	85.0	85.0	85.0
15:13:58:0	85.0	86.0	86.0	86.0	86.0	86.0	86.0	86.0	86.0	87.0	87.0	87.0	87.0	86.0	86.0	86.0	86.0	85.0	85.0
15:14:3:0	85.0	83.0	83.0	83.0	81.0	81.0	81.0	80.0	80.0	80.0	80.0	80.0	80.0	80.0	81.0	81.0
15:14:8:0	81.0	81.0	81.0	81.0	81.0	81.0	81.0	81.0	81.0	81.0	81.0	81.0	81.0	81.0	81.0	80.0	80.0	80.0	80.0	79.0	79.0
15:14:13:0	79.0	79.0	78.0	78.0	78.0	78.0	78.0	78.0	78.0	78.0	78.0	78.0	78.0	78.0	78.0	77.0	77.0	77.0	77.0	77.0
15:14:18:0	77.0	77.0	77.0	75.0	75.0	75.0	75.0	75.0	75.0	75.0	75.0	75.0	75.0	75.0	76.0	76.0	76.0	76.0
15:14:23:0	77.0	77.0	77.0	77.0	78.0	78.0	78.0	78.0	80.0	80.0	80.0	80.0	80.0	80.0	80.0	80.0	80.0	80.0	80.0
15:14:28:0	79.0	79.0	79.0	78.0	78.0	78.0	78.0	77.0	77.0	77.0	77.0	78.0	78.0	78.0	78.0	79.0	79.0	79.0	79.0
15:14:33:0	81.0	81.0	81.0	81.0	81.0	82.0	82.0	82.0	82.0	82.0	82.0	82.0	82.0	82.0	82.0	82.0	80.0	80.0	80.0
15:14:38:0	80.0	79.0	79.0	79.0	79.0	77.0	77.0	77.0	77.0	77.0	75.0	75.0	75.0	75.0	74.0	74.0	74.0	74.0	75.0	75.0	75.0
15:14:43:0	75.0	77.0	77.0	77.0	77.0	79.0	79.0	79.0	80.0	80.0	80.0	80.0	80.0	80.0	80.0	80.0	80.0
15:14:48:0	80.0	80.0	79.0	79.0	78.0	78.0	80.0	80.0	80.0	82.0	82.0	82.0	84.0	84.0
15:14:53:0	84.0	84.0	84.0	85.0	85.0	85.0	85.0	85.0	85.0	85.0	84.0	84.0	84.0	84.0	82.0	82.0	82.0	82.0	81.0
15:14:58:0	81.0	81.0	81.0	81.0	81.0	81.0	81.0	81.0	81.0	81.0	81.0	81.0	81.0	81.0	81.0	81.0	81.0	81.0	81.0
15:15:3:0	81.0	81.0	81.0	81.0	81.0	81.0	81.0	81.0	81.0	81.0	81.0	81.0	82.0	82.0	82.0	82.0	83.0	83.0	83.0
15:15:8:0	83.0	84.0	84.0	84.0	85.0	85.0	85.0	86.0	86.0	86.0	86.0	86.0	86.0	86.0	86.0	87.0	87.0	87.0
15:15:13:0	87.0	87.0	87.0	87.0	88.0	88.0	88.0	89.0	89.0	89.0	89.0	90.0	90.0	90.0	90.0	91.0	91.0	91.0	91.0
15:15:18:0	91.0	91.0	91.0	91.0	91.0	91.0	91.0	91.0	91.0	91.0	91.0	91.0	91.0	91.0	91.0	91.0	91.0	92.0
15:15:23:0	92.0	92.0	92.0	92.0	92.0	92.0	92.0	92.0	91.0	91.0	91.0	91.0	91.0	91.0	91.0	89.0	89.0
15:15:28:0	89.0	89.0	88.0	88.0	88.0	88.0	86.0	86.0	86.0	86.0	84.0	84.0	82.0	82.0	82.0	81.0	81.0
15:15:33:0	81.0	81.0	81.0	81.0	81.0	82.0	82.0	82.0	84.0	84.0	84.0	86.0	86.0	86.0	88.0
15:15:38:0	88.0	88.0	89.0	89.0	89.0	89.0	89.0	89.0	89.0	89.0	88.0	88.0	88.0	88.0	87.0	87.0	87.0	87.0	86.0
15:15:43:0	86.0	86.0	84.0	84.0	84.0	83.0	83.0	83.0	83.0	82.0	82.0	82.0	82.0	82.0	82.0	82.0
15:15:48:0	82.0	82.0	82.0	83.0	83.0	83.0	83.0	83.0	83.0	83.0	82.0	82.0	82.0	82.0	81.0	81.0	81.0	81.0
15:15:53:0	80.0	80.0	80.0	80.0	78.0	78.0	78.0	78.0	77.0	77.0	77.0	77.0	76.0	76.0	76.0	76.0	76.0	79.0	79.0	79.0
15:15:58:0	79.0	81.0	81.0	81.0	81.0	84.0	84.0	84.0	86.0	86.0	86.0	87.0	87.0	87.0
15:16:3:0	87.0	86.0	86.0	86.0	86.0	86.0	85.0	85.0	85.0	85.0	85.0	85.0	84.0	84.0	84.0	84.0	84.0	84.0	84.0
15:16:8:0	84.0	83.0	83.0	83.0	83.0	83.0	83.0	83.0	83.0	82.0	82.0	82.0	82.0	83.0	83.0	83.0	83.0	84.0	84.0
15:16:13:0	84.0	84.0	86.0	86.0	86.0	86.0	87.0	87.0	87.0	87.0	87.0	87.0	87.0	87.0	87.0	88.0	88.0	88.0	88.0
15:16:18:0	88.0	88.0	88.0	87.0	87.0	87.0	87.0	87.0	87.0	87.0	87.0	87.0	87.0	87.0	87.0	87.0
15:16:23:0	87.0	87.0	87.0	87.0	87.0	87.0	87.0	87.0	87.0	86.0	86.0	86.0	86.0	85.0	85.0	85.0	85.0	84.0
15:16:28:0	84.0	84.0	84.0	84.0	84.0	84.0	84.0	84.0	84.0	84.0	84.0	84.0	83.0	83.0	83.0	83.0	82.0	82.0	82.0
15:16:33:0	82.0	82.0	82.0	82.0	82.0	82.0	82.0	82.0	82.0	82.0	82.0	82.0	83.0	83.0	83.0	83.0	83.0	83.0	83.0
15:16:38:0	83.0	83.0	83.0	83.0	83.0	83.0	83.0	83.0	83.0	83.0	83.0	83.0	83.0	83.0	83.0
15:16:43:0	83.0	83.0	83.0	83.0	83.0	83.0	83.0	83.0	83.0	83.0	84.0	84.0	84.0	84.0
15:16:48:0	84.0	84.0	84.0	84.0	84.0	83.0	83.0	83.0	83.0	83.0	83.0	83.0	83.0	82.0	82.0	82.0	82.0	81.0	81.0
15:16:53:0	81.0	81.0	81.0	81.0	81.0	81.0	82.0	82.0	82.0	82.0	82.0	83.0	83.0	83.0	83.0	83.0	83.0	83.0	83.0	83.0	83.0
15:16:58:0	83.0	83.0	82.0	82.0	82.0	82.0	80.0	80.0	80.0	79.0	79.0	79.0	79.0	78.0	78.0	78.0	78.0
15:17:3:0	78.0	78.0	80.0	80.0	80.0	80.0	81.0	81.0	82.0	82.0	82.0	82.0	84.0	84.0	84.0	84.0	84.0
15:17:8:0	85.0	85.0	85.0	85.0	85.0	86.0	86.0	86.0	86.0	86.0	86.0	86.0	86.0	86.0	86.0	86.0
15:17:13:0	86.0	86.0	86.0	86.0	86.0	86.0	86.0	87.0	87.0	87.0	88.0	88.0	88.0	89.0	89.0	89.0
15:17:18:0	91.0	91.0	91.0	91.0	94.0	94.0	94.0	94.0	95.0	95.0	95.0	95.0	95.0	95.0	95.0	95.0	94.0	94.0	94.0
15:17:23:0	94.0	92.0	92.0	92.0	91.0	91.0	91.0	91.0	90.0	90.0	90.0	90.0	89.0	89.0	89.0	89.0	89.0
15:17:28:0	89.0	88.0	88.0	88.0	88.0	88.0	88.0	87.0	87.0	87.0	87.0	86.0	86.0	86.0	84.0	84.0	84.0
15:17:33:0	84.0	82.0	82.0	82.0	82.0	80.0	80.0	80.0	80.0	80.0	80.0	80.0	81.0	81.0	81.0	83.0	83.0
15:17:38:0	83.0	83.0	84.0	84.0	84.0	84.0	84.0	84.0	84.0	84.0	84.0	84.0	84.0	84.0	82.0	82.0	82.0	82.0	81.0
15:17:43:0	81.0	81.0	81.0	79.0	79.0	79.0	79.0	79.0	79.0	79.0	79.0	79.0	79.0	79.0	79.0	79.0	79.0	79.0	79.0	79.0	79.0
15:17:48:0	79.0	79.0	79.0	79.0	79.0	79.0	79.0	79.0	79.0	79.0	78.0	78.0	78.0	78.0	78.0	78.0	78.0
15:17:53:0	78.0	78.0	78.0	77.0	77.0	77.0	77.0	77.0	77.0	77.0	77.0	77.0	77.0	78.0	78.0
15:17:58:0	80.0	80.0	80.0	80.0	80.0	82.0	82.0	82.0	83.0	83.0	83.0	84.0	84.0	84.0	84.0	84.0	84.0	84.0	84.0
15:18:3:0	83.0	83.0	83.0	83.0	82.0	82.0	82.0	82.0	80.0	80.0	80.0	80.0	79.0	79.0	79.0	79.0	79.0	79.0	79.0
15:18:8:0	79.0	79.0	79.0	79.0	79.0	80.0	80.0	80.0	80.0	82.0	82.0	82.0	83.0	83.0	83.0	83.0	83.0
15:18:13:0	83.0	83.0	82.0	82.0	82.0	82.0	81.0	81.0	81.0	81.0	80.0	80.0	80.0	80.0	80.0	80.0	80.0	80.0	80.0	80.0	80.0
15:18:18:0	80.0	80.0	81.0	81.0	81.0	82.0	82.0	82.0	83.0	83.0	83.0	83.0	85.0	85.0	85.0
15:18:23:0	85.0	85.0	86.0	86.0	86.0	86.0	85.0	85.0	85.0	85.0	84.0	84.0	84.0	82.0	82.0	82.0	81.0
15:18:28:0	81.0	81.0	81.0	79.0	79.0	79.0	79.0	78.0	78.0	78.0	78.0	79.0	79.0	79.0	79.0	79.0	81.0	81.0	81.0	81.0
15:18:33:0	83.0	83.0	83.0	83.0	83.0	83.0	83.0	83.0	85.0	85.0	85.0	85.0	85.0	85.0	85.0	85.0	83.0	83.0	83.0	83.0	83.0
15:18:38:0	82.0	82.0	82.0	82.0	80.0	80.0	80.0	78.0	78.0	78.0	78.0	77.0	77.0	77.0	77.0	77.0	77.0
15:18:43:0	78.0	78.0	78.0	78.0	80.0	80.0	80.0	80.0	81.0	81.0	81.0	81.0	80.0	80.0	80.0	80.0	79.0	79.0	79.0
15:18:48:0	79.0	77.0	77.0	77.0	77.0	76.0	76.0	76.0	76.0	75.0	75.0	75.0	75.0	75.0	75.0	75.0	75.0	75.0	76.0	76.0	76.0
15:18:53:0	76.0	77.0	77.0	77.0	77.0	78.0	78.0	78.0	78.0	79.0	79.0	79.0	79.0	78.0	78.0	78.0	78.0	78.0	78.0	78.0
15:18:58:0	78.0	78.0	78.0	78.0	78.0	78.0	78.0	78.0	78.0	78.0	78.0	78.0	78.0	78.0	78.0	78.0	78.0	78.0	78.0
15:19:3:0	78.0	78.0	78.0	78.0	78.0	78.0	78.0	78.0	78.0	78.0	78.0	78.0	78.0	78.0	78.0	78.0	78.0
15:19:8:0	78.0	78.0	78.0	78.0	78.0	78.0	78.0	78.0	78.0	78.0	78.0	78.0	78.0	78.0	78.0	78.0	78.0	78.0	79.0
15:19:13:0	79.0	79.0	79.0	80.0	80.0	80.0	80.0	81.0	81.0	81.0	81.0	82.0	82.0	82.0	82.0	82.0	83.0	83.0	83.0	83.0
15:19:18:0	82.0	82.0	82.0	82.0	82.0	82.0	82.0	82.0	82.0	82.0	83.0	83.0	83.0	83.0
15:19:23:0	83.0	84.0	84.0	84.0	84.0	85.0	85.0	85.0	85.0	85.0	85.0	85.0	85.0	85.0	85.0	85.0	85.0	85.0	85.0	85.0
15:19:28:0	84.0	84.0	84.0	84.0	83.0	83.0	83.0	83.0	82.0	82.0	82.0	82.0	82.0	82.0	82.0	82.0	82.0	82.0	82.0
15:19:33:0	82.0	82.0	82.0	82.0	82.0	82.0	82.0	82.0	82.0	82.0	82.0	83.0	83.0	83.0	83.0	83.0	83.0
15:19:38:0	83.0	83.0	83.0	83.0	83.0	83.0	83.0	83.0	83.0	83.0	82.0	82.0	82.0	82.0	82.0	82.0	82.0	82.0	82.0
15:19:43:0	82.0	82.0	82.0	82.0	82.0	82.0	82.0	82.0	82.0	83.0	83.0	83.0	83.0	83.0	83.0	83.0	83.0	84.0	84.0
15:19:48:0	84.0	84.0	83.0	83.0	83.0	83.0	83.0	83.0	83.0	82.0	82.0	82.0	81.0	81.0	81.0	81.0
15:19:53:0	81.0	81.0	81.0	81.0	81.0	81.0	81.0	81.0	81.0	81.0	81.0	81.0	81.0	81.0	81.0	81.0	81.0	81.0	81.0
15:19:58:0	81.0	81.0	81.0	79.0	79.0	79.0	79.0	78.0	78.0	78.0	78.0	78.0	77.0	77.0	77.0	77.0	76.0	76.0	76.0	76.0
15:20:3:0	76.0	76.0	76.0	76.0	77.0	77.0	77.0	78.0	78.0	78.0	78.0	80.0	80.0	80.0	80.0	80.0	80.0	80.0
15:20:8:0	80.0	80.0	80.0	80.0	79.0	79.0	79.0	79.0	78.0	78.0	78.0	78.0	78.0	78.0	78.0	78.0	79.0	79.0	79.0
15:20:13:0	80.0	80.0	80.0	80.0	80.0	80.0	81.0	81.0	81.0	81.0	81.0	81.0	81.0	81.0	81.0	81.0
15:20:18:0	81.0	80.0	80.0	80.0	80.0	79.0	79.0	79.0	78.0	78.0	78.0	78.0	78.0
15:20:23:0	78.0	78.0	79.0	79.0	79.0	79.0	82.0	82.0	82.0	82.0	83.0	83.0	83.0	83.0	84.0	84.0	84.0	84.0	84.0	83.0
15:20:28:0	83.0	83.0	83.0	83.0	83.0	83.0	83.0	83.0	83.0	83.0	83.0	83.0	83.0	83.0	83.0	83.0	83.0	83.0	83.0
15:20:33:0	83.0	83.0	83.0	83.0	83.0	83.0	83.0	83.0	83.0	84.0	84.0	84.0	84.0	85.0	85.0	85.0	86.0
15:20:38:0	86.0	86.0	88.0	88.0	88.0	90.0	90.0	90.0	91.5	93.0	93.0	93.0	93.0	93.0
15:20:43:0	94.0	94.0	94.0	94.0	94.0	94.0	94.0	94.0	95.0	95.0	95.0	95.0	95.0	96.0	96.0	96.0	96.0	97.0	97.0	97.0	97.0
15:20:48:0	97.0	97.0	97.0	97.0	97.0	97.0	97.0	97.0	96.0	96.0	96.0	96.0	95.0	95.0	95.0
15:20:53:0	95.0	94.0	94.0	94.0	92.0	92.0	92.0	90.0	90.0	90.0	90.0	88.0	88.0	88.0	85.0	85.0	85.0
15:20:58:0	85.0	81.0	81.0	81.0	81.0	81.0	79.0	79.0	79.0	79.0	79.0	79.0	79.0	78.0	78.0	78.0	77.0	77.0
15:21:3:0	77.0	77.0	76.0	76.0	76.0	76.0	74.0	74.0	74.0	74.0	72.0	72.0	72.0	72.0	71.0	71.0	71.0	71.0	71.0	71.0
15:21:8:0	71.0	71.0	71.0	71.0	71.0	71.0	73.0	73.0	73.0	73.0	73.0	74.0	74.0	74.0	75.0
15:21:13:0	75.0	75.0	75.0	75.0	75.0	75.0	75.0	75.0	75.0	73.0	73.0	73.0	73.0	72.0	72.0	72.0	72.0	71.0
15:21:18:0	71.0	71.0	71.0	71.0	71.0	71.0	71.0	71.0	72.0	72.0	72.0	72.0	74.0	74.0	74.0	74.0	77.0	77.0	77.0	77.0	79.0
15:21:23:0	79.0	79.0	79.0	82.0	82.0	82.0	82.0	83.0	83.0	83.0	84.0	84.0	84.0	84.0	84.0	84.0	84.0	84.0
15:21:28:0	83.0	83.0	83.0	82.0	82.0	82.0	80.0	80.0	80.0	80.0	77.0	77.0	77.0	77.0	77.0	77.0	77.0
15:21:33:0	77.0	78.0	78.0	78.0	78.0	79.0	79.0	79.0	79.0	81.0	81.0	81.0	81.0	82.0	82.0	82.0	82.0	83.0	83.0	83.0
15:21:38:0	83.0	84.0	84.0	84.0	84.0	84.0	84.0	84.0	84.0	84.0	84.0	84.0	84.0	84.0	84.0	84.0	84.0	84.0	84.0	84.0
15:21:43:0	84.0	84.0	84.0	84.0	84.0	84.0	84.0	84.0	84.0	84.0	84.0	84.0	84.0	84.0	84.0	85.0
15:21:48:0	85.0	85.0	86.0	86.0	86.0	86.0	86.0	86.0	86.0	86.0	86.0	87.0	87.0	87.0	87.0	88.0	88.0	88.0	88.0	88.0
15:21:53:0	88.0	88.0	88.0	87.0	87.0	87.0	86.0	86.0	86.0	86.0	85.0	85.0	85.0	85.0	84.0	84.0	84.0	84.0	85.0
15:21:58:0	85.0	85.0	85.0	86.0	86.0	86.0	86.0	87.0	87.0	87.0	87.0	88.0	88.0	88.0	88.0	87.0	87.0	87.0	87.0	87.0
15:22:3:0	87.0	87.0	87.0	87.0	85.0	85.0	85.0	85.0	82.0	82.0	82.0	82.0	80.0	80.0	80.0	78.0	78.0	78.0	78.0
15:22:8:0	78.0	78.0	78.0	78.0	78.0	80.0	80.0	80.0	81.0	81.0	81.0	81.0	81.0	81.0	81.0
15:22:13:0	81.0	81.0	81.0	81.0	79.0	79.0	79.0	79.0	78.0	78.0	78.0	78.0	78.0	76.0	76.0	76.0	76.0	75.0	75.0	75.0
15:22:18:0	75.0	76.0	76.0	76.0	76.0	77.0	77.0	77.0	77.0	78.0	78.0	78.0	78.0	80.0	80.0	80.0	80.0	80.0	81.0	81.0
15:22:23:0	81.0	81.0	81.0	81.0	81.0	80.0	80.0	80.0	80.0	78.0	78.0	78.0	77.0	77.0	77.0	77.0	77.0	77.0	77.0
15:22:28:0	77.0	78.0	78.0	78.0	78.0	78.0	79.0	79.0	79.0	79.0	79.0	79.0	79.0	80.0	80.0	80.0	80.0	80.0	80.0
15:22:33:0	80.0	80.0	80.0	80.0	81.0	81.0	82.0	82.0	82.0	82.0	82.0	82.0	82.0	82.0	83.0
15:22:38:0	83.0	83.0	83.0	84.0	84.0	84.0	84.0	84.0	84.0	84.0	84.0	84.0	84.0	84.0	84.0	84.0	84.0	84.0	84.0	84.0
15:22:43:0	84.0	84.0	84.0	84.0	84.0	84.0	84.0	84.0	83.0	83.0	83.0	83.0	83.0	83.0	83.0	83.0	83.0
