17:12:22:0	82.0	82.0	81.0	81.0	81.0	81.0	80.0	80.0	80.0	80.0	79.0	79.0	79.0	79.0	79.0	79.0	79.0	79.0
17:12:27:0	79.0	79.0	79.0	79.0	79.0	79.0	79.0	79.0	79.0	77.0	76.0	76.0	76.0
17:12:32:0	75.0	75.0	75.0	74.0	74.0	74.0	73.0	73.0	73.0	73.0	73.0	73.0	73.0	73.0	73.0	73.0	73.0	73.0
17:12:37:0	73.0	73.0	73.0	74.0	74.0	74.0	74.0	75.0	75.0	75.0	75.0	75.0	75.0	76.0	76.0	76.0
17:12:42:0	76.0	76.0	76.0	76.0	76.0	77.0	77.0	77.0	77.0	77.0	77.0	77.0	77.0	77.0	77.0	77.0	77.0	77.0	77.0	77.0
17:12:47:0	77.0	76.0	75.0	75.0	75.0	75.0	74.0	74.0	74.0	74.0	74.0	74.0	75.0	75.0
17:12:52:0	75.0	76.0	76.0	76.0	76.0	77.0	77.0	77.0	77.0	78.0	78.0	78.0	78.0	78.0	77.0	76.0
17:12:57:0	76.0	75.0	75.0	74.0	74.0	73.0	73.0	73.0	74.0	74.0	74.0	74.0	75.0
17:13:2:0	75.0	75.0	75.0	75.0	75.0	75.0	75.0	75.0	75.0	75.0	75.0	75.0	75.0	74.0	74.0	74.0	74.0	73.0
17:13:7:0	73.0	73.0	73.0	73.0	73.0	73.0	74.0	74.0	74.0	74.0	74.0	74.0	74.0	74.0	74.0	74.0	74.0
17:13:12:0	74.0	74.0	74.0	74.0	73.0	73.0	73.0	73.0	72.0	72.0	72.0	72.0	72.0	72.0	72.0
17:13:17:0	72.5	73.0	73.0	73.0	73.0	75.0	75.0	75.0	76.0	76.0	76.0	76.0	76.0
17:13:22:0	76.0	77.0	77.0	77.0	77.0	76.0	76.0	76.0	76.0	75.0	75.0	75.0	73.0	73.0	73.0	73.0
17:13:27:0	72.0	72.0	72.0	72.0	73.0	73.0	74.0	74.0	74.0	74.0	76.0	76.0	76.0	76.0	77.0	77.0
17:13:32:0	77.0	78.0	78.0	78.0	77.0	77.0	77.0	77.0	76.0	76.0	76.0	74.0	73.0
17:13:37:0	73.0	71.0	71.0	71.0	71.0	70.0	70.0	70.0	69.0	69.0	69.0	69.0	69.0	69.0	69.0	69.0
17:13:42:0	69.0	70.0	70.0	71.0	71.0	71.0	72.0	72.0	71.0
17:13:47:0	71.0	71.0	71.0	71.0	71.0	70.0	70.0	70.0	70.0	70.0	70.0	70.0	70.0	70.0	70.0	70.0
17:13:52:0	70.0	70.0	70.0	70.0	70.0	70.0	70.0	70.0	70.0	71.0	71.0	71.0	71.0	71.0	71.0	72.0
17:13:57:0	72.0	72.0	72.0	73.0	73.0	73.0	74.0	74.0	74.0	74.0	74.0	74.0	74.0
17:14:2:0	75.0	75.0	75.0	75.0	75.0	75.0	74.0	74.0	74.0	74.0	74.0	74.0	74.0	73.0
17:14:7:0	73.0	73.0	73.0	73.0	73.0	73.0	73.0	73.0	73.0	73.0	74.0	74.0	74.0
17:14:12:0	74.0	74.0	74.0	74.0	74.0	74.0	74.0	74.0	74.0	74.0	74.0	74.0	74.0	73.0	73.0	73.0	73.0	73.0	73.0	73.0
17:14:17:0	73.0	73.0	73.0	73.0	73.0	73.0	73.0	73.0	73.0	73.0	73.0	73.0	73.0	74.0
17:14:22:0	74.0	74.0	74.0	74.0	75.0	75.0	75.0	75.0	75.0	75.0	75.0	75.0	75.0	75.0	75.0
17:14:27:0	75.0	75.0	75.0	75.0	75.0	75.0	75.0	75.0	75.0	75.0	75.0	75.0	75.0	75.0
17:14:32:0	75.0	75.0	76.0	76.0	76.0	76.0	76.0	76.0	76.0	76.0	76.0	76.0	77.0	77.0	77.0	76.0
17:14:37:0	76.0	76.0	76.0	76.0	75.0	75.0	75.0	74.0	74.0	74.0	73.0	73.0	73.0
17:14:42:0	73.0	73.0	73.0	73.0	73.0	73.0	74.0	74.0	74.0	75.0	75.0	75.0
17:14:47:0	75.0	76.0	75.0	75.0	75.0	75.0	75.0	73.0	73.0
17:14:52:0	73.0	73.0	73.0	73.0	73.0	73.0	74.0	74.0	74.0	74.0	74.0	74.0	75.0
17:14:57:0	75.0	75.0	75.0	75.0	75.0	75.0	75.0	75.0	75.0	75.0	75.0	75.0	74.0	74.0	74.0
17:15:2:0	74.0	74.0	73.0	73.0	73.0	73.0	73.0	73.0	73.0	73.0	73.0	73.0	73.0	73.0	73.0	74.0	74.0
17:15:7:0	74.0	74.0	75.0	75.0	75.0	75.0	75.0	75.0	75.0	75.0	75.0	75.0	75.0	75.0	75.0
17:15:12:0	75.0	75.0	75.0	75.0	75.0	75.0	75.0	75.0	77.0	77.0	77.0	79.0	79.0	79.0
17:15:17:0	80.0	80.0	80.0	80.0	81.0	82.0	82.0	81.0	80.0	80.0	80.0	80.0	79.0
17:15:22:0	79.0	79.0	77.0	77.0	77.0	74.0	74.0	74.0	74.0	74.0	74.0	74.0	74.0
17:15:27:0	74.0	74.0	74.0	74.0	74.0	74.0	74.0	74.0	75.0	75.0	75.0	75.0	75.0	75.0	75.0	74.0	74.0
17:15:32:0	73.0	73.0	73.0	72.0	72.0	72.0	71.0	71.0	71.0	71.0	71.0	71.0	71.0	71.0
17:15:37:0	71.0	72.0	72.0	72.0	72.0	73.0	73.0	73.0	73.0	73.0	74.0	74.0	74.0	74.0	74.0
17:15:42:0	74.0	74.0	74.0	73.0	73.0	73.0	73.0	73.0	73.0	73.0	73.0	73.0	73.0
17:15:47:0	73.0	74.0	74.0	74.0	74.0	75.0	75.0	75.0	75.0	76.0	76.0	76.0	76.0	76.0	76.0	76.0	76.0	76.0
17:15:52:0	76.0	76.0	76.0	76.0	76.0	76.0	74.0	74.0	74.0	73.0	73.0	72.0	72.0	72.0	72.0
17:15:57:0	72.0	73.0	73.0	73.0	73.0	74.0	74.0	74.0	74.0	74.0	74.0	75.0	75.0	75.0	75.0	75.0
17:16:2:0	74.0	74.0	74.0	74.0	74.0	74.0	74.0	74.0	74.0	74.0	74.0
17:16:7:0	75.0	75.0	75.0	75.0	75.0	75.0	75.0	75.0	75.0	75.0	75.0	75.0	75.0
17:16:12:0	75.0	75.0	75.0	75.0	75.0	75.0	75.0	75.0	75.0	75.0	75.0	75.0	76.0	76.0
17:16:17:0	76.0	76.0	76.0	76.0	75.0	75.0	75.0	75.0	75.0	75.0	75.0	75.0	75.0	75.0	76.0	76.0
17:16:22:0	76.0	76.0	76.0	76.0	76.0	77.0	77.0	77.0	77.0	77.0	77.0	77.0	77.0	78.0	78.0	78.0	78.0	79.0	79.0
17:16:27:0	79.0	79.0	79.0	79.0	79.0	79.0	80.0	80.0	81.0	81.0	81.0	80.0	80.0	80.0	80.0	80.0
17:16:32:0	80.0	80.0	80.0	80.0	80.0	80.0	78.0	78.0	78.0	78.0	78.0	78.0	78.0	78.0	78.0
17:16:37:0	77.0	77.0	76.0	76.0	76.0	75.0	75.0	75.0	74.0	74.0	74.0	74.0	74.0	74.0	74.0	74.0	74.0
17:16:42:0	74.0	74.0	75.0	75.0	75.0	77.0	77.0	77.0	77.0	77.0	77.0	77.0	77.0	77.0	77.0	77.0
17:16:47:0	76.0	76.0	76.0	75.0	75.0	74.0	74.0	74.0	74.0	74.0	74.0	74.0	74.0	74.0	74.0	74.0	74.0
17:16:52:0	74.0	74.0	74.0	74.0	74.0	74.0	74.0	75.0	75.0	75.0	75.0	74.0	74.0
17:16:57:0	74.0	74.0	74.0	74.0	74.0	74.0	74.0	74.0	74.0	74.0	74.0	74.0	74.0	76.0
17:17:2:0	76.0	76.0	76.0	76.0	77.0	77.0	77.0	77.0	77.0	77.0	77.0	78.0	78.0	78.0	78.0	77.0	77.0
17:17:7:0	77.0	76.0	76.0	76.0	75.0	75.0	75.0	75.0	75.0	75.0	75.0	75.0	75.0	75.0	75.0	76.0
17:17:12:0	76.0	76.0	76.0	76.0	76.0	76.0	77.0	77.0	77.0	78.0	78.0	78.0	78.0	78.0	78.0	78.0	78.0
17:17:17:0	78.0	77.0	77.0	77.0	77.0	75.0	75.0	75.0	74.0	74.0	74.0	74.0
17:17:22:0	74.0	74.0	74.0	75.0	75.0	76.0	76.0	76.0	76.0	78.0	78.0	78.0	78.0	78.0	78.0	78.0	78.0
17:17:27:0	79.0	79.0	79.0	79.0	79.0	79.0	78.0	78.0	78.0	78.0	78.0	78.0	78.0	78.0	78.0	78.0	78.0
17:17:32:0	78.0	78.0	78.0	78.0	79.0	79.0	79.0	79.0	79.0	79.0	79.0	79.0	79.0
17:17:37:0	79.0	79.0	79.0	79.0	79.0	79.0	79.0	79.0	79.0	79.0	79.0	79.0	79.0	79.0	79.0	79.0
17:17:42:0	79.0	80.0	80.0	80.0	80.0	80.0	80.0	80.0	80.0	79.0	79.0
17:17:47:0	79.0	79.0	79.0	79.0	79.0	79.0	79.0	79.0	79.0	79.0	79.0	79.0	79.0	79.0	79.0	79.0	79.0	79.0
17:17:52:0	79.0	79.0	78.0	78.0	78.0	78.0	78.0	78.0	77.0	77.0	77.0	77.0
17:17:57:0	77.0	77.0	77.0	77.0	77.0	77.0	77.0	77.0	77.0	77.0	77.0	77.0	77.0	77.0	77.0	77.0
17:18:2:0	77.0	77.0	76.0	76.0	76.0	76.0	76.0	76.0	76.0	76.0	76.0	76.0	76.0
17:18:7:0	76.0	77.0	77.0	77.0	77.0	77.0	77.0	77.0	77.0	77.0	77.0	77.0	77.0	77.0
17:18:12:0	78.0	78.0	78.0	78.0	78.0	78.0	78.0	78.0	78.0	78.0	78.0	77.0	77.0
17:18:17:0	76.0	76.0	76.0	74.0	74.0	74.0	73.0	73.0	73.0	73.0	73.0	73.0	73.0	73.0	73.0
17:18:22:0	73.0	73.0	73.0	73.0	74.0	74.0	74.0	74.0	73.0	73.0	73.0	73.0	73.0	73.0	73.0
17:18:27:0	73.0	73.0	73.0	74.0	74.0	74.0	74.0	74.0	74.0	74.0	75.0	75.0	76.0	76.0
17:18:32:0	76.0	76.0	77.0	77.0	77.0	77.0	78.0	78.0	78.0	78.0	78.0	78.0	78.0	78.0	77.0	77.0	77.0	77.0	76.0
17:18:37:0	76.0	74.0	74.0	74.0	74.0	73.0	73.0	73.0	73.0	73.0	73.0	73.0	73.0	74.0	74.0
17:18:42:0	74.0	74.0	74.0	75.0	76.0	76.0	76.0	76.0	77.0	77.0	77.0	77.0	76.0
17:18:47:0	76.0	76.0	75.0	75.0	75.0	75.0	74.0	74.0	73.0	73.0	73.0	73.0	73.0
17:18:52:0	73.0	73.0	73.0	74.0	74.0	74.0	74.0	75.0	75.0	75.0	75.0	75.0	75.0	75.0
17:18:57:0	75.0	75.0	75.0	75.0	75.0	75.0	75.0	74.0	74.0	74.0	74.0	74.0	74.0
17:19:2:0	74.0	74.0	74.0	74.0	73.0	73.0	73.0	73.0	73.0	73.0	73.0	73.0	73.0
17:19:7:0	73.0	73.0	73.0	73.0	73.0	73.0	73.0	73.0	73.0	73.0	73.0	74.0	74.0	74.0
17:19:12:0	74.0	73.0	73.0	73.0	73.0	73.0	73.0	73.0	73.0	73.0
17:19:17:0	74.0	75.0	75.0	75.0	75.0	75.0	75.0	75.0	76.0	76.0	76.0	76.0
17:19:22:0	75.0	75.0	75.0	75.0	75.0	75.0	75.0	75.0	75.0
17:19:27:0	75.0	75.0	75.0	74.0	74.0	74.0	74.0	74.0	74.0	74.0	74.0	74.0	74.0	74.0
17:19:32:0	74.0	74.0	74.0	75.0	76.0	76.0	76.0	76.0	76.0	76.0
17:19:37:0	76.0	76.0	76.0	76.0	75.0	75.0	75.0	75.0	75.0	76.0	76.0	76.0
17:19:42:0	76.0	76.0	77.0	77.0	77.0	77.0	77.0	77.0	78.0	78.0	78.0	77.0	77.0	77.0	77.0	77.0
17:19:47:0	77.0	76.0	76.0	76.0	76.0	76.0	76.0	75.0	75.0	75.0	75.0	75.0	75.0
17:19:52:0	75.0	75.0	75.0	75.0	75.0	75.0	75.0	76.0	76.0	76.0	76.0	76.0	76.0	77.0
17:19:57:0	77.0	77.0	77.0	77.0	76.0	76.0	76.0	76.0	76.0	76.0	76.0	76.0	76.0	76.0	76.0	76.0
17:20:2:0	76.0	76.0	76.0	76.0	76.0	77.0	77.0	78.0	78.0	78.0	78.0	78.0
17:20:7:0	78.0	78.0	78.0	77.0	76.0	76.0	76.0	76.0	76.0	76.0	76.0	76.0
17:20:12:0	76.0	76.0	76.0	76.0	76.0	77.0	77.0	77.0	77.0	77.0	77.0	78.0	78.0	78.0	80.0
17:20:17:0	80.0	80.0	80.0	81.0	83.0	83.0	83.0	83.0	83.0	83.0
17:20:22:0	82.0	82.0	82.0	81.0	81.0	81.0	80.0	80.0	80.0	79.0	79.0	79.0	79.0	78.0	78.0	78.0
17:20:27:0	77.0	77.0	76.0	75.0	75.0	75.0	75.0	75.0
17:20:32:0	75.0	75.0	75.0	76.0	76.0	76.0	76.0	76.0	76.0	76.0	76.0
17:20:37:0	76.0	76.0	76.0	75.0	75.0	75.0	74.0	74.0	74.0	73.0	73.0	73.0	74.0	74.0
17:20:42:0	74.0	75.0	75.0	76.0	76.0	76.0	76.0	76.0	76.0	77.0	77.0	77.0
17:20:47:0	76.0	76.0	76.0	76.0	76.0	76.0	74.0	74.0	73.0	73.0	73.0	73.0	73.0	73.0	74.0
17:20:52:0	74.0	75.0	75.0	75.0	76.0	77.0	77.0	78.0	78.0	78.0
17:20:57:0	77.5	77.0	77.0	77.0	76.0	76.0	76.0	75.0	75.0	75.0	75.0	75.0
17:21:2:0	75.0	75.0	75.0	75.0	75.0	76.0	76.0	76.0
17:21:7:0	75.0	75.0	75.0	75.0	75.0	75.0	75.0	75.0	75.0	75.0	75.0	75.0	75.0	75.0	75.0	75.0
17:21:12:0	75.0	75.0	75.0	74.0	74.0	74.0	74.0	74.0
17:21:17:0	74.0	74.0	74.0	74.0	74.0	74.0	74.0	74.0	74.0	74.0	74.0	74.0	74.0
17:21:22:0	74.0	74.0	74.0	74.0	74.0	74.0	73.0	73.0	73.0	73.0
17:21:27:0	73.0	73.0	73.0	73.0	73.0	74.0	74.0	74.0	74.0	75.0	75.0	75.0
17:21:32:0	75.0	75.0	75.0	75.0	75.0	75.0	75.0	75.0	75.0	74.0
17:21:37:0	74.0	74.0	73.0	73.0	73.0	73.0	73.0	73.0	73.0	73.0	73.0
17:21:42:0	74.0	74.0	74.0	74.0	74.0	74.0	74.0	73.0	72.0
17:21:47:0	72.0	72.0	72.0	72.0	73.0	73.0	73.0	73.0	73.0	73.0	74.0	74.0
17:21:52:0	74.0	74.0	74.0	74.0	74.0	74.0	74.0	75.0	75.0
17:21:57:0	75.0	75.0	75.0	75.0	75.0	75.0	75.0	75.0	75.0	76.0	76.0
17:22:2:0	77.0	77.0	77.0	77.0	78.0	78.0	78.0	78.0	78.0
17:22:7:0	77.0	77.0	77.0	77.0	77.0	77.0	77.0	77.0	77.0	78.0	78.0	78.0	79.0	79.0	79.0	80.0
17:22:12:0	80.0	80.0	80.0	80.0	81.0	81.0	81.0	81.0	80.0
17:22:17:0	80.0	80.0	80.0	80.0	80.0	80.0	79.0	79.0	79.0	79.0	79.0
