14:30:23:0	85.0	86.0	86.0	86.0	88.0	88.0	88.0	88.0	89.0	89.0	89.0	89.0	91.0	91.0	91.0	91.0	91.0	91.0	91.0
14:30:28:0	91.0	91.0	92.0	92.0	92.0	92.0	91.0	91.0	91.0	91.0	90.0	90.0	90.0	90.0	89.0	89.0	89.0	89.0	87.0	87.0
14:30:33:0	87.0	87.0	85.0	84.0	84.0	84.0	83.0	83.0	83.0	83.0	82.0	82.0	82.0	80.0
14:30:38:0	80.0	80.0	79.0	79.0	79.0	79.0	78.0	78.0	78.0	78.0	78.0	77.0	77.0	77.0	77.0	77.0	78.0
14:30:43:0	78.0	78.0	78.0	78.0	78.0	78.0	79.0	79.0	79.0	79.0	80.0	80.0	80.0	80.0	81.0	81.0	81.0	81.0	81.0
14:30:48:0	81.0	81.0	81.0	81.0	81.0	81.0	81.0	80.0	80.0	80.0	80.0	80.0	80.0	80.0	80.0	80.0	80.0
14:30:53:0	80.0	80.0	80.0	80.0	81.0	81.0	81.0	81.0	82.0	82.0	82.0	82.0	82.0	82.0	82.0	82.0	83.0	83.0	83.0	83.0
14:30:58:0	82.0	81.0	81.0	81.0	81.0	81.0	80.0	80.0	80.0	80.0	78.0	78.0	78.0	78.0	76.0	76.0	76.0
14:31:3:0	76.0	75.0	75.0	75.0	75.0	75.0	75.0	75.0	75.0	78.0	78.0	79.0	79.0
14:31:8:0	79.0	81.0	81.0	81.0	81.0	81.0	81.0	81.0	81.0	81.0	81.0	81.0	80.0	80.0	80.0	79.0	79.0	79.0
14:31:13:0	79.0	79.0	79.0	79.0	79.0	79.0	79.0	79.0	79.0	79.0	80.0	80.0	80.0	80.0	80.0	80.0	80.0	80.0	81.0	81.0
14:31:18:0	81.0	81.0	81.0	81.0	81.0	81.0	81.0	81.0	81.0	81.0	81.0	81.0	81.0	81.0	81.0	81.0	81.0
14:31:23:0	81.0	81.0	81.0	81.0	81.0	81.0	81.0	81.0	81.0	82.0	82.0	82.0	82.0	84.0	84.0	84.0	84.0	85.0
14:31:28:0	85.0	85.0	85.0	85.0	85.0	85.0	86.0	86.0	86.0	85.0	85.0	85.0	85.0	84.0	84.0	84.0
14:31:33:0	83.0	83.0	83.0	83.0	82.0	82.0	82.0	81.0	81.0	81.0	81.0	81.0	81.0	81.0	81.0	81.0	81.0	81.0
14:31:38:0	82.0	82.0	82.0	82.0	82.0	83.0	83.0	83.0	83.0	84.0	84.0	84.0	84.0	84.0	84.0	84.0	84.0	83.0	83.0	83.0
14:31:43:0	82.0	82.0	82.0	82.0	80.0	80.0	80.0	80.0	80.0	78.0	78.0	78.0	78.0	77.0	77.0	77.0	77.0	78.0	78.0	78.0
14:31:48:0	78.0	80.0	80.0	80.0	80.0	82.0	82.0	82.0	82.0	83.0	83.0	83.0	83.0	83.0	84.0	84.0	84.0	84.0	85.0	85.0
14:31:53:0	85.0	85.0	85.0	85.0	85.0	85.0	86.0	86.0	86.0	86.0	86.0	86.0	86.0	86.0	86.0	85.0	85.0
14:31:58:0	85.0	85.0	85.0	84.0	84.0	84.0	84.0	84.0	84.0	84.0	84.0	85.0	85.0	85.0	85.0	86.0	86.0	86.0	86.0	86.0	86.0
14:32:3:0	86.0	86.0	86.0	86.0	86.0	86.0	86.0	85.0	85.0	85.0	85.0	83.0	83.0	83.0	83.0	82.0	82.0	82.0	80.0
14:32:8:0	80.0	80.0	78.0	78.0	78.0	78.0	77.0	77.0	77.0	77.0	77.0	77.0	77.0	77.0	78.0	78.0	78.0	78.0
14:32:13:0	80.0	80.0	80.0	80.0	81.0	81.0	81.0	81.0	82.0	82.0	82.0	82.0	82.0	82.0	82.0	82.0	82.0	82.0	82.0	82.0
14:32:18:0	80.0	80.0	80.0	80.0	79.0	79.0	78.0	78.0	78.0	79.0	79.0	79.0	79.0	80.0	80.0	80.0	80.0
14:32:23:0	80.5	81.0	81.0	83.0	83.0	83.0	83.0	84.0	84.0	84.0	84.0	84.0	84.0	85.0	85.0
14:32:28:0	85.0	84.0	84.0	84.0	84.0	83.0	83.0	83.0	83.0	83.0	83.0	83.0	83.0	83.0	83.0	83.0	83.0	83.0	83.0	83.0	83.0
14:32:33:0	83.0	82.0	82.0	82.0	82.0	82.0	82.0	82.0	82.0	82.0	82.0	81.0	81.0	81.0	81.0	81.0
14:32:38:0	81.0	81.0	81.0	81.0	81.0	80.0	80.0	80.0	80.0	80.0	80.0	80.0	80.0	80.0	80.0	80.0	80.0	80.0
14:32:43:0	80.0	80.0	80.0	80.0	80.0	80.0	80.0	82.0	82.0	82.0	82.0	83.0	83.0	83.0	83.0	83.0
14:32:48:0	83.0	83.0	83.0	83.0	83.0	83.0	83.0	83.0	83.0	83.0	83.0	82.0	82.0	82.0	82.0	81.0	81.0	81.0	81.0	81.0
14:32:53:0	81.0	81.0	81.0	81.0	81.0	81.0	81.0	81.0	81.0	81.0	81.0	81.0	81.0	81.0	81.0	81.0	81.0	81.0
14:32:58:0	82.0	82.0	82.0	82.0	81.0	81.0	81.0	81.0	81.0	81.0	81.0	81.0	81.0	81.0	81.0	80.0	80.0
14:33:3:0	80.0	79.0	79.0	79.0	79.0	79.0	79.0	79.0	79.0	79.0	79.0	79.0	80.0	81.0	81.0	81.0	81.0
14:33:8:0	83.0	83.0	83.0	83.0	84.0	84.0	84.0	84.0	85.0	85.0	85.0	85.0	85.0	85.0	85.0
14:33:13:0	84.0	84.0	84.0	84.0	83.0	83.0	83.0	83.0	83.0	83.0	83.0	83.0	83.0	83.0	83.0	83.0	83.0	83.0
14:33:18:0	83.0	83.0	83.0	83.0	83.0	83.0	83.0	83.0	83.0	83.0	83.0	83.0	83.0	83.0	83.0	83.0	83.0	83.0	83.0	83.0	83.0
14:33:23:0	83.0	83.0	83.0	83.0	83.0	83.0	83.0	83.0	83.0	84.0	84.0	84.0	84.0	85.0	85.0	85.0	85.0	85.0	85.0
14:33:28:0	85.0	85.0	85.0	86.0	86.0	86.0	86.0	85.0	85.0	85.0	85.0	85.0	85.0	85.0	84.0	84.0	84.0
14:33:33:0	83.0	83.0	83.0	83.0	83.0	83.0	83.0	83.0	83.0	83.0	83.0	83.0	83.0	83.0	83.0	83.0	82.0
14:33:38:0	82.0	82.0	81.0	81.0	81.0	81.0	80.0	80.0	80.0	80.0	80.0	80.0	80.0	80.0	80.0	80.0	80.0	80.0
14:33:43:0	80.0	80.0	80.0	80.0	80.0	80.0	80.0	80.0	80.0	80.0	80.0	80.0	81.0	81.0	81.0	81.0	81.0	81.0	81.0	81.0
14:33:48:0	81.0	81.0	81.0	81.0	81.0	81.0	81.0	81.0	81.0	81.0	81.0	81.0	81.0	81.0	81.0	81.0	81.0	82.0
14:33:53:0	82.0	83.0	83.0	83.0	83.0	83.0	83.0	83.0	84.0	84.0	84.0	84.0	84.0	84.0	84.0	84.0
14:33:58:0	84.0	83.0	83.0	83.0	83.0	83.0	83.0	83.0	83.0	83.0	83.0	83.0	83.0	82.0	82.0
14:34:3:0	82.0	82.0	82.0	82.0	82.0	82.0	82.0	82.0	82.0	82.0	83.0	83.0	83.0	83.0	83.0	83.0	83.0	83.0	83.0	84.0
14:34:8:0	84.0	84.0	84.0	83.0	83.0	83.0	83.0	83.0	83.0	83.0	83.0	83.0	83.0	83.0	83.0	82.0	82.0	82.0	82.0	81.0
14:34:13:0	81.0	81.0	81.0	81.0	81.0	81.0	80.0	80.0	80.0	80.0	80.0	80.0	80.0	80.0	80.0	80.0	79.0
14:34:18:0	79.0	79.0	79.0	79.0	79.0	79.0	80.0	80.0	80.0	81.0	82.0	82.0	82.0	82.0
14:34:23:0	82.0	82.0	82.0	83.0	83.0	83.0	83.0	82.0	82.0	82.0	82.0	82.0	81.0	81.0	81.0	81.0	80.0	80.0	80.0	80.0
14:34:28:0	78.0	78.0	78.0	78.0	78.0	78.0	78.0	78.0	78.0	78.0	78.0	78.0	78.0	78.0	78.0	78.0	78.0	78.0	78.0
14:34:33:0	78.0	78.0	78.0	78.0	78.0	78.0	78.0	78.0	78.0	78.0	78.0	78.0	77.0	77.0	77.0	77.0	77.0	77.0	77.0
14:34:38:0	77.0	77.0	77.0	77.0	77.0	77.0	78.0	78.0	78.0	78.0	78.0	78.0	78.0	78.0	78.0	78.0	78.0	78.0	80.0
14:34:43:0	80.0	80.0	81.0	81.0	81.0	81.0	79.0	79.0	79.0	79.0	78.0	78.0	78.0	78.0	78.0
14:34:48:0	78.0	78.0	78.0	78.0	78.0	78.0	78.0	78.0	78.0	78.0	78.0	78.0	78.0	78.0	78.0	78.0	78.0	78.0	78.0	79.0
14:34:53:0	79.0	79.0	79.0	79.0	79.0	79.0	79.0	79.0	79.0	79.0	79.0	79.0	79.0	80.0	80.0	80.0	80.0	80.0
14:34:58:0	80.0	81.0	81.0	81.0	81.0	80.0	80.0	80.0	80.0	80.0	80.0	80.0	80.0	80.0	80.0	80.0	80.0
14:35:3:0	80.0	80.0	80.0	80.0	80.0	80.0	80.0	81.0	81.0	81.0	81.0	81.0	81.0	81.0	81.0	81.0	81.0	81.0
14:35:8:0	81.0	81.0	81.0	81.0	81.0	81.0	81.0	81.0	82.0	82.0	82.0	82.0	82.0	82.0	82.0	82.0	82.0
14:35:13:0	82.0	81.0	81.0	81.0	81.0	81.0	81.0	81.0	81.0	80.0	80.0	80.0	80.0	80.0	80.0	80.0	80.0	80.0	80.0	80.0	80.0
14:35:18:0	80.0	81.0	81.0	81.0	81.0	81.0	81.0	81.0	81.0	81.0	81.0	81.0	81.0	81.0	81.0	81.0	81.0	81.0	81.0	81.0
14:35:23:0	81.0	81.0	82.0	82.0	82.0	82.0	82.0	82.0	81.0	81.0	81.0	81.0	81.0	81.0	81.0	82.0
14:35:28:0	82.0	82.0	83.0	83.0	83.0	85.0	85.0	88.0	88.0	88.0	90.0	90.0	90.0	90.0	91.0
14:35:33:0	91.0	91.0	91.0	91.0	91.0	91.0	90.0	90.0	90.0	90.0	89.0	89.0	89.0	89.0	89.0	88.0	88.0	88.0	88.0	87.0
14:35:38:0	87.0	87.0	87.0	87.0	87.0	87.0	87.0	87.0	87.0	87.0	87.0	87.0	87.0	87.0	87.0
14:35:43:0	87.0	87.0	87.0	87.0	86.0	86.0	86.0	86.0	85.0	85.0	85.0	85.0	84.0	84.0	84.0	84.0	82.0	82.0	82.0	82.0
14:35:48:0	80.0	80.0	80.0	80.0	80.0	79.0	79.0	79.0	79.0	80.0	80.0	80.0	80.0	81.0	81.0	81.0	81.0	81.0	81.0
14:35:53:0	80.0	80.0	80.0	80.0	79.0	79.0	79.0	79.0	78.0	78.0	78.0	78.0	77.0	77.0	77.0	77.0	77.0	77.0	77.0
14:35:58:0	77.0	78.0	78.0	78.0	78.0	79.0	79.0	79.0	79.0	80.0	80.0	80.0	80.0	80.0	80.0	80.0	80.0	80.0	80.0
14:36:3:0	80.0	80.0	80.0	80.0	80.0	79.0	79.0	79.0	79.0	80.0	80.0	80.0	80.0	81.0	81.0	81.0	81.0	82.0	82.0	82.0
14:36:8:0	82.0	82.0	83.0	83.0	83.0	83.0	84.0	84.0	84.0	84.0	84.0	84.0	84.0	84.0	84.0	84.0	84.0	84.0	84.0	84.0
14:36:13:0	84.0	84.0	83.0	83.0	83.0	83.0	83.0	83.0	83.0	83.0	83.0	83.0	83.0	83.0	83.0	83.0
14:36:18:0	83.0	83.0	83.0	83.0	83.0	83.0	83.0	83.0	83.0	83.0	83.0	83.0	83.0	83.0	83.0	83.0	83.0	83.0
14:36:23:0	83.0	83.0	83.0	82.0	82.0	81.0	81.0	81.0	81.0	80.0	80.0	80.0	80.0	79.0	79.0	79.0	79.0	79.0
14:36:28:0	79.0	79.0	79.0	80.0	80.0	80.0	81.0	81.0	81.0	81.0	81.0	81.0	81.0	81.0	82.0	82.0	82.0	82.0
14:36:33:0	82.0	82.0	82.0	82.0	82.0	82.0	82.0	81.0	81.0	81.0	81.0	81.0	81.0	81.0	81.0	81.0	81.0
14:36:38:0	81.0	82.0	82.0	82.0	82.0	83.0	83.0	83.0	83.0	83.0	83.0	83.0	83.0	83.0	84.0	84.0	84.0	84.0	84.0	84.0
14:36:43:0	84.0	83.0	83.0	83.0	83.0	83.0	83.0	83.0	82.0	82.0	82.0	82.0	82.0	81.0	81.0	81.0	81.0	81.0
14:36:48:0	81.0	82.0	82.0	82.0	82.0	82.0	82.0	82.0	84.0	84.0	84.0	84.0	84.0	84.0	84.0	84.0	83.0	83.0
14:36:53:0	83.0	83.0	83.0	82.0	82.0	82.0	82.0	83.0	83.0	83.0	83.0	84.0	84.0	84.0	84.0	86.0	86.0	86.0	86.0	86.0
14:36:58:0	86.0	86.0	86.0	86.0	86.0	86.0	86.0	86.0	86.0	86.0	85.0	85.0	85.0	85.0	83.0	83.0	83.0	83.0	82.0
14:37:3:0	82.0	82.0	82.0	80.0	80.0	80.0	80.0	80.0	80.0	80.0	80.0	80.0	80.0	80.0	80.0	80.0	80.0
14:37:8:0	81.0	81.0	82.0	82.0	82.0	83.0	83.0	83.0	83.0	83.0	83.0	83.0	83.0	83.0	83.0	83.0	83.0	83.0
14:37:13:0	83.0	83.0	83.0	83.0	82.0	82.0	82.0	82.0	82.0	82.0	82.0	82.0	81.0	81.0	81.0	81.0	81.0	81.0	81.0
14:37:18:0	80.0	80.0	80.0	80.0	80.0	80.0	80.0	80.0	81.0	81.0	81.0	82.0	82.0	82.0	82.0	82.0	82.0	82.0
14:37:23:0	82.0	83.0	83.0	83.0	83.0	82.0	82.0	82.0	82.0	82.0	82.0	82.0	82.0	82.0	81.0	81.0	81.0	81.0	81.0	81.0
14:37:28:0	81.0	81.0	82.0	82.0	82.0	82.0	82.0	82.0	82.0	82.0	81.0	81.0	81.0	80.0	80.0	80.0	80.0	80.0	80.0
14:37:33:0	80.0	80.0	80.0	80.0	80.0	80.0	80.0	80.0	80.0	80.0	80.0	80.0	81.0	81.0	81.0	82.0	82.0
14:37:38:0	82.0	82.0	82.0	84.0	84.0	84.0	84.0	85.0	85.0	85.0	85.0	85.0	85.0	85.0	85.0	85.0	85.0	85.0	85.0	83.0
14:37:43:0	83.0	83.0	83.0	82.0	82.0	82.0	82.0	82.0	81.0	81.0	81.0	81.0	80.0	80.0	80.0	80.0	80.0	80.0
14:37:48:0	81.0	81.0	81.0	81.0	81.0	81.0	82.0	82.0	82.0	82.0	82.0	81.0	81.0	81.0	81.0	81.0	81.0	81.0	81.0
14:37:53:0	79.0	79.0	79.0	78.0	78.0	78.0	77.0	77.0	77.0	76.0	76.0	76.0	76.0	76.0	77.0	77.0	77.0
14:37:58:0	77.0	78.0	78.0	78.0	78.0	79.0	79.0	79.0	79.0	80.0	80.0	80.0	80.0	80.0	80.0	80.0	80.0	79.0	79.0	79.0	79.0
14:38:3:0	78.0	78.0	78.0	78.0	78.0	75.0	75.0	75.0	75.0	74.0	74.0	74.0	74.0	74.0	74.0	74.0	76.0	76.0
14:38:8:0	76.0	78.0	78.0	78.0	80.0	80.0	80.0	80.0	80.0	82.0	82.0	82.0	82.0	83.0	83.0	83.0	83.0	83.0	83.0
14:38:13:0	83.0	83.0	83.0	83.0	83.0	83.0	81.0	81.0	81.0	81.0	80.0	80.0	80.0	80.0	80.0	80.0	80.0	80.0	80.0	81.0
14:38:18:0	81.0	81.0	82.0	82.0	83.0	83.0	83.0	84.0	84.0	84.0	84.0	84.0	84.0	84.0	84.0	84.0	84.0
14:38:23:0	84.0	84.0	83.0	83.0	83.0	83.0	83.0	83.0	83.0	83.0	83.0	83.0	83.0	83.0	84.0	84.0	84.0	84.0	85.0
14:38:28:0	85.0	85.0	85.0	85.0	85.0	85.0	85.0	86.0	86.0	86.0	85.0	85.0	85.0	85.0	84.0	84.0	84.0	84.0
14:38:33:0	83.0	83.0	83.0	83.0	83.0	83.0	83.0	83.0	84.0	84.0	84.0	84.0	84.0	85.0	85.0	85.0	85.0	87.0	87.0	87.0	87.0
14:38:38:0	89.0	89.0	89.0	89.0	88.0	88.0	88.0	88.0	88.0	88.0	88.0	88.0	88.0	88.0	88.0	88.0	89.0	89.0
14:38:43:0	89.0	88.0	88.0	88.0	88.0	88.0	88.0	87.0	87.0	87.0	87.0	85.0	85.0	85.0	85.0	84.0	84.0	84.0
14:38:48:0	84.0	82.0	82.0	82.0	82.0	82.0	82.0	82.0	82.0	82.0	82.0	82.0	82.0	83.0	83.0	83.0	83.0	83.0	83.0
14:38:53:0	83.0	84.0	84.0	84.0	83.0	83.0	83.0	83.0	83.0	83.0	83.0	83.0	82.0	82.0	82.0	82.0	81.0	81.0
14:38:58:0	81.0	81.0	81.0	81.0	81.0	81.0	82.0	82.0	82.0	82.0	82.0	82.0	82.0	82.0	82.0	83.0	83.0	83.0	83.0	83.0
14:39:3:0	83.0	83.0	83.0	83.0	83.0	83.0	83.0	83.0	83.0	82.0	82.0	82.0	82.0	81.0	81.0	81.0
14:39:8:0	80.0	80.0	80.0	80.0	80.0	80.0	80.0	80.0	81.0	81.0	81.0	81.0	81.0	81.0	81.0	81.0	80.0	80.0	80.0	79.0
14:39:13:0	79.0	79.0	79.0	78.0	78.0	78.0	78.0	78.0	78.0	78.0	78.0	78.0	78.0	78.0	78.0
14:39:18:0	79.0	79.0	79.0	80.0	80.0	80.0	81.0	81.0	81.0	81.0	81.0	81.0	81.0	81.0	82.0	82.0
14:39:23:0	82.0	81.0	81.0	81.0	81.0	80.0	80.0	80.0	80.0	79.0	79.0	79.0	79.0	79.0	79.0	79.0	79.0	79.0	80.0	80.0	80.0
14:39:28:0	80.0	81.0	81.0	81.0	81.0	82.0	82.0	82.0	83.0	83.0	83.0	83.0	83.0	83.0	83.0	83.0	83.0
14:39:33:0	83.0	83.0	83.0	83.0	83.0	83.0	82.0	82.0	82.0	82.0	82.0	82.0	82.0	82.0	82.0	82.0	82.0	82.0	82.0	82.0
14:39:38:0	82.0	82.0	82.0	82.0	82.0	82.0	83.0	83.0	83.0	83.0	83.0	83.0	83.0	83.0	83.0	84.0	84.0	84.0	84.0	84.0	84.0
14:39:43:0	84.0	84.0	84.0	84.0	84.0	85.0	85.0	85.0	84.0	84.0	84.0	84.0	84.0	83.0	83.0	83.0	83.0	82.0
14:39:48:0	82.0	82.0	82.0	80.0	80.0	80.0	80.0	79.0	79.0	79.0	79.0	79.0	79.0	79.0	79.0	79.0	79.0	79.0	79.0
14:39:53:0	80.0	80.0	80.0	81.0	81.0	81.0	82.0	82.0	82.0	82.0	82.0	82.0	82.0	83.0	83.0	83.0	83.0
14:39:58:0	82.0	82.0	82.0	82.0	82.0	82.0	82.0	82.0	82.0	82.0	82.0	82.0	82.0	82.0	82.0	82.0	82.0	82.0	82.0
14:40:3:0	82.0	82.0	82.0	82.0	82.0	82.0	82.0	83.0	83.0	83.0	83.0	83.0	83.0	83.0	83.0	83.0	83.0	83.0	83.0
14:40:8:0	83.0	83.0	83.0	83.0	83.0	83.0	83.0	83.0	83.0	83.0	83.0	83.0	83.0	83.0	83.0	83.0	83.0	83.0	83.0	83.0
14:40:13:0	83.0	83.0	82.0	82.0	82.0	82.0	82.0	82.0	81.0	81.0	81.0	81.0	81.0	81.0	81.0	81.0	81.0
14:40:18:0	81.0	81.0	81.0	81.0	81.0	81.0	81.0	82.0	82.0	82.0	82.0	82.0	82.0	82.0	82.0	82.0	82.0
