13:36:8:0	80.0	80.0	80.0	80.0	80.0	80.0	79.0	79.0	79.0	79.0	79.0	79.0	79.0	79.0	77.0	77.0	77.0	77.0	76.0	76.0	76.0
13:36:13:0	76.0	76.0	74.0	74.0	74.0	74.0	72.0	72.0	72.0	72.0	71.0	71.0	71.0	70.0	70.0	70.0	70.0	71.0
13:36:18:0	71.0	71.0	70.0	70.0	70.0	70.0	70.0	70.0	68.0	68.0	68.0	68.0	67.0	67.0	67.0	67.0	66.0
13:36:23:0	66.0	66.0	66.0	65.0	65.0	65.0	65.0	64.0	64.0	64.0	64.0	64.0	64.0	64.0	64.0	64.0	64.0	64.0	64.0
13:36:28:0	64.0	65.0	65.0	65.0	65.0	65.0	65.0	65.0	66.0	66.0	66.0	66.0	65.0	65.0	65.0	65.0	65.0	65.0	65.0	65.0	65.0
13:36:33:0	64.0	64.0	64.0	64.0	64.0	64.0	64.0	64.0	64.0	64.0	64.0	64.0	64.0	64.0	64.0	64.0	65.0	65.0	65.0	65.0
13:36:38:0	66.0	66.0	66.0	66.0	66.0	67.0	67.0	67.0	68.0	68.0	69.0	69.0	69.0	71.0	71.0	71.0
13:36:43:0	71.0	71.0	71.0	71.0	71.0	73.0	73.0	73.0	73.0	74.0	74.0	74.0	74.0	74.0	74.0	74.0	74.0	73.0	73.0	73.0
13:36:48:0	73.0	73.0	73.0	73.0	73.0	73.0	73.0	73.0	73.0	73.0	73.0	73.0	73.0	73.0	73.0	73.0	73.0	73.0	73.0	73.0
13:36:53:0	73.0	73.0	74.0	74.0	74.0	74.0	73.0	73.0	73.0	73.0	73.0	73.0	73.0	73.0	72.0	72.0	72.0	71.0	71.0
13:36:58:0	71.0	71.0	70.0	70.0	70.0	70.0	69.0	69.0	69.0	68.0	68.0	68.0	68.0	68.0	68.0	68.0	68.0	68.0	68.0
13:37:3:0	68.0	68.0	69.0	69.0	69.0	70.0	70.0	70.0	70.0	70.0	70.0	70.0	70.0	70.0	70.0	70.0	70.0	70.0	70.0
13:37:8:0	70.0	70.0	70.0	69.0	69.0	69.0	69.0	70.0	70.0	70.0	70.0	72.0	72.0	72.0	72.0	72.0	73.0	73.0	73.0	73.0
13:37:13:0	74.0	74.0	74.0	74.0	75.0	75.0	75.0	75.0	74.0	74.0	74.0	74.0	74.0	74.0	74.0	74.0	73.0	73.0	73.0
13:37:18:0	73.0	72.0	72.0	72.0	72.0	71.0	71.0	71.0	70.0	70.0	70.0	70.0	70.0	70.0	70.0	70.0	70.0	70.0	70.0	70.0
13:37:23:0	70.0	70.0	70.0	70.0	70.0	70.0	70.0	70.0	70.0	70.0	70.0	70.0	71.0	71.0	71.0	71.0	71.0
13:37:28:0	71.0	71.0	71.0	71.0	71.0	71.0	71.0	71.0	71.0	70.0	70.0	70.0	70.0	70.0	69.0	69.0	69.0	69.0	69.0	69.0
13:37:33:0	69.0	69.0	71.0	71.0	71.0	73.0	73.0	73.0	75.0	75.0	75.0	76.0	76.0	76.0	76.0	76.0	77.0	77.0
13:37:38:0	77.0	77.0	78.0	78.0	78.0	78.0	78.0	78.0	78.0	78.0	79.0	79.0	79.0	79.0	79.0	79.0	79.0	79.0	79.0	79.0
13:37:43:0	79.0	79.0	79.0	78.0	78.0	78.0	78.0	78.0	78.0	78.0	78.0	78.0	78.0	78.0	78.0	78.0	78.0	78.0
13:37:48:0	79.0	79.0	79.0	79.0	79.0	79.0	79.0	78.0	78.0	78.0	78.0	78.0	78.0	78.0	77.0	77.0	77.0	77.0	76.0
13:37:53:0	76.0	76.0	76.0	76.0	76.0	76.0	76.0	78.0	78.0	78.0	78.0	79.0	79.0	79.0	79.0	79.0	80.0	80.0	80.0	80.0
13:37:58:0	79.0	79.0	79.0	79.0	79.0	79.0	79.0	77.0	77.0	77.0	77.0	76.0	76.0	76.0	74.0	74.0	74.0
13:38:3:0	74.0	72.0	72.0	72.0	72.0	71.0	71.0	71.0	71.0	71.0	71.0	71.0	71.0	74.0	74.0	74.0	74.0	75.0	75.0	75.0
13:38:8:0	75.0	75.0	75.0	75.0	75.0	75.0	74.0	74.0	74.0	74.0	74.0	74.0	74.0	75.0	75.0	75.0	75.0	75.0	75.0	75.0
13:38:13:0	75.0	75.0	75.0	75.0	75.0	74.0	74.0	74.0	74.0	74.0	74.0	74.0	74.0	74.0	74.0	74.0	74.0	74.0	75.0	75.0
13:38:18:0	75.0	75.0	76.0	76.0	76.0	76.0	77.0	77.0	77.0	77.0	77.0	77.0	77.0	77.0	76.0	76.0	76.0	76.0	76.0	75.0
13:38:23:0	75.0	75.0	75.0	73.0	73.0	73.0	73.0	72.0	72.0	72.0	72.0	72.0	72.0	72.0	72.0	72.0	72.0	72.0	72.0	72.0	72.0
13:38:28:0	72.0	72.0	72.0	73.0	73.0	73.0	74.0	74.0	74.0	75.0	75.0	75.0	75.0	77.0	77.0	77.0	77.0	78.0
13:38:33:0	78.0	78.0	78.0	78.0	78.0	78.0	78.0	78.0	78.0	78.0	78.0	78.0	78.0	78.0	78.0	78.0	77.0	77.0	77.0	77.0
13:38:38:0	76.0	76.0	76.0	76.0	76.0	76.0	76.0	76.0	77.0	77.0	77.0	77.0	78.0	78.0	78.0	78.0	78.0	78.0	78.0	78.0
13:38:43:0	78.0	78.0	78.0	76.0	76.0	76.0	75.0	75.0	75.0	75.0	74.0	74.0	74.0	74.0	74.0	74.0	74.0	74.0
13:38:48:0	74.0	74.0	74.0	74.0	74.0	75.0	75.0	75.0	75.0	75.0	75.0	75.0	75.0	75.0	75.0	75.0	75.0	75.0	75.0	75.0
13:38:53:0	75.0	75.0	75.0	75.0	75.0	75.0	75.0	75.0	75.0	75.0	75.0	75.0	75.0	75.0	76.0	76.0	76.0	77.0
13:38:58:0	77.0	77.0	79.0	79.0	79.0	81.0	81.0	81.0	81.0	82.0	82.0	82.0	82.0	83.0	83.0	83.0	83.0	83.0
13:39:3:0	83.0	83.0	83.0	83.0	83.0	83.0	83.0	83.0	83.0	83.0	83.0	83.0	83.0	83.0	84.0	84.0	84.0	84.0
13:39:8:0	84.0	84.0	84.0	83.0	83.0	83.0	83.0	83.0	83.0	83.0	83.0	82.0	82.0	82.0	82.0	80.0	80.0	80.0	80.0	80.0
13:39:13:0	80.0	80.0	80.0	80.0	79.0	79.0	79.0	79.0	78.0	78.0	78.0	78.0	77.0	77.0	77.0	77.0	75.0	75.0	75.0	74.0
13:39:18:0	74.0	74.0	74.0	74.0	74.0	74.0	74.0	74.0	74.0	74.0	74.0	74.0	74.0	73.0	73.0
13:39:23:0	72.0	72.0	72.0	70.0	70.0	70.0	70.0	69.0	69.0	69.0	69.0	69.0	67.0	67.0	67.0	67.0	66.0	66.0	66.0
13:39:28:0	66.0	66.0	66.0	66.0	66.0	66.0	66.0	66.0	66.0	67.0	67.0	67.0	67.0	67.0	67.0	67.0	68.0	68.0	68.0
13:39:33:0	68.0	68.0	68.0	68.0	69.0	69.0	69.0	69.0	69.0	69.0	69.0	70.0	70.0	70.0	71.0	71.0	71.0
13:39:38:0	71.0	72.0	72.0	72.0	72.0	73.0	73.0	73.0	73.0	74.0	74.0	74.0	73.0	73.0	73.0	73.0	73.0	73.0
13:39:43:0	73.0	73.0	72.0	72.0	72.0	72.0	71.0	71.0	71.0	71.0	72.0	72.0	73.0	73.0	73.0	73.0	73.0	73.0
13:39:48:0	73.0	73.0	74.0	74.0	74.0	74.0	74.0	74.0	74.0	74.0	75.0	75.0	75.0	75.0	75.0	75.0	75.0	75.0	75.0	76.0
13:39:53:0	76.0	76.0	76.0	76.0	76.0	76.0	76.0	76.0	76.0	76.0	76.0	76.0	76.0	76.0	76.0
13:39:58:0	76.0	76.0	75.0	75.0	75.0	75.0	75.0	75.0	75.0	75.0	76.0	76.0	76.0	76.0	76.0	76.0	76.0	76.0
13:40:3:0	76.0	76.0	76.0	76.0	76.0	76.0	76.0	76.0	76.0	74.0	74.0	74.0	74.0	73.0	73.0	73.0	73.0	72.0	72.0	72.0	72.0
13:40:8:0	71.0	71.0	71.0	70.0	70.0	70.0	70.0	70.0	70.0	70.0	70.0	70.0	70.0	70.0	72.0	72.0	72.0
13:40:13:0	72.0	73.0	73.0	73.0	73.0	74.0	74.0	74.0	74.0	75.0	75.0	75.0	75.0	74.0	74.0	74.0	74.0	73.0
13:40:18:0	73.0	73.0	73.0	73.0	73.0	73.0	73.0	73.0	73.0	73.0	73.0	73.0	74.0	74.0	74.0	74.0	74.0	74.0	74.0
13:40:23:0	74.0	74.0	74.0	74.0	74.0	74.0	73.0	73.0	73.0	73.0	72.0	72.0	72.0	72.0	70.0	70.0	70.0	70.0	70.0	70.0
13:40:28:0	70.0	70.0	70.0	70.0	70.0	72.0	72.0	72.0	72.0	72.0	72.0	72.0	72.0	72.0	72.0	72.0	72.0
13:40:33:0	72.0	72.0	72.0	71.0	71.0	71.0	71.0	71.0	71.0	71.0	71.0	72.0	72.0	72.0	72.0	72.0	73.0	73.0	73.0	74.0
13:40:38:0	74.0	74.0	75.0	75.0	75.0	75.0	75.0	75.0	75.0	75.0	75.0	75.0	75.0	76.0	76.0	76.0	76.0	77.0
13:40:43:0	77.0	77.0	77.0	77.0	78.0	78.0	78.0	78.0	79.0	79.0	79.0	79.0	80.0	80.0	80.0	80.0	80.0	80.0	80.0	80.0
13:40:48:0	80.0	80.0	80.0	80.0	79.0	79.0	79.0	79.0	76.0	76.0	76.0	76.0	76.0	76.0	76.0	76.0	76.0	76.0	76.0
13:40:53:0	76.0	77.0	77.0	77.0	79.0	79.0	79.0	79.0	79.0	79.0	79.0	79.0	79.0	79.0	79.0	79.0	79.0	79.0
13:40:58:0	79.0	78.0	78.0	78.0	78.0	78.0	78.0	78.0	78.0	79.0	79.0	79.0	79.0	80.0	80.0	80.0	80.0	80.0
13:41:3:0	81.0	82.0	82.0	82.0	82.0	81.0	81.0	81.0	81.0	81.0	81.0	81.0	79.0	79.0	79.0	78.0	78.0
13:41:8:0	78.0	78.0	76.0	76.0	76.0	76.0	76.0	74.0	74.0	74.0	74.0	74.0	74.0	74.0	74.0	75.0	75.0	75.0	77.0	77.0
13:41:13:0	77.0	77.0	77.0	77.0	77.0	77.0	77.0	77.0	77.0	76.0	76.0	76.0	76.0	75.0	75.0	75.0	75.0
13:41:18:0	74.0	74.0	74.0	73.0	73.0	73.0	72.0	72.0	72.0	72.0	72.0	72.0	72.0	72.0	72.0	71.0	71.0	71.0	71.0
13:41:23:0	70.0	70.0	70.0	70.0	70.0	70.0	70.0	70.0	69.0	69.0	69.0	69.0	69.0	69.0	70.0	70.0	70.0	70.0	70.0
13:41:28:0	71.0	71.0	71.0	71.0	71.0	72.0	72.0	72.0	72.0	72.0	72.0	72.0	72.0	71.0	71.0	71.0	71.0
13:41:33:0	71.0	71.0	71.0	71.0	71.0	71.0	71.0	72.0	72.0	72.0	72.0	73.0	73.0	73.0	73.0	74.0	74.0
13:41:38:0	74.0	74.0	74.0	74.0	74.0	74.0	74.0	74.0	73.0	73.0	73.0	73.0	72.0	72.0	72.0	71.0	71.0
13:41:43:0	71.0	71.0	71.0	71.0	71.0	70.0	70.0	70.0	71.0	71.0	71.0	71.0	72.0	72.0	72.0	72.0	72.0	73.0	73.0
13:41:48:0	73.0	73.0	73.0	73.0	73.0	73.0	74.0	74.0	74.0	74.0	75.0	75.0	75.0	75.0	76.0	76.0	76.0	76.0	76.0	76.0
13:41:53:0	76.0	76.0	76.0	76.0	76.0	76.0	76.0	76.0	76.0	76.0	77.0	77.0	77.0	77.0	77.0	77.0	77.0	77.0
13:41:58:0	77.0	77.0	77.0	77.0	77.0	77.0	77.0	75.0	75.0	75.0	75.0	75.0	74.0	74.0	74.0	74.0	73.0	73.0	73.0	73.0	73.0
13:42:3:0	73.0	73.0	73.0	74.0	74.0	74.0	74.0	74.0	74.0	74.0	75.0	75.0	75.0	75.0	75.0	75.0	75.0
13:42:8:0	75.0	75.0	75.0	75.0	73.0	73.0	73.0	72.0	72.0	72.0	72.0	71.0	71.0	71.0	71.0	71.0	71.0	71.0	71.0
13:42:13:0	71.0	70.0	70.0	70.0	70.0	70.0	70.0	70.0	70.0	71.0	71.0	71.0	71.0	72.0	72.0	72.0	72.0	74.0	74.0	74.0	74.0
13:42:18:0	76.0	76.0	76.0	76.0	78.0	78.0	78.0	78.0	78.0	80.0	80.0	80.0	80.0	81.0	81.0	81.0	81.0
13:42:23:0	81.0	80.0	80.0	80.0	79.0	79.0	79.0	79.0	79.0	79.0	79.0	79.0	79.0	79.0	78.0	78.0
13:42:28:0	78.0	77.0	77.0	76.0	76.0	76.0	76.0	75.0	75.0	75.0	75.0	74.0	74.0	74.0	74.0	74.0	74.0
13:42:33:0	74.0	74.0	74.0	72.0	72.0	72.0	72.0	71.0	71.0	71.0	71.0	70.0	70.0	70.0	70.0	70.0	70.0	70.0	70.0	70.0	70.0
13:42:38:0	70.0	70.0	70.0	72.0	72.0	72.0	72.0	74.0	74.0	74.0	74.0	76.0	76.0	76.0	76.0	76.0
13:42:43:0	76.0	76.0	76.0	76.0	76.0	76.0	76.0	75.0	75.0	75.0	75.0	75.0	74.0	74.0	74.0	74.0	74.0	74.0	74.0	74.0
13:42:48:0	75.0	75.0	75.0	75.0	75.0	75.0	75.0	75.0	76.0	76.0	76.0	76.0	76.0	76.0	76.0	77.0	77.0	77.0	77.0
13:42:53:0	77.0	77.0	77.0	77.0	77.0	77.0	77.0	77.0	76.0	76.0	76.0	76.0	76.0	76.0	76.0	77.0	77.0	77.0	77.0
13:42:58:0	77.0	78.0	78.0	78.0	78.0	78.0	78.0	78.0	78.0	78.0	78.0	78.0	78.0	75.0	75.0	75.0	75.0	74.0	74.0	74.0
13:43:3:0	74.0	73.0	73.0	73.0	73.0	73.0	72.0	72.0	72.0	72.0	71.0	71.0	71.0	71.0	71.0	71.0	71.0	72.0	72.0
13:43:8:0	72.0	71.0	71.0	71.0	71.0	71.0	71.0	71.0	71.0	70.0	70.0	70.0	70.0	70.0	70.0	70.0	70.0	70.0	70.0	70.0
13:43:13:0	70.0	70.0	71.0	71.0	71.0	72.0	72.0	72.0	72.0	73.0	73.0	73.0	74.0	74.0	74.0	74.0
13:43:18:0	74.0	74.0	74.0	75.0	75.0	75.0	75.0	75.0	75.0	75.0	75.0	75.0	75.0	75.0	75.0	75.0	75.0	75.0	75.0	75.0	75.0
13:43:23:0	75.0	75.0	75.0	75.0	75.0	75.0	75.0	75.0	75.0	75.0	75.0	75.0	75.0	75.0	75.0	75.0	75.0	75.0	75.0	75.0
13:43:28:0	75.0	75.0	75.0	75.0	75.0	75.0	75.0	75.0	75.0	75.0	75.0	75.0	75.0	76.0	76.0	76.0	76.0
13:43:33:0	76.0	76.0	76.0	77.0	77.0	77.0	77.0	77.0	77.0	77.0	77.0	77.0	77.0	77.0	77.0	77.0	77.0
13:43:38:0	77.0	77.0	77.0	76.0	76.0	76.0	75.0	75.0	75.0	75.0	74.0	74.0	74.0	74.0	73.0	73.0	73.0	73.0
13:43:43:0	73.0	73.0	73.0	73.0	73.0	72.0	72.0	72.0	72.0	71.0	71.0	71.0	71.0	71.0	71.0	71.0	71.0	71.0	71.0	71.0
13:43:48:0	71.0	72.0	72.0	72.0	72.0	72.0	72.0	72.0	72.0	72.0	72.0	72.0	72.0	72.0	72.0	72.0	72.0	72.0	71.0
13:43:53:0	71.0	71.0	70.0	70.0	70.0	69.0	69.0	69.0	69.0	68.0	68.0	68.0	68.0	68.0	68.0	68.0	68.0	68.0	68.0
13:43:58:0	68.0	68.0	68.0	68.0	68.0	68.0	69.0	69.0	69.0	69.0	71.0	71.0	71.0	73.0	73.0	73.0	74.0
13:44:3:0	74.0	74.0	74.0	76.0	76.0	76.0	76.0	76.0	76.0	76.0	76.0	76.0	76.0	76.0	76.0	76.0	76.0	76.0	73.0
13:44:8:0	73.0	73.0	73.0	73.0	72.0	72.0	72.0	72.0	71.0	71.0	71.0	71.0	70.0	70.0	70.0	70.0	70.0	70.0	70.0	70.0	70.0
13:44:13:0	70.0	70.0	70.0	70.0	70.0	70.0	70.0	71.0	71.0	71.0	71.0	72.0	72.0	72.0	72.0	72.0	72.0	72.0
13:44:18:0	73.0	73.0	73.0	73.0	73.0	73.0	73.0	73.0	74.0	74.0	74.0	74.0	75.0	75.0	75.0	75.0	75.0	76.0	76.0	76.0
13:44:23:0	75.0	75.0	75.0	74.0	74.0	74.0	72.0	72.0	72.0	71.0	71.0	71.0	71.0	71.0	71.0
13:44:28:0	71.0	71.0	71.0	71.0	71.0	71.0	70.0	70.0	70.0	70.0	70.0	70.0	70.0	70.0	70.0	70.0	70.0	69.0	69.0	69.0
13:44:33:0	69.0	69.0	69.0	69.0	69.0	69.0	69.0	69.0	69.0	69.0	70.0	70.0	70.0	70.0	70.0	70.0	70.0	70.0	71.0
13:44:38:0	71.0	71.0	71.0	71.0	71.0	71.0	71.0	71.0	70.0	70.0	70.0	70.0	70.0	70.0	70.0	70.0	69.0
13:44:43:0	69.0	69.0	69.0	69.0	69.0	69.0	69.0	70.0	70.0	70.0	70.0	71.0
13:44:48:0	71.0	73.0	73.0	73.0	75.0	75.0	75.0	77.0	77.0	77.0	78.0	78.0	78.0	78.0	79.0
13:44:53:0	79.0	79.0	79.0	79.0	80.0	80.0	80.0	80.0	80.0	80.0	80.0	80.0	80.0	80.0	80.0	80.0	81.0	81.0	81.0	81.0
13:44:58:0	82.0	82.0	82.0	82.0	83.0	83.0	83.0	83.0	83.0	83.0	83.0	83.0	83.0	84.0	84.0	84.0	84.0	84.0	84.0
13:45:3:0	84.0	84.0	84.0	84.0	82.0	82.0	82.0	81.0	81.0	81.0	81.0	79.0	79.0	79.0	77.0	77.0	77.0
13:45:8:0	77.0	75.0	75.0	75.0	75.0	74.0	74.0	74.0	74.0	74.0	74.0	74.0	74.0	74.0
13:45:13:0	74.0	74.0	72.0	72.0	72.0	72.0	73.0	73.0	73.0	73.0	74.0	74.0	74.0	74.0	73.0	73.0
13:45:18:0	73.0	73.0	72.0	72.0	72.0	72.0	72.0	72.0	72.0	72.0	72.0	73.0	73.0	73.0	74.0	74.0	74.0	75.0	75.0
13:45:23:0	75.0	75.0	75.0	75.0	75.0	75.0	74.0	74.0	74.0	74.0	74.0	74.0	74.0	74.0	74.0	74.0	74.0	74.0	73.0
13:45:28:0	73.0	73.0	73.0	73.0	73.0	73.0	73.0	74.0	74.0	74.0	74.0	74.0	74.0	74.0	75.0	75.0	75.0
13:45:33:0	75.0	75.0	75.0	75.0	75.0	75.0	75.0	75.0	75.0	76.0	76.0	76.0	76.0	77.0	77.0	77.0	77.0	78.0
13:45:38:0	78.0	78.0	78.0	78.0	78.0	78.0	78.0	79.0	79.0	79.0	79.0	78.0	78.0	78.0	78.0	77.0	77.0	77.0	77.0
13:45:43:0	75.0	75.0	75.0	75.0	74.0	74.0	74.0	74.0	71.0	71.0	71.0	68.0	68.0	68.0	68.0	68.0	68.0
13:45:48:0	68.0	69.0	69.0	69.0	69.0	70.0	70.0	70.0	70.0	71.0	71.0	71.0	71.0	71.0	72.0	72.0	72.0	72.0	72.0	72.0	72.0
13:45:53:0	72.0	72.0	72.0	72.0	72.0	71.0	71.0	71.0	71.0	71.0	71.0	71.0	71.0	71.0	71.0	71.0	71.0	71.0
13:45:58:0	71.0	71.0	71.0	71.0	71.0	71.0	72.0	72.0	72.0	72.0	72.0	72.0	72.0	72.0	72.0	72.0	72.0	72.0	72.0	72.0
13:46:3:0	72.0	72.0	73.0	73.0	73.0	73.0	73.0	75.0	75.0	75.0	75.0	76.0	76.0	76.0	77.0	77.0	77.0	78.0
