11:4:30:0	88.0	88.0	87.0	87.0	87.0	87.0	88.0	89.0	89.0	89.0	89.0	90.0
11:4:35:0	90.0	90.0	89.0	89.0	89.0	89.0	89.0	89.0	88.0	88.0	86.0	86.0	86.0	86.0	86.0
11:4:40:0	85.0	85.0	85.0	85.0	83.0	83.0	83.0	82.0	82.0	82.0	81.0	81.0	81.0	81.0	81.0	81.0	81.0	81.0
11:4:45:0	80.0	80.0	80.0	80.0	80.0	80.0	79.0	79.0	79.0	78.0	78.0	78.0	78.0	78.0	78.0
11:4:50:0	76.0	75.0	75.0	75.0	75.0	75.0	75.0	75.0	75.0	75.0	75.0	76.0	76.0
11:4:55:0	76.0	77.0	77.0	77.0	78.0	78.0	78.0	79.0	79.0	79.0	79.0	80.0	80.0	80.0	80.0	79.0	79.0
11:5:0:0	79.0	79.0	79.0	79.0	79.0	77.0	77.0	77.0	77.0	76.0	76.0	76.0	76.0	74.0	74.0	74.0	73.0	73.0
11:5:5:0	73.0	73.0	73.0	73.0	73.0	73.0	74.0	74.0	75.0	75.0	75.0	75.0	75.0	76.0	76.0
11:5:10:0	76.0	76.0	75.0	75.0	75.0	75.0	75.0	75.0	75.0	75.0	75.0	76.0	76.0	76.0	77.0	77.0	77.0	79.0
11:5:15:0	79.0	79.0	79.0	81.0	81.0	81.0	83.0	83.0	83.0	83.0	84.0	84.0	84.0	84.0	85.0	85.0	85.0	85.0
11:5:20:0	85.0	85.0	85.0	83.0	83.0	83.0	83.0	82.0	82.0	82.0	82.0	79.0	79.0	79.0	79.0	79.0	79.0	79.0	79.0
11:5:25:0	80.0	80.0	80.0	79.0	79.0	79.0	79.0	79.0	79.0	79.0	79.0	77.0	77.0	77.0	77.0	76.0	76.0	76.0	76.0
11:5:30:0	74.0	74.0	74.0	74.0	74.0	73.0	73.0	73.0	73.0	72.0	72.0	72.0	72.0	72.0	72.0	72.0	72.0	72.0	72.0
11:5:35:0	72.0	72.0	72.0	72.0	72.0	72.0	72.0	72.0	72.0	72.0	73.0	73.0	73.0	73.0	73.0	73.0	73.0	73.0	73.0
11:5:40:0	73.0	72.0	72.0	72.0	72.0	72.0	72.0	72.0	72.0	72.0	72.0	72.0	72.0	72.0	72.0	73.0	73.0
11:5:45:0	73.0	74.0	74.0	74.0	74.0	75.0	75.0	75.0	75.0	75.0	75.0	75.0	75.0	75.0	75.0	75.0	75.0	75.0
11:5:50:0	75.0	75.0	75.0	72.0	72.0	72.0	72.0	71.0	71.0	71.0	71.0	71.0	71.0	71.0	70.0
11:5:55:0	70.0	70.0	70.0	70.0	70.0	70.0	70.0	70.0	70.0	71.0	71.0	71.0	72.0	72.0	72.0	72.0	73.0
11:6:0:0	73.0	73.0	73.0	74.0	74.0	74.0	74.0	75.0	75.0	75.0	75.0	74.0	74.0	74.0	74.0	73.0	73.0	73.0
11:6:5:0	72.0	72.0	72.0	72.0	70.0	70.0	70.0	69.0	69.0	69.0	69.0	69.0	70.0	70.0	70.0	70.0
11:6:10:0	70.0	71.0	71.0	71.0	71.0	72.0	72.0	72.0	72.0	73.0	73.0	73.0	73.5	74.0	74.0	74.0	74.0	74.0
11:6:15:0	74.0	74.0	74.0	74.0	73.0	73.0	73.0	73.0	73.0	73.0	73.0	72.0	72.0	72.0	72.0	71.0	71.0	71.0
11:6:20:0	71.0	71.0	71.0	71.0	71.0	72.0	72.0	72.0	73.0	73.0	73.0	73.0	73.0	73.0	74.0	74.0
11:6:25:0	74.0	74.0	74.0	74.0	74.0	74.0	74.0	74.0	74.0	74.0	75.0	75.0	75.0	75.0	77.0	77.0	77.0	77.0	79.0	79.0
11:6:30:0	79.0	81.0	81.0	81.0	82.0	82.0	81.0	81.0	81.0	81.0	80.0	80.0	80.0	80.0	78.0
11:6:35:0	77.0	77.0	77.0	77.0	75.0	75.0	75.0	73.0	73.0	73.0	73.0	73.0	73.0	73.0
11:6:40:0	73.0	73.0	73.0	73.0	73.0	73.0	73.0	74.0	74.0	74.0	74.0	74.0	74.0	74.0	74.0	74.0	74.0	74.0	73.0
11:6:45:0	73.0	73.0	73.0	72.0	72.0	72.0	72.0	71.0	71.0	71.0	71.0	70.0	70.0	70.0	70.0	70.0	70.0	70.0	70.0
11:6:50:0	71.0	71.0	71.0	71.0	71.0	71.0	72.0	72.0	72.0	72.0	72.0	72.0	73.0	73.0	73.0
11:6:55:0	73.0	72.0	72.0	72.0	71.0	71.0	71.0	71.0	70.0	70.0	70.0	70.0	70.0	70.0	70.0	70.0	71.0	71.0	71.0
11:7:0:0	71.0	73.0	73.0	73.0	73.0	73.0	75.0	75.0	75.0	78.0	78.0	78.0	78.0	78.0	78.0	78.0	82.0	82.0
11:7:5:0	82.0	83.0	83.0	83.0	84.0	84.0	84.0	84.0	84.0	84.0	84.0	84.0	84.0	84.0	84.0	84.0	84.0	84.0
11:7:10:0	84.0	84.0	83.0	83.0	83.0	81.0	81.0	81.0	81.0	80.0	80.0	80.0	80.0	80.0	78.0	78.0	78.0	78.0	77.0
11:7:15:0	77.0	77.0	77.0	77.0	77.0	77.0	77.0	77.0	77.0	77.0	77.0	78.0	78.0	78.0	77.0
11:7:20:0	77.0	77.0	77.0	77.0	77.0	77.0	76.0	76.0	76.0	76.0	76.0	76.0	76.0	76.0	75.0	75.0	75.0	75.0	74.0
11:7:25:0	74.0	74.0	74.0	74.0	74.0	74.0	74.0	74.0	74.0	74.0	74.0	74.0	74.0	74.0	74.0	74.0	75.0	75.0	75.0	75.0
11:7:30:0	75.0	75.0	76.0	76.0	76.0	76.0	76.0	76.0	76.0	76.0	76.0	76.0	76.0	76.0	76.0	76.0
11:7:35:0	75.0	75.0	75.0	75.0	75.0	75.0	75.0	75.0	74.0	74.0	74.0	74.0	74.0	74.0	74.0	74.0	73.0	73.0	73.0	73.0
11:7:40:0	73.0	73.0	73.0	73.0	73.0	73.0	73.0	73.0	73.0	73.0	74.0	74.0	74.0	74.0	74.0	74.0
11:7:45:0	74.0	75.0	75.0	75.0	75.0	75.0	74.0	74.0	74.0	74.0	74.0	74.0	74.0	74.0	73.0	73.0	73.0	73.0	72.0	72.0	72.0
11:7:50:0	72.0	72.0	72.0	72.0	73.0	73.0	73.0	73.0	73.0	74.0	74.0	74.0	74.0	75.0	75.0	75.0	75.0	75.0	75.0
11:7:55:0	75.0	75.0	76.0	76.0	76.0	76.0	76.0	76.0	76.0	76.0	76.0	76.0	76.0	76.0	76.0	76.0	76.0	76.0	77.0
11:8:0:0	77.0	77.0	77.0	77.0	77.0	76.0	76.0	76.0	76.0	76.0	76.0	76.0	76.0	76.0
11:8:5:0	77.0	77.0	77.0	79.0	79.0	79.0	79.0	79.0	80.0	80.0	80.0	80.0	80.0	80.0	80.0	80.0
11:8:10:0	80.0	79.0	79.0	79.0	79.0	78.0	78.0	78.0	78.0	77.0	77.0	77.0	77.0	76.0	76.0	76.0	76.0
11:8:15:0	76.0	76.0	76.0	76.0	76.0	76.0	76.0	76.0	77.0	77.0	77.0	78.0	78.0	78.0	78.0	78.0	78.0
11:8:20:0	78.0	79.0	79.0	79.0	78.0	78.0	78.0	78.0	77.0	77.0	77.0	75.0	75.0	75.0	75.0	74.0	74.0	74.0
11:8:25:0	74.0	73.0	73.0	73.0	73.0	73.0	73.0	73.0	73.0	73.0	73.0	73.0	73.5	74.0	74.0	74.0
11:8:30:0	75.0	75.0	75.0	75.0	75.0	75.0	75.0	75.0	75.0	75.0	74.0	74.0	74.0	74.0	74.0
11:8:35:0	74.0	73.0	73.0	73.0	73.0	72.0	72.0	72.0	72.0	72.0	71.0	71.0	71.0	71.0	72.0	72.0	72.0	74.0	74.0
11:8:40:0	74.0	74.0	76.0	76.0	76.0	78.0	78.0	78.0	78.0	78.0	78.0	78.0	78.0	78.0	79.0	79.0	79.0	79.0	78.0
11:8:45:0	78.0	78.0	78.0	77.0	77.0	77.0	76.0	76.0	76.0	76.0	76.0	76.0	76.0	75.0	75.0	75.0
11:8:50:0	75.0	75.0	75.0	75.0	76.0	76.0	76.0	76.0	77.0	77.0	77.0	77.0	78.0	78.0	78.0	78.0	78.0	78.0
11:8:55:0	78.0	78.0	78.0	78.0	78.0	78.0	78.0	78.0	78.0	77.0	77.0	77.0	77.0	76.0	76.0	76.0	75.0	75.0	75.0
11:9:0:0	75.0	75.0	75.0	76.0	76.0	76.0	76.0	77.0	77.0	77.0	77.0	78.0	78.0	78.0	79.0	79.0
11:9:5:0	79.0	79.0	79.0	79.0	79.0	80.0	80.0	80.0	80.0	81.0	81.0	81.0	81.0	83.0	83.0	83.0	83.0	85.0	85.0
11:9:10:0	85.0	85.0	87.0	87.0	87.0	87.0	87.0	87.0	87.0	87.0	85.0	85.0	85.0	85.0	84.0	84.0	84.0	84.0	82.0	82.0	82.0
11:9:15:0	82.0	81.0	81.0	81.0	81.0	81.0	79.0	79.0	79.0	78.0	78.0	78.0	79.0	79.0	79.0	79.0	81.0	81.0
11:9:20:0	81.0	82.0	82.0	82.0	82.0	83.0	83.0	83.0	83.0	82.0	82.0	82.0	81.0	81.0	81.0	81.0	80.0
11:9:25:0	80.0	80.0	80.0	78.0	78.0	78.0	78.0	77.0	77.0	77.0	77.0	77.0	77.0	77.0	77.0	77.0	77.0	77.0	78.0
11:9:30:0	78.0	78.0	78.0	78.0	78.0	78.0	78.0	79.0	79.0	79.0	79.0	79.0	79.0	79.0	79.0	79.0	79.0	79.0
11:9:35:0	79.0	79.0	79.0	80.0	80.0	80.0	80.0	80.0	80.0	80.0	80.0	80.0	80.0	79.0	79.0	79.0
11:9:40:0	78.0	78.0	78.0	77.0	77.0	76.0	76.0	76.0	77.0	77.0	77.0	78.0	78.0	78.0
11:9:45:0	78.0	79.0	79.0	79.0	79.0	79.0	79.0	79.0	79.0	79.0	79.0	79.0	79.0	79.0	79.0	79.0	79.0	78.0	78.0	78.0
11:9:50:0	78.0	78.0	78.0	78.0	78.0	77.0	77.0	77.0	77.0	76.0	76.0	76.0	76.0	76.0	76.0	76.0	76.0	76.0	76.0
11:9:55:0	76.0	76.0	76.0	76.0	76.0	76.0	77.0	77.0	77.0	78.0	78.0	78.0	78.0	80.0	80.0	80.0	80.0	80.0	80.0
11:10:0:0	80.0	80.0	80.0	80.0	80.0	80.0	79.0	79.0	79.0	79.0	78.0	78.0	78.0	78.0	76.0	76.0	74.0
11:10:5:0	74.0	74.0	73.0	73.0	73.0	73.0	73.0	73.0	73.0	73.0	74.0	74.0	74.0	74.0	74.0
11:10:10:0	74.0	74.0	74.0	74.0	74.0	74.0	74.0	75.0	75.0	75.0	75.0	76.0	76.0	76.0	76.0	76.0	78.0	78.0	78.0	78.0
11:10:15:0	80.0	80.0	80.0	80.0	84.0	84.0	84.0	85.0	85.0	85.0	86.0	86.0	86.0	85.0	85.0	85.0	85.0
11:10:20:0	84.0	84.0	84.0	84.0	82.0	82.0	82.0	82.0	81.0	81.0	81.0	81.0	79.0	79.0	79.0	79.0	77.0	77.0	77.0	77.0
11:10:25:0	76.0	76.0	76.0	76.0	76.0	76.0	76.0	76.0	76.0	76.0	76.0	76.0	76.0	76.0
11:10:30:0	76.0	77.0	77.0	77.0	78.0	78.0	78.0	79.0	79.0	79.0	79.0	79.0	79.0	79.0	80.0	80.0
11:10:35:0	80.0	80.0	79.0	79.0	79.0	79.0	79.0	79.0	79.0	79.0	79.0	79.0	79.0	79.0	79.0	79.0	79.0	79.0	79.0
11:10:40:0	79.0	80.0	80.0	80.0	80.0	80.0	80.0	80.0	80.0	80.0	80.0	80.0	80.0	84.0	84.0	84.0	84.0	85.0	85.0
11:10:45:0	85.0	85.0	85.0	87.0	87.0	87.0	87.0	87.0	87.0	87.0	87.0	87.0	87.0	87.0	84.0	84.0	84.0	84.0
11:10:50:0	81.0	81.0	81.0	79.0	79.0	79.0	77.0	77.0	77.0	77.0	77.0	77.0	77.0	78.0	78.0	78.0	78.0	79.0
11:10:55:0	79.0	79.0	79.0	79.0	79.0	80.0	80.0	80.0	80.0	80.0	80.0	80.0	80.0	80.0	80.0	80.0	80.0
11:11:0:0	79.0	79.0	79.0	79.0	78.0	78.0	78.0	78.0	77.0	77.0	77.0	77.0	77.0	77.0	76.0	76.0	76.0
11:11:5:0	76.0	76.0	77.0	77.0	77.0	77.0	78.0	78.0	78.0	78.0	79.0	79.0	79.0	79.0	79.0	79.0	79.0	79.0
11:11:10:0	79.0	79.0	79.0	79.0	79.0	79.0	79.0	78.0	78.0	78.0	78.0	78.0	77.0
11:11:15:0	77.0	76.0	76.0	76.0	76.0	76.0	76.0	76.0	76.0	76.0	76.0	76.0	77.0	77.0
11:11:20:0	77.0	77.0	78.0	78.0	78.0	78.0	78.0	78.0	78.0	78.0	78.0	78.0	78.0	78.0	78.0	78.0	78.0	78.0	78.0	77.0
11:11:25:0	77.0	77.0	77.0	77.0	77.0	77.0	77.0	77.0	77.0	77.0	77.0	77.0	77.0	77.0	77.0	77.0	77.0	77.0	77.0	77.0
11:11:30:0	77.0	77.0	77.0	77.0	77.0	77.0	77.0	77.0	77.0	77.0	78.0	78.0	78.0	79.0	79.0	79.0
11:11:35:0	80.0	80.0	80.0	81.0	81.0	81.0	81.0	83.0	83.0	83.0	83.0	83.0	83.0	83.0	83.0	83.0	83.0	83.0
11:11:40:0	83.0	83.0	83.0	82.0	82.0	82.0	80.0	80.0	80.0	80.0	79.0	79.0	79.0	79.0	79.0	78.0	78.0	78.0
11:11:45:0	79.0	79.0	79.0	80.0	80.0	80.0	80.0	82.0	82.0	82.0	84.0	84.0	84.0	84.0	86.0	86.0	86.0	86.0
11:11:50:0	86.0	87.0	87.0	87.0	87.0	86.0	86.0	86.0	86.0	85.0	85.0	85.0	85.0	82.0	82.0	82.0
11:11:55:0	80.0	78.0	78.0	78.0	78.0	78.0	77.0	77.0	77.0	77.0	77.0	77.0	77.0	77.0	78.0	78.0	78.0	78.0	79.0	79.0
11:12:0:0	79.0	80.0	80.0	80.0	80.0	81.0	81.0	81.0	81.0	81.0	83.0	83.0	83.0	84.0	84.0	84.0
11:12:5:0	84.0	84.0	84.0	84.0	84.0	82.0	82.0	82.0	82.0	81.0	81.0	81.0	81.0	79.0	79.0	79.0	79.0	79.0	77.0
11:12:10:0	77.0	77.0	77.0	75.0	75.0	75.0	74.0	74.0	74.0	74.0	74.0	74.0	74.0	74.0	74.0	74.0	74.0	74.0	74.0
11:12:15:0	74.0	74.0	74.0	74.0	74.0	74.0	74.0	73.0	73.0	73.0	73.0	72.0	72.0	72.0	72.0	71.0	71.0	71.0	71.0	70.0
11:12:20:0	70.0	70.0	70.0	70.0	70.0	70.0	71.0	71.0	71.0	72.0	72.0	72.0	73.0	73.0	73.0
11:12:25:0	74.0	74.0	74.0	75.0	75.0	75.0	75.0	75.0	75.0	75.0	75.0	75.0	75.0	75.0	75.0
11:12:30:0	75.0	76.0	76.0	76.0	76.0	75.0	75.0	75.0	75.0	75.0	75.0	74.0	74.0	74.0	74.0	74.0	74.0	74.0	74.0
11:12:35:0	74.0	74.0	74.0	74.0	75.0	75.0	75.0	75.0	75.0	75.0	75.0	74.0	74.0	74.0	74.0	74.0
11:12:40:0	74.0	72.0	72.0	72.0	72.0	72.0	71.0	71.0	71.0	71.0	71.0	71.0	71.0	71.0	71.0	71.0	71.0
11:12:45:0	71.0	71.0	72.0	72.0	72.0	72.0	73.0	73.0	73.0	73.0	73.0	73.0	73.0	73.0	73.0	73.0	73.0	73.0
11:12:50:0	72.0	71.0	71.0	71.0	71.0	71.0	71.0	71.0	71.0	71.0	71.0	71.0	71.0	71.0
11:12:55:0	71.0	71.0	71.0	72.0	72.0	72.0	72.0	72.0	72.0	72.0	73.0	73.0	73.0	73.0	73.0	73.0	73.0	73.0	73.0
11:13:0:0	73.0	73.0	73.0	73.0	73.0	73.0	73.0	73.0	74.0	74.0	74.0	75.0	75.0	75.0	75.0	76.0	76.0	76.0	76.0
11:13:5:0	76.0	76.0	76.0	75.0	75.0	75.0	75.0	75.0	75.0	75.0	75.0	75.0	73.0	73.0	73.0	73.0	73.0	73.0	73.0	73.0
11:13:10:0	73.0	73.0	73.0	73.0	74.0	74.0	74.0	75.0	75.0	75.0	75.0	75.0	76.0	76.0	78.0	78.0
11:13:15:0	78.0	79.0	79.0	79.0	79.0	79.0	79.0	79.0	79.0	79.0	79.0	79.0	79.0	79.0	80.0	80.0
11:13:20:0	80.0	80.0	79.0	79.0	79.0	79.0	79.0	79.0	79.0	79.0	79.0	79.0	80.0	80.0	80.0	80.0	81.0	81.0	81.0
11:13:25:0	81.0	83.0	83.0	83.0	83.0	83.0	86.0	86.0	86.0	86.0	87.0	87.0	87.0	87.0	88.0	88.0	88.0	87.0	87.0
11:13:30:0	87.0	86.0	86.0	86.0	86.0	83.0	83.0	83.0	83.0	81.0	81.0	81.0	81.0	81.0	81.0	81.0	81.0
11:13:35:0	81.0	81.0	81.0	82.0	82.0	82.0	83.0	83.0	83.0	83.0	83.0	83.0	83.0	83.0	83.0	83.0	83.0	83.0
11:13:40:0	83.0	83.0	81.0	80.0	80.0	80.0	78.0	78.0	78.0	77.0	77.0	77.0	77.0	75.0
11:13:45:0	75.0	75.0	75.0	73.0	73.0	73.0	73.0	73.0	73.0	73.0	73.0	73.0	73.0	73.0	74.0	74.0	74.0	74.0
11:13:50:0	75.0	75.0	75.0	75.0	75.0	75.0	75.0	75.0	75.0	75.0	75.0	75.0	75.0	75.0	76.0	76.0	76.0	76.0
11:13:55:0	76.0	76.0	76.0	76.0	76.0	76.0	76.0	76.0	76.0	76.0	76.0	76.0	76.0	76.0	76.0	76.0	77.0	77.0
11:14:0:0	77.0	77.0	77.0	77.0	78.0	78.0	77.0	77.0	77.0	77.0	77.0	77.0	77.0	76.0
11:14:5:0	76.0	76.0	76.0	76.0	76.0	76.0	76.0	76.0	76.0	76.0	76.0	76.0	77.0	77.0	77.0	77.0	77.0	77.0
11:14:10:0	77.0	77.0	77.0	77.0	77.0	77.0	76.0	76.0	76.0	75.0	75.0	75.0	75.0	74.0	74.0	74.0	74.0	73.0	73.0
11:14:15:0	73.0	73.0	73.0	73.0	73.0	73.0	73.0	73.0	73.0	73.0	73.0	73.0	72.0	72.0	72.0	72.0	72.0
11:14:20:0	72.0	72.0	72.0	72.0	72.0	72.0	72.0	72.0	72.0	72.0	72.0	72.0	72.0	72.0	72.0	72.0	72.0
11:14:25:0	73.0	73.0	73.0	73.0	73.0	73.0	73.0	73.0	72.0	72.0	72.0	72.0	72.0	72.0
