11:25:48:0	68.0	68.0	68.0	69.0	69.0	69.0	69.0	69.0	69.0	67.0	67.0	67.0	66.0
11:25:53:0	66.0	66.0	66.0	66.0	66.0	66.0	66.0	66.0	67.0	67.0	67.0	67.0	67.0	67.0
11:25:58:0	67.0	67.0	67.0	67.0	67.0	66.0	66.0	66.0	66.0	65.0	65.0	65.0	65.0	64.0	64.0	64.0
11:26:3:0	63.0	63.0	62.0	62.0	61.0	61.0	61.0	61.0	61.0	62.0	62.0	62.0	62.0
11:26:8:0	63.0	63.0	63.0	63.0	63.0	63.0	64.0	64.0	64.0	64.0	65.0	65.0
11:26:13:0	66.0	66.0	66.0	66.0	66.0	65.0	65.0	65.0	64.0	64.0	64.0
11:26:18:0	62.0	62.0	62.0	61.0	61.0	61.0	61.0	61.0	61.0	61.0	61.0	61.0	61.0	62.0	62.0
11:26:23:0	64.0	64.0	64.0	64.0	65.0	65.0	67.0	67.0	67.0	67.0	67.0	67.0	68.0
11:26:28:0	68.0	68.0	67.0	67.0	67.0	67.0	67.0	67.0	66.0	66.0	66.0	66.0	66.0	66.0	66.0	66.0
11:26:33:0	66.0	66.0	66.0	66.0	66.0	66.0	67.0	67.0	67.0	67.0	66.0	66.0	66.0	66.0
11:26:38:0	66.0	66.0	66.0	66.0	66.0	66.0	66.0	67.0	67.0
11:26:43:0	67.0	67.0	67.0	67.0	67.0	67.0	66.0	66.0	66.0	66.0	66.0	66.0	66.0	66.0	65.0	65.0	65.0	65.0	64.0
11:26:48:0	64.0	64.0	64.0	63.0	63.0	63.0	63.0	63.0	63.0
11:26:53:0	63.0	63.0	64.0	64.0	65.0	65.0	65.0	67.0	67.0	67.0	67.0	67.0	67.0
11:26:58:0	66.0	66.0	66.0	66.0	66.0	66.0	66.0	66.0	66.0	67.0	67.0	67.0
11:27:3:0	67.0	68.0	68.0	70.0	70.0	72.0	72.0	73.0	73.0	73.0	73.0	74.0	74.0	74.0
11:27:8:0	74.0	75.0	75.0	75.0	75.0	75.0	75.0	75.0	75.0	75.0	74.0	74.0	74.0	73.0
11:27:13:0	73.0	73.0	72.0	72.0	72.0	71.0	71.0	71.0	71.0	71.0	71.0	71.0	71.0	71.0	72.0
11:27:18:0	72.0	72.0	72.0	72.0	72.0	72.0	72.0	72.0	72.0	70.0	70.0	70.0	69.0	69.0	69.0	67.0	67.0
11:27:23:0	67.0	67.0	66.0	66.0	66.0	66.0	66.0	66.0	66.0	67.0	67.0	67.0	67.0	67.0	67.0	67.0	67.0	67.0
11:27:28:0	67.0	67.0	67.0	66.0	66.0	66.0	66.0	66.0	66.0	66.0	66.0	66.0	66.0	66.0	66.0	66.0	66.0	66.0	66.0
11:27:33:0	67.0	67.0	67.0	68.0	68.0	68.0	68.0	68.0	68.0	68.0	69.0	68.0	68.0
11:27:38:0	68.0	68.0	68.0	68.0	68.0	68.0	68.0	68.0
11:27:43:0	68.0	67.0	67.0	67.0	66.0	66.0	66.0	66.0	66.0	66.0	66.0	66.0	67.0	67.0	67.0
11:27:48:0	67.0	67.0	67.0	67.0	67.0	67.0	67.0	68.0	68.0	68.0	69.0	69.0	70.0	70.0
11:27:53:0	70.0	70.0	70.0	70.0	71.0	71.0	71.0	72.0	72.0	73.0	73.0	73.0	74.0
11:27:58:0	74.0	74.0	76.0	76.0	76.0	76.0	77.0	77.0	77.0	77.0	77.0	77.0	75.0	75.0	75.0	75.0	75.0
11:28:3:0	73.0	73.0	73.0	73.0	73.0	73.0	73.0	72.0	72.0	72.0	72.0	71.0	71.0	71.0
11:28:8:0	71.0	71.0	71.0	70.0	70.0	70.0	69.0	68.0	68.0	68.0	68.0	68.0
11:28:13:0	68.0	68.0	68.0	68.0	68.0	68.0	68.0	68.0	68.0	67.0	67.0	67.0	67.0	67.0
11:28:18:0	68.0	68.0	68.0	68.0	69.0	69.0	70.0	70.0	70.0	70.0	70.0	70.0	70.0	70.0	70.0
11:28:23:0	70.0	70.0	70.0	70.0	71.0	71.0	71.0	70.0	70.0	70.0	70.0	70.0	70.0	69.0	69.0	69.0
11:28:28:0	69.0	69.0	69.0	69.0	69.0	69.0	69.0	69.0	69.0	70.0	70.0	70.0
11:28:33:0	70.0	71.0	71.0	71.0	71.0	70.0	70.0	69.0	69.0	69.0	69.0	69.0	69.0	70.0	70.0
11:28:38:0	70.0	70.0	69.0	69.0	69.0	69.0	69.0	69.0	69.0	67.0	67.0	67.0	67.0	66.0	66.0	66.0	66.0	65.0	65.0
11:28:43:0	65.0	65.0	65.0	65.0	66.0	66.0	66.0	67.0	67.0	68.0	68.0	68.0	68.0	69.0
11:28:48:0	69.0	69.0	70.0	70.0	70.0	70.0	70.0	71.0	71.0	71.0	71.0	71.0	71.0	70.0
11:28:53:0	70.0	70.0	70.0	70.0	70.0	69.0	69.0	69.0	69.0	68.0	68.0
11:28:58:0	68.0	67.0	67.0	67.0	67.0	67.0	66.0	66.0	67.0	67.0	67.0
11:29:3:0	68.0	68.0	70.0	70.0	71.0	71.0	71.0	71.0	72.0	72.0	72.0	73.0	73.0	73.0
11:29:8:0	73.0	73.0	73.0	73.0	73.0	73.0	73.0	73.0	73.0	73.0	73.0	73.0	73.0	74.0	74.0	74.0
11:29:13:0	74.0	74.0	73.0	73.0	73.0	73.0	73.0	73.0	73.0	73.0	73.0	73.0	73.0	73.0	73.0	73.0	73.0	73.0
11:29:18:0	73.0	72.0	72.0	70.0	70.0	69.0	69.0	69.0	67.0	67.0
11:29:23:0	67.0	67.0	65.0	65.0	65.0	65.0	65.0	65.0	65.0	65.0	65.0	65.0	65.0	65.0	65.0	65.0	65.0
11:29:28:0	65.0	65.0	65.0	65.0	65.0	65.0	65.0	65.0	65.0	65.0	65.0	65.0
11:29:33:0	65.0	65.0	65.0	65.0	65.0	64.0	64.0	64.0	64.0	64.0	64.0	64.0	64.0	64.0	64.0
11:29:38:0	64.0	64.0	64.0	64.0	64.0	64.0	64.0	66.0	66.0	66.0	66.0	67.0	67.0	67.0	67.0	69.0
11:29:43:0	69.0	70.0	70.0	70.0	70.0	70.0	70.0	70.0	70.0	70.0	70.0	70.0
11:29:48:0	69.0	69.0	69.0	69.0	69.0	69.0	69.0	69.0	69.0	69.0	69.0	69.0	69.0	69.0	69.0
11:29:53:0	69.0	70.0	70.0	70.0	70.0	70.0	71.0	71.0	71.0	71.0	71.0	71.0	72.0	72.0
11:29:58:0	72.0	72.0	72.0	72.0	72.0	72.0	72.0	72.0	73.0	73.0	73.0	73.0	73.0
11:30:3:0	74.0	74.0	74.0	74.0	73.0	73.0	73.0	73.0	73.0	73.0	72.0	71.0	71.0
11:30:8:0	71.0	71.0	70.0	70.0	70.0	70.0	70.0	70.0	69.0	69.0	69.0	67.0
11:30:13:0	67.0	67.0	67.0	67.0	67.0	67.0	67.0	67.0	67.0	68.0	68.0	68.0	68.0	68.0	68.0
11:30:18:0	69.0	69.0	69.0	69.0	69.0	69.0	69.0	69.0	69.0	69.0	69.0	69.0	69.0	69.0	69.0	69.0
11:30:23:0	70.0	70.0	70.0	72.0	72.0	73.0	73.0	74.0	74.0	73.0	73.0	73.0
11:30:28:0	72.0	72.0	71.0	71.0	71.0	71.0	71.0	70.0	70.0	70.0	70.0	70.0	70.0
11:30:33:0	70.0	70.0	70.0	70.0	70.0	70.0	70.0	70.0	70.0	70.0	70.0	70.0	70.0	70.0
11:30:38:0	70.0	70.0	70.0	70.0	70.0	70.0	70.0	70.0	70.0	70.0	70.0	70.0	70.0	70.0	69.9090909090909
11:30:43:0	69.81818181818181	69.72727272727272	69.63636363636363	69.54545454545453	69.45454545454544
11:30:48:0	69.36363636363635	69.27272727272725	69.18181818181816	69.09090909090907	68.99999999999997	69.0	70.0
11:30:53:0	70.0	70.0	70.0	70.0	70.0	70.0	71.0
11:30:58:0	71.0	71.0	71.0	71.0	71.0	71.0	71.0	71.0	71.0	71.0	71.0
11:31:3:0	71.28571428571429	71.57142857142858	71.85714285714288	72.14285714285717	72.42857142857146
11:31:8:0	72.71428571428575	73.00000000000004	73.0	73.0	73.0	72.0	72.0	72.0	72.0	72.0	72.0	72.0	72.0	72.0	72.0	72.0
11:31:13:0	72.0	72.0	72.0	72.0	72.0	72.0	72.5	73.0	73.0	73.0	73.0
11:31:18:0	73.0	72.0	72.0	72.0	72.0	72.0	72.0	72.0	72.0	72.0	72.0	72.0
11:31:23:0	71.0	71.0	71.0	71.0	70.0	70.0	70.0	70.0	70.0	70.0	70.0	70.0	70.0	71.0	71.0
11:31:28:0	71.0	71.0	70.0	70.0	70.0	70.0	69.0	69.0	69.0	69.0	68.0	68.0	68.0	66.0	65.0
11:31:33:0	64.0	64.0	64.0	64.0	63.0	63.0	63.0	64.0	64.0	64.0	65.0	65.0	67.0
11:31:38:0	67.0	70.0	70.0	70.0	70.0	72.0	72.0	72.0	72.0	74.0	74.0	75.0	75.0	75.0
11:31:43:0	74.0	74.0	74.0	74.0	74.0	74.0	74.0	74.0	74.0
11:31:48:0	73.8076923076923	73.61538461538461	73.42307692307692	73.23076923076923	73.03846153846153
11:31:53:0	72.84615384615384	72.65384615384615	72.46153846153845	72.26923076923076	72.07692307692307
11:31:58:0	71.88461538461537	71.69230769230768	71.49999999999999	71.30769230769229	71.1153846153846
11:32:3:0	70.9230769230769	70.73076923076921	70.53846153846152	70.34615384615383	70.15384615384613
11:32:8:0	69.96153846153844	69.76923076923075	69.57692307692305	69.38461538461536	69.19230769230766
11:32:13:0	68.99999999999997	69.0	70.0	72.0	73.0	73.0	73.0	73.0	73.0	73.0
11:32:18:0	74.0	74.0	73.5	73.0	73.0	73.0	73.0	73.0	73.0
11:32:23:0	73.0	72.0	72.0	71.5	71.0	71.0	71.0	71.0	71.0	71.0
11:32:28:0	71.0	70.0	70.0	70.0	70.0	70.0	70.0	69.0	68.0	68.0	68.0
11:32:33:0	68.0	68.0	68.0	68.0	68.0	68.0	68.0	68.5
11:32:38:0	69.0	69.0	70.0	70.0	70.0	71.0	71.0	71.0	71.0	72.0
11:32:43:0	72.0	72.0	71.5	71.0	71.0	71.0	71.0	71.0	71.0
11:32:48:0	71.0	71.0	71.0	71.0	70.0	70.0	70.0	69.0	69.0
11:32:53:0	69.0	70.0	70.0	70.0	70.0	70.0	71.0	71.0	71.0	71.0	71.0	71.0	71.0	71.0
11:32:58:0	71.0	71.0	72.0	72.0	72.0	72.0	72.0	72.0	72.0	72.0	72.0	72.0	72.0	72.0	72.0
11:33:3:0	73.0	73.0	73.0	73.0	73.0	73.0	73.0	73.0	73.0	73.0	73.0	73.0	73.0	72.0	72.0	71.0
11:33:8:0	71.0	70.0	70.0	70.0	69.0	69.0	69.0	69.0	69.0	68.0	68.0	68.0	68.0	68.0	68.0	68.0
11:33:13:0	68.0	68.0	68.0	68.0	68.5	69.0	69.0	69.0	70.0	70.0
11:33:18:0	70.0	70.0	70.0	70.0	70.0	70.0	70.0	70.0	70.0	70.0	70.0	69.0	69.0	69.0
11:33:23:0	69.0	69.0	69.0	69.0	69.0	69.0	70.0	70.0	70.0	71.0	71.0	71.0	71.0	72.0	72.0	72.0
11:33:28:0	72.0	71.0	71.0	70.0	70.0	70.0	70.0	69.0	69.0	69.0	69.0	69.0	69.0	69.0	69.0
11:33:33:0	69.0	70.0	70.0	72.0	72.0	72.0	74.0	74.0	74.0	74.0	74.0	75.0	75.0	75.0	75.0
11:33:38:0	75.0	75.0	75.0	76.0	76.0	76.0	76.0	76.0	76.0	76.0	76.0	76.0	76.0
11:33:43:0	76.0	76.0	75.0	75.0	75.0	74.0	74.0	74.0	74.0	72.0	72.0	72.0	72.0	71.0	71.0	71.0	71.0	69.0
11:33:48:0	69.0	69.0	69.0	69.0	68.0	68.0	68.0	68.0	68.0	68.0	68.0	68.0	68.0	68.0	68.0	68.0	68.0
11:33:53:0	68.0	68.0	68.0	68.0	68.0	68.0	69.0	69.0	69.0	70.0	70.0	72.0
11:33:58:0	72.0	72.0	72.0	72.0	71.0	70.0	70.0	70.0	68.0	68.0
11:34:3:0	67.0	67.0	67.0	67.0	67.0	67.0	67.0	67.0	67.0	67.0	67.0	68.0	68.0
11:34:8:0	68.0	68.0	68.0	68.0	68.0	68.0	68.0	68.0	68.0	67.0	67.0	67.0	67.0	67.0
11:34:13:0	67.0	68.0	69.0	69.0	69.0	69.0	69.0	69.0	69.0	72.0	72.0	72.0
11:34:18:0	72.0	71.0	71.0	70.0	70.0	69.0	69.0	69.0	69.0	69.0	68.0
11:34:23:0	68.0	68.0	67.0	67.0	67.0	67.0	67.5	68.0	68.0
11:34:28:0	68.5	69.0	69.0	69.0	69.0	70.0	70.0	70.0	70.0	71.0
11:34:33:0	71.0	71.0	71.0	71.0	68.0	67.0
11:34:38:0	67.0	68.0	68.0	67.0	67.38461538461539	67.76923076923077
11:34:43:0	68.15384615384616	68.53846153846155	68.92307692307693	69.30769230769232	69.69230769230771
11:34:48:0	70.0769230769231	70.46153846153848	70.84615384615387	71.23076923076925	71.61538461538464
11:34:53:0	72.00000000000003	72.0	72.0	72.0	72.0	72.0	72.0	73.0
11:34:58:0	74.0	75.0	75.0	76.0	76.0	78.0	78.0	78.0	79.0	79.0	80.0
11:35:3:0	80.0	80.0	80.0	80.0	80.0	80.0	80.0	80.0	79.0	79.0	77.0	75.0
11:35:8:0	75.0	75.0	74.0	73.0	73.0	72.0	72.0	71.0	71.0	71.0
11:35:13:0	69.0	67.0	67.0	65.0	65.0	64.0	64.0	63.0
11:35:18:0	63.0	63.0	63.0	64.0	64.0	64.0	64.0	64.0	64.0	64.0	64.0	64.0	64.0	64.0	64.0
11:35:23:0	63.0	63.0	63.0	63.0	63.0	63.0	63.0	63.0	64.0	64.0	64.0	64.0	65.0	65.0	65.0	67.0	67.0	67.0
11:35:28:0	67.0	69.0	69.0	71.0	71.0	71.0	71.0	71.0	71.0	71.0	71.0
11:35:33:0	71.0	69.0	69.0	69.0	68.0	68.0	67.0	67.0	67.0	67.0	67.0	67.0
11:35:38:0	69.0	69.0	69.0	69.0	71.0	71.0	71.0	71.0	71.0
11:35:43:0	69.0	68.33333333333333	67.66666666666666	66.99999999999999	67.0	67.0
