Expected: 0, 5, 0
21:47:43.895
21:47:45.899:   [1, 0, 0],0, 0
21:47:47.900:   [1, 0, 1],2, 0
21:47:49.901:   [2, 0, 1],0, 0
21:47:51.902:   [3, 0, 1],0, 0
21:47:53.903:   [3, 0, 2],2, 0
21:47:55.904:   [3, 1, 2],1, 0
21:47:57.905:   [4, 1, 2],0, 0
21:47:59.906:   [4, 1, 3],2, 0
21:48:01.908:   [4, 2, 3],1, 0
21:48:03.909:   [4, 3, 3],1, 0
21:48:05.910:   [4, 3, 4],2, 0
21:48:07.911:   [5, 3, 4],0, 0
21:48:09.912:   [6, 3, 4],0, 0
21:48:11.912:   [6, 4, 4],1, 0
21:48:13.912:   [6, 4, 5],2, 0
21:48:14.894:   Medium
21:48:15.913:   [6, 0, 5],1, 1
21:48:17.914:   [6, 1, 5],1, 0
21:48:19.915:   [7, 1, 5],0, 0
21:48:21.915:   [7, 1, 6],2, 0
21:48:23.915:   [8, 1, 6],0, 0
21:48:25.915:   [8, 1, 7],2, 0
21:48:27.915:   [8, 1, 8],2, 0
21:48:29.915:   [9, 1, 8],0, 0
21:48:31.915:   [10, 1, 8],0, 0
21:48:33.915:   [10, 2, 8],1, 0
21:48:35.915:   [11, 2, 8],0, 0
21:48:37.916:   [11, 2, 9],2, 0
21:48:39.916:   [11, 3, 9],1, 0
21:48:41.916:   [11, 4, 9],1, 0
21:48:43.916:   [12, 4, 9],0, 0
21:48:45.916:   [13, 4, 9],0, 0
21:48:47.916:   [14, 4, 9],0, 0
21:48:49.054:   Medium
21:48:49.916:   [14, 0, 9],1, 1
21:48:51.916:   [14, 1, 9],1, 0
21:48:53.916:   [14, 1, 10],2, 0
21:48:55.917:   [14, 1, 11],2, 0
21:48:57.917:   [14, 2, 11],1, 0
21:48:59.917:   [14, 2, 12],2, 0
21:49:01.917:   [15, 2, 12],0, 0
21:49:03.917:   [16, 2, 12],0, 0
21:49:05.917:   [16, 2, 13],2, 0
21:49:07.917:   [16, 3, 13],1, 0
21:49:09.917:   [16, 3, 14],2, 0
21:49:11.918:   [16, 4, 14],1, 0
21:49:13.918:   [17, 4, 14],0, 0
21:49:15.918:   [18, 4, 14],0, 0
21:49:17.126:   Medium
21:49:17.918:   [18, 0, 14],1, 1
21:49:19.918:   [18, 0, 15],2, 0
21:49:21.918:   [18, 1, 15],1, 0
21:49:23.918:   [18, 1, 16],2, 0
21:49:25.918:   [19, 1, 16],0, 0
21:49:27.918:   [19, 2, 16],1, 0
21:49:29.919:   [19, 3, 16],1, 0
21:49:31.919:   [19, 4, 16],1, 0
21:49:32.894:   Medium
21:49:33.919:   [19, 0, 16],1, 1
21:49:35.919:   [19, 0, 17],2, 0
21:49:37.919:   [20, 0, 17],0, 0
21:49:39.919:   [21, 0, 17],0, 0
21:49:41.919:   [21, 1, 17],1, 0
21:49:43.919:   [21, 1, 18],2, 0
21:49:45.919:   [22, 1, 18],0, 0
21:49:47.920:   [22, 1, 19],2, 0
21:49:49.920:   [22, 2, 19],1, 0
21:49:51.920:   [22, 2, 20],2, 0
21:49:53.920:   [22, 3, 20],1, 0
21:49:55.920:   [22, 4, 20],1, 0
21:49:57.920:   [22, 4, 21],2, 0
21:49:59.920:   [22, 4, 22],2, 0
21:50:01.920:   [22, 4, 23],2, 0
21:50:03.921:   [22, 4, 24],2, 0
21:50:05.175:   Medium
21:50:05.921:   [22, 0, 24],1, 1
21:50:07.921:   [23, 0, 24],0, 0
21:50:09.921:   [23, 0, 25],2, 0
21:50:11.921:   [24, 0, 25],0, 0
21:50:13.921:   [25, 0, 25],0, 0
21:50:15.921:   [25, 0, 26],2, 0
21:50:17.921:   [25, 0, 27],2, 0
21:50:19.921:   [25, 1, 27],1, 0
21:50:21.922:   [25, 1, 28],2, 0
21:50:23.922:   [26, 1, 28],0, 0
21:50:25.922:   [26, 2, 28],1, 0
21:50:27.922:   [26, 2, 29],2, 0
21:50:29.922:   [26, 2, 30],2, 0
21:50:31.922:   [26, 3, 30],1, 0
21:50:33.922:   [27, 3, 30],0, 0
21:50:35.922:   [28, 3, 30],0, 0
21:50:37.922:   [29, 3, 30],0, 0
21:50:39.923:   [29, 4, 30],1, 0
21:50:41.923:   [29, 4, 31],2, 0
21:50:42.654:   Medium
21:50:43.923:   [29, 0, 31],1, 1
21:50:45.923:   [29, 1, 31],1, 0
21:50:47.923:   [29, 1, 32],2, 0
21:50:49.923:   [29, 1, 33],2, 0
21:50:51.923:   [29, 1, 34],2, 0
21:50:53.923:   [29, 2, 34],1, 0
21:50:55.923:   [30, 2, 34],0, 0
21:50:57.924:   [31, 2, 34],0, 0
21:50:59.924:   [31, 2, 35],2, 0
21:51:01.924:   [31, 2, 36],2, 0
21:51:03.924:   [31, 3, 36],1, 0
21:51:05.924:   [32, 3, 36],0, 0
21:51:07.924:   [33, 3, 36],0, 0
21:51:09.924:   [33, 4, 36],1, 0
21:51:10.862:   Medium
21:51:11.924:   [33, 0, 36],1, 1
21:51:13.925:   [33, 0, 37],2, 0
21:51:15.925:   [33, 1, 37],1, 0
21:51:17.925:   [33, 2, 37],1, 0
21:51:19.925:   [33, 2, 38],2, 0
21:51:21.925:   [33, 2, 39],2, 0
21:51:23.925:   [34, 2, 39],0, 0
21:51:25.925:   [34, 3, 39],1, 0
21:51:27.925:   [34, 4, 39],1, 0
21:51:29.925:   [34, 4, 40],2, 0
21:51:30.966:   Medium
21:51:31.926:   [34, 0, 40],1, 1
21:51:33.926:   [35, 0, 40],0, 0
21:51:35.926:   [35, 0, 41],2, 0
21:51:37.926:   [36, 0, 41],0, 0
21:51:39.926:   [37, 0, 41],0, 0
21:51:41.926:   [37, 1, 41],1, 0
21:51:43.926:   [37, 1, 42],2, 0
21:51:45.926:   [37, 1, 43],2, 0
21:51:47.926:   [37, 2, 43],1, 0
21:51:49.927:   [38, 2, 43],0, 0
21:51:51.927:   [38, 2, 44],2, 0
21:51:53.927:   [38, 2, 45],2, 0
21:51:55.927:   [39, 2, 45],0, 0
21:51:57.927:   [40, 2, 45],0, 0
21:51:59.927:   [40, 2, 46],2, 0
21:52:01.927:   [40, 3, 46],1, 0
21:52:03.927:   [40, 3, 47],2, 0
21:52:05.927:   [40, 3, 48],2, 0
21:52:07.928:   [40, 3, 49],2, 0
21:52:09.928:   [40, 4, 49],1, 0
21:52:11.928:   [41, 4, 49],0, 0
21:52:13.928:   [41, 4, 50],2, 0
21:52:15.928:   [42, 4, 50],0, 0
21:52:17.928:   [43, 4, 50],0, 0
21:52:19.928:   [44, 4, 50],0, 0
21:52:21.198:   Medium
21:52:21.928:   [44, 0, 50],1, 1
21:52:23.929:   [44, 1, 50],1, 0
21:52:25.929:   [44, 1, 51],2, 0
21:52:27.929:   [44, 2, 51],1, 0
21:52:29.929:   [45, 2, 51],0, 0
21:52:31.929:   [45, 2, 52],2, 0
21:52:33.929:   [46, 2, 52],0, 0
21:52:35.929:   [46, 3, 52],1, 0
21:52:37.929:   [46, 4, 52],1, 0
21:52:38.918:   Medium
21:52:39.929:   [46, 0, 52],1, 1
21:52:41.930:   [46, 0, 53],2, 0
21:52:43.930:   [47, 0, 53],0, 0
21:52:45.930:   [47, 1, 53],1, 0
21:52:47.930:   [48, 1, 53],0, 0
21:52:49.930:   [49, 1, 53],0, 0
21:52:51.930:   [49, 1, 54],2, 0
21:52:53.930:   [49, 1, 55],2, 0
21:52:55.930:   [49, 2, 55],1, 0
21:52:57.930:   [50, 2, 55],0, 0
21:52:59.931:   [50, 3, 55],1, 0
21:53:01.931:   [50, 4, 55],1, 0
21:53:03.931:   [50, 4, 56],2, 0
21:53:05.931:   [50, 4, 57],2, 0
21:53:07.931:   [51, 4, 57],0, 0
21:53:08.814:   Medium
21:53:09.931:   [51, 0, 57],1, 1
21:53:11.931:   [51, 1, 57],1, 0
21:53:13.931:   [52, 1, 57],0, 0
21:53:15.931:   [52, 1, 58],2, 0
21:53:17.932:   [53, 1, 58],0, 0
21:53:19.932:   [54, 1, 58],0, 0
21:53:21.932:   [55, 1, 58],0, 0
21:53:23.932:   [55, 1, 59],2, 0
21:53:25.932:   [56, 1, 59],0, 0
21:53:27.932:   [57, 1, 59],0, 0
21:53:29.932:   [58, 1, 59],0, 0
21:53:31.932:   [59, 1, 59],0, 0
21:53:33.933:   [60, 1, 59],0, 0
21:53:35.933:   [60, 2, 59],1, 0
21:53:37.933:   [60, 2, 60],2, 0
21:53:39.933:   [60, 3, 60],1, 0
21:53:41.933:   [60, 4, 60],1, 0
21:53:43.933:   [61, 4, 60],0, 0
21:53:45.933:   [61, 4, 61],2, 0
21:53:47.933:   [61, 4, 62],2, 0
21:53:49.933:   [62, 4, 62],0, 0
21:53:51.934:   [63, 4, 62],0, 0
21:53:53.934:   [63, 4, 63],2, 0
21:53:55.934:   [64, 4, 63],0, 0
21:53:57.934:   [64, 4, 64],2, 0
21:53:59.934:   [64, 4, 65],2, 0
21:54:01.934:   [65, 4, 65],0, 0
21:54:03.934:   [66, 4, 65],0, 0
21:54:04.878:   Medium
21:54:05.934:   [66, 0, 65],1, 1
21:54:07.934:   [66, 1, 65],1, 0
21:54:09.935:   [66, 2, 65],1, 0
21:54:11.935:   [66, 2, 66],2, 0
21:54:13.935:   [66, 2, 67],2, 0
21:54:15.935:   [66, 2, 68],2, 0
21:54:17.935:   [66, 2, 69],2, 0
21:54:19.935:   [66, 3, 69],1, 0
21:54:21.935:   [66, 4, 69],1, 0
21:54:23.935:   [67, 4, 69],0, 0
21:54:25.935:   [68, 4, 69],0, 0
21:54:26.975:   Medium
21:54:27.936:   [68, 0, 69],1, 1
21:54:29.936:   [68, 1, 69],1, 0
21:54:31.936:   [69, 1, 69],0, 0
21:54:33.936:   [70, 1, 69],0, 0
21:54:35.936:   [70, 1, 70],2, 0
21:54:37.936:   [70, 1, 71],2, 0
21:54:39.936:   [70, 1, 72],2, 0
21:54:41.936:   [70, 2, 72],1, 0
21:54:43.937:   [71, 2, 72],0, 0
21:54:45.937:   [71, 3, 72],1, 0
21:54:47.937:   [72, 3, 72],0, 0
21:54:49.937:   [73, 3, 72],0, 0
21:54:51.937:   [73, 4, 72],1, 0
21:54:53.937:   [73, 4, 73],2, 0
21:54:55.937:   [73, 4, 74],2, 0
21:54:57.937:   [74, 4, 74],0, 0
21:54:59.937:   [75, 4, 74],0, 0
21:55:00.854:   Medium
21:55:01.938:   [75, 0, 74],1, 1
21:55:03.938:   [75, 0, 75],2, 0
21:55:05.938:   [76, 0, 75],0, 0
21:55:07.938:   [76, 0, 76],2, 0
21:55:09.938:   [77, 0, 76],0, 0
21:55:11.938:   [77, 1, 76],1, 0
21:55:13.938:   [77, 2, 76],1, 0
21:55:15.938:   [78, 2, 76],0, 0
21:55:17.938:   [78, 3, 76],1, 0
21:55:19.939:   [78, 4, 76],1, 0
21:55:20.871:   Medium
21:55:21.939:   [78, 0, 76],1, 1
21:55:23.939:   [78, 1, 76],1, 0
21:55:25.939:   [78, 2, 76],1, 0
21:55:27.939:   [79, 2, 76],0, 0
21:55:29.939:   [79, 2, 77],2, 0
21:55:31.939:   [79, 2, 78],2, 0
21:55:33.939:   [80, 2, 78],0, 0
21:55:35.939:   [80, 2, 79],2, 0
21:55:37.940:   [80, 2, 80],2, 0
21:55:39.940:   [81, 2, 80],0, 0
21:55:41.940:   [82, 2, 80],0, 0
21:55:43.940:   [82, 2, 81],2, 0
21:55:45.940:   [83, 2, 81],0, 0
21:55:47.940:   [83, 2, 82],2, 0
21:55:49.940:   [83, 2, 83],2, 0
21:55:51.940:   [83, 3, 83],1, 0
21:55:53.941:   [83, 4, 83],1, 0
21:55:55.941:   [83, 4, 84],2, 0
21:55:57.941:   [83, 4, 85],2, 0
21:55:59.941:   [83, 4, 86],2, 0
21:56:00.873:   Medium
21:56:01.941:   [83, 0, 86],1, 1
21:56:03.941:   [83, 1, 86],1, 0
21:56:05.941:   [83, 2, 86],1, 0
21:56:07.941:   [83, 2, 87],2, 0
21:56:09.941:   [83, 3, 87],1, 0
21:56:11.942:   [83, 4, 87],1, 0
21:56:13.942:   [83, 4, 88],2, 0
21:56:15.942:   [83, 4, 89],2, 0
21:56:17.942:   [84, 4, 89],0, 0
21:56:19.942:   [85, 4, 89],0, 0
21:56:21.942:   [86, 4, 89],0, 0
21:56:23.942:   [86, 4, 90],2, 0
21:56:25.942:   [86, 4, 91],2, 0
21:56:27.942:   [86, 4, 92],2, 0
21:56:29.943:   [86, 4, 93],2, 0
21:56:31.943:   [87, 4, 93],0, 0
21:56:33.943:   [88, 4, 93],0, 0
21:56:35.943:   [89, 4, 93],0, 0
21:56:37.943:   [90, 4, 93],0, 0
21:56:39.943:   [90, 4, 94],2, 0
21:56:40.942:   Medium
21:56:41.943:   [90, 0, 94],1, 1
21:56:43.943:   [91, 0, 94],0, 0
21:56:45.943:   [91, 0, 95],2, 0
21:56:47.944:   [92, 0, 95],0, 0
21:56:49.944:   [93, 0, 95],0, 0
21:56:51.944:   [93, 1, 95],1, 0
21:56:53.944:   [93, 1, 96],2, 0
21:56:55.944:   [93, 2, 96],1, 0
21:56:57.944:   [93, 3, 96],1, 0
21:56:59.944:   [94, 3, 96],0, 0
21:57:01.944:   [94, 3, 97],2, 0
21:57:03.945:   [94, 4, 97],1, 0
21:57:05.945:   [94, 4, 98],2, 0
21:57:07.945:   [95, 4, 98],0, 0
21:57:09.945:   [95, 4, 99],2, 0
21:57:11.945:   [95, 5, 99],1, 0
21:57:13.945:   [96, 5, 99],0, 0
21:57:15.945:   [96, 5, 100],2, 0
21:57:17.945:   [96, 5, 101],2, 0
21:57:19.945:   [97, 5, 101],0, 0
21:57:21.946:   [97, 5, 102],2, 0
21:57:22.999:   Medium
21:57:23.946:   [97, 0, 102],1, -1
21:57:25.946:   [98, 0, 102],0, 0
21:57:27.946:   [98, 0, 103],2, 0
21:57:29.946:   [98, 1, 103],1, 0
21:57:31.946:   [98, 1, 104],2, 0
21:57:33.946:   [98, 1, 105],2, 0
21:57:35.946:   [99, 1, 105],0, 0
21:57:37.946:   [100, 1, 105],0, 0
21:57:39.947:   [101, 1, 105],0, 0
21:57:41.947:   [102, 1, 105],0, 0
21:57:43.947:   [103, 1, 105],0, 0
Tone 1 count: 103
Tone 2 count: 92
Tone 3 count: 105
Correct: 17; False Positive: 1
