16:30:32:0	75.0	75.0	74.0	74.0	74.0	75.0	75.0	75.0	75.0	75.0	75.0	75.0	75.0	75.0	75.0	75.0	75.0
16:30:37:0	76.0	76.0	76.0	76.0	77.0	77.0	77.0	77.0	76.0	76.0	76.0	76.0	75.0	75.0	75.0	75.0	74.0	74.0	74.0	74.0	74.0
16:30:42:0	74.0	74.0	74.0	74.0	75.0	75.0	75.0	75.0	76.0	76.0	76.0	77.0	77.0	77.0	78.0	78.0	78.0	78.0
16:30:47:0	78.0	78.0	78.0	78.0	78.0	79.0	79.0	79.0	79.0	79.0	79.0	79.0	79.0	78.0	78.0	78.0	78.0	78.0	78.0	78.0
16:30:52:0	78.0	78.0	78.0	78.0	78.0	78.0	78.0	78.0	78.0	78.0	78.0	78.0	78.0	79.0	79.0	78.0
16:30:57:0	78.0	78.0	78.0	78.0	79.0	79.0	79.0	79.0	80.0	80.0	80.0	80.0	81.0	81.0	81.0	81.0
16:31:2:0	81.0	81.0	81.0	81.0	81.0	81.0	81.0	81.0	81.0	81.0	81.0	81.0	81.0	81.0	81.0
16:31:7:0	81.0	81.0	81.0	81.0	81.0	81.0	81.0	82.0	82.0	82.0	82.0	82.0	82.0	82.0	82.0	82.0	82.0	82.0	82.0	81.0
16:31:12:0	81.0	81.0	81.0	80.0	80.0	80.0	80.0	80.0	79.0	79.0	79.0	79.0	77.0	77.0	77.0	77.0	76.0	76.0	76.0	76.0	75.0
16:31:17:0	75.0	75.0	75.0	75.0	75.0	75.0	75.0	75.0	75.0	76.0	76.0	76.0	76.0	76.0	76.0
16:31:22:0	77.0	77.0	77.0	78.0	78.0	78.0	78.0	78.0	78.0	78.0	78.0	79.0	79.0	79.0	79.0	80.0	80.0	80.0	80.0
16:31:27:0	80.0	81.0	81.0	81.0	81.0	81.0	81.0	81.0	81.0	80.0	80.0	80.0	80.0	80.0	80.0	80.0	80.0	79.0	79.0	79.0
16:31:32:0	77.0	77.0	77.0	77.0	77.0	76.0	76.0	76.0	76.0	75.0	75.0	75.0	75.0	76.0	76.0	76.0	76.0	77.0	77.0	77.0
16:31:37:0	77.0	78.0	78.0	78.0	78.0	79.0	79.0	79.0	79.0	79.0	80.0	81.0	81.0	81.0	81.0	81.0
16:31:42:0	81.0	81.0	81.0	81.0	81.0	80.0	80.0	80.0	79.0	79.0	79.0	79.0	78.0	78.0	78.0	78.0
16:31:47:0	78.0	78.0	78.0	79.0	79.0	79.0	79.0	80.0	80.0	80.0	80.0	80.0	80.0	80.0	80.0	81.0	81.0	81.0	81.0	81.0
16:31:52:0	81.0	81.0	81.0	81.0	81.0	81.0	82.0	82.0	82.0	82.0	82.0	82.0	82.0	82.0
16:31:57:0	82.0	82.0	82.0	83.0	83.0	83.0	83.0	83.0	83.0	83.0	83.0	83.0	83.0	83.0	83.0	83.0	83.0	83.0	83.0	83.0
16:32:2:0	83.0	83.0	83.0	83.0	83.0	83.0	83.0	83.0	83.0	83.0	83.0	82.0	82.0	82.0	82.0	82.0	82.0	82.0	82.0
16:32:7:0	83.0	83.0	83.0	84.0	84.0	84.0	85.0	85.0	85.0	86.0	86.0	86.0	86.0	86.0	86.0	86.0
16:32:12:0	86.0	86.0	86.0	86.0	86.0	86.0	86.0	87.0	87.0	87.0	87.0	87.0	87.0	87.0	86.0	86.0
16:32:17:0	86.0	85.0	85.0	85.0	85.0	84.0	84.0	84.0	84.0	82.0	82.0	82.0	82.0	80.0	80.0	80.0	80.0	79.0	79.0	79.0
16:32:22:0	79.0	79.0	79.0	79.0	79.0	79.0	79.0	79.0	79.0	78.0	78.0	78.0	78.0	78.0	78.0	78.0	78.0	78.0
16:32:27:0	78.0	78.0	78.0	78.0	78.0	78.0	79.0	79.0	79.0	79.0	79.0	79.0	79.0	79.0	79.0	79.0	79.0	79.0	79.0
16:32:32:0	78.0	78.0	78.0	77.0	77.0	77.0	77.0	77.0	77.0	77.0	77.0	77.0	78.0	78.0	78.0	78.0	79.0
16:32:37:0	79.0	79.0	79.0	79.0	81.0	81.0	81.0	81.0	81.0	82.0	82.0	82.0	81.0	81.0	81.0	81.0	81.0
16:32:42:0	81.0	81.0	81.0	80.0	80.0	80.0	80.0	80.0	78.0	78.0	78.0	78.0	77.0	77.0	77.0	77.0	77.0	77.0	77.0	77.0
16:32:47:0	77.0	77.0	77.0	77.0	77.0	77.0	77.0	77.0	77.0	77.0	77.0	77.0	78.0	78.0	78.0	78.0	78.0	78.0	78.0
16:32:52:0	78.0	78.0	78.0	78.0	78.0	78.0	78.0	78.0	78.0	77.0	77.0	77.0	77.0	77.0	77.0	77.0	77.0	76.0	76.0	76.0
16:32:57:0	76.0	76.0	76.0	76.0	75.0	75.0	75.0	75.0	75.0	75.0	75.0	75.0	75.0	75.0	75.0	76.0	76.0	76.0
16:33:2:0	76.0	75.0	75.0	75.0	75.0	75.0	75.0	75.0	75.0	75.0	78.0	78.0	78.0	79.0	79.0	79.0	79.0	80.0	80.0
16:33:7:0	80.0	80.0	81.0	81.0	81.0	81.0	81.0	81.0	81.0	81.0	81.0	81.0	81.0	81.0	81.0	80.0	79.0
16:33:12:0	79.0	79.0	79.0	79.0	79.0	79.0	81.0	81.0	81.0	81.0	83.0	83.0	83.0	83.0	85.0	85.0	85.0	85.0
16:33:17:0	87.0	87.0	87.0	88.0	88.0	88.0	88.0	89.0	89.0	89.0	88.0	88.0	88.0	87.0	87.0	87.0	87.0
16:33:22:0	86.0	86.0	84.0	84.0	84.0	82.0	82.0	82.0	82.0	80.0	80.0	80.0	80.0	78.0	78.0	78.0	78.0
16:33:27:0	77.0	77.0	77.0	77.0	77.0	77.0	77.0	77.0	77.0	77.0	77.0	77.0	77.0	78.0	78.0	78.0	78.0	79.0	79.0	79.0	79.0
16:33:32:0	80.0	80.0	80.0	80.0	80.0	80.0	80.0	80.0	80.0	80.0	80.0	80.0	80.0	80.0	80.0	80.0	80.0	80.0	80.0
16:33:37:0	80.0	80.0	80.0	80.0	80.0	80.0	80.0	80.0	80.0	80.0	80.0	80.0	80.0	80.0	80.0	80.0	80.0
16:33:42:0	80.0	80.0	80.0	80.0	80.0	80.0	80.0	80.0	80.0	80.0	80.0	80.0	81.0	81.0	81.0	81.0	81.0
16:33:47:0	81.0	81.0	82.0	82.0	82.0	82.0	82.0	82.0	81.0	81.0	81.0	81.0	81.0	81.0	81.0	81.0	80.0	80.0
16:33:52:0	80.0	80.0	80.0	80.0	80.0	80.0	80.0	80.0	80.0	80.0	80.0	80.0	80.0	80.0	80.0	80.0	80.0	80.0	80.0	80.0
16:33:57:0	80.0	80.0	80.0	80.0	80.0	80.0	80.0	81.0	81.0	81.0	81.0	81.0	81.0	81.0	81.0	81.0	80.0	80.0	80.0	80.0
16:34:2:0	80.0	80.0	80.0	79.0	79.0	79.0	78.0	78.0	78.0	76.0	76.0	76.0	76.0	76.0	76.0
16:34:7:0	77.0	77.0	77.0	77.0	80.0	80.0	80.0	82.0	82.0	82.0	84.0	84.0	84.0	84.0	85.0	85.0	85.0	85.0
16:34:12:0	86.0	86.0	86.0	86.0	85.0	85.0	85.0	85.0	85.0	85.0	85.0	85.0	85.0	84.0	84.0	84.0	84.0	83.0	83.0	83.0	83.0
16:34:17:0	82.0	82.0	82.0	82.0	81.0	81.0	81.0	81.0	81.0	81.0	81.0	81.0	81.0	81.0	81.0	81.0	81.0
16:34:22:0	81.0	81.0	81.0	81.0	82.0	82.0	82.0	82.0	82.0	82.0	82.0	82.0	82.0	82.0	82.0	82.0	82.0	81.0	81.0
16:34:27:0	81.0	81.0	81.0	81.0	81.0	81.0	80.0	80.0	80.0	80.0	80.0	80.0	80.0	80.0	80.0	80.0	80.0	80.0	80.0
16:34:32:0	80.0	80.0	80.0	80.0	80.0	80.0	80.0	80.0	80.0	80.0	80.0	80.0	80.0	79.0
16:34:37:0	79.0	79.0	79.0	79.0	79.0	79.0	79.0	79.0	79.0	79.0	80.0	80.0	80.0	80.0	80.0	80.0	80.0	80.0	80.0
16:34:42:0	80.0	80.0	80.0	79.0	79.0	79.0	79.0	79.0	79.0	79.0	79.0	79.0	79.0	79.0	79.0	79.0	79.0	79.0	79.0	79.0
16:34:47:0	79.0	79.0	79.0	79.0	80.0	80.0	80.0	81.0	81.0	81.0	81.0	82.0	82.0	82.0	83.0	83.0	83.0	83.0	83.0
16:34:52:0	84.0	84.0	84.0	84.0	84.0	84.0	84.0	85.0	85.0	85.0	85.0	84.0	84.0	84.0	84.0	84.0	84.0
16:34:57:0	83.0	83.0	83.0	83.0	83.0	83.0	83.0	83.0	82.0	82.0	82.0	82.0	82.0	82.0	82.0
16:35:2:0	82.0	82.0	82.0	82.0	82.0	83.0	83.0	83.0	83.0	84.0	84.0	84.0	84.0	84.0	85.0	85.0	85.0	85.0	86.0	86.0	86.0
16:35:7:0	86.0	86.0	86.0	86.0	86.0	86.0	86.0	86.0	86.0	85.0	85.0	85.0	85.0	85.0	85.0	85.0	85.0	85.0	84.0	84.0
16:35:12:0	84.0	84.0	82.0	82.0	82.0	81.0	81.0	81.0	81.0	81.0	81.0	81.0	81.0	81.0	81.0	81.0	81.0
16:35:17:0	81.0	81.0	81.0	81.0	81.0	81.0	81.0	82.0	82.0	82.0	82.0	82.0	82.0	83.0	83.0	83.0	84.0
16:35:22:0	84.0	84.0	84.0	84.0	84.0	84.0	84.0	84.0	84.0	84.0	84.0	84.0	83.0	83.0	83.0	81.0	81.0	81.0	80.0
16:35:27:0	80.0	80.0	80.0	79.0	79.0	79.0	79.0	77.0	77.0	77.0	77.0	76.0	76.0	76.0	76.0	76.0	74.0	74.0	74.0	74.0
16:35:32:0	73.0	73.0	73.0	73.0	71.0	71.0	71.0	71.0	71.0	71.0	71.0	71.0	71.0	71.0	71.0	71.0	71.0	71.0	71.0
16:35:37:0	71.0	71.0	71.0	71.0	71.0	72.0	72.0	72.0	73.0	73.0	73.0	75.0	75.0	75.0	75.0	77.0	77.0	77.0	77.0
16:35:42:0	79.0	79.0	79.0	79.0	79.0	81.0	81.0	81.0	83.0	83.0	83.0	83.0	83.0	83.0	83.0	83.0
16:35:47:0	83.0	82.0	82.0	82.0	82.0	81.0	81.0	81.0	81.0	81.0	81.0	81.0	81.0	82.0	82.0	82.0	83.0
16:35:52:0	83.0	83.0	84.0	84.0	84.0	84.0	83.0	83.0	83.0	83.0	83.0	83.0	83.0	83.0	82.0	82.0	82.0	82.0	82.0	80.0
16:35:57:0	80.0	80.0	79.0	79.0	79.0	79.0	78.0	78.0	78.0	78.0	77.0	77.0	77.0	77.0	78.0	78.0	78.0	78.0	79.0	79.0
16:36:2:0	79.0	79.0	79.0	81.0	81.0	81.0	81.0	81.0	81.0	81.0	81.0	81.0	81.0	80.0	80.0	80.0	80.0	80.0
16:36:7:0	80.0	80.0	79.0	79.0	79.0	79.0	79.0	79.0	79.0	78.0	78.0	78.0	78.0	78.0	78.0	78.0	78.0
16:36:12:0	78.0	78.0	78.0	78.0	78.0	78.0	78.0	78.0	78.0	78.0	78.0	78.0	78.0	78.0	78.0	78.0	78.0	77.0	77.0	77.0	77.0
16:36:17:0	77.0	77.0	77.0	77.0	77.0	77.0	77.0	77.0	78.0	78.0	78.0	78.0	78.0	78.0	78.0	78.0	78.0	78.0	78.0
16:36:22:0	78.0	77.0	77.0	77.0	77.0	76.0	76.0	76.0	76.0	76.0	76.0	76.0	76.0	77.0	77.0	77.0	78.0	78.0
16:36:27:0	78.0	79.0	79.0	79.0	79.0	80.0	80.0	80.0	80.0	81.0	81.0	81.0	81.0	80.0	80.0	80.0	80.0	80.0	80.0
16:36:32:0	80.0	79.0	79.0	79.0	78.0	78.0	78.0	78.0	77.0	77.0	77.0	77.0	77.0	77.0	77.0	77.0	77.0	77.0
16:36:37:0	77.0	77.0	77.0	77.0	77.0	77.0	78.0	78.0	78.0	78.0	78.0	78.0	78.0	79.0	79.0	79.0	79.0	79.0	79.0
16:36:42:0	79.0	79.0	79.0	79.0	79.0	79.0	80.0	80.0	80.0	80.0	80.0	80.0	80.0	80.0	80.0	80.0	80.0	80.0	80.0	80.0
16:36:47:0	80.0	80.0	80.0	80.0	80.0	80.0	80.0	80.0	80.0	80.0	80.0	80.0	80.0	80.0	80.0	80.0	80.0	80.0	80.0	81.0
16:36:52:0	81.0	81.0	81.0	81.0	81.0	81.0	81.0	81.0	81.0	81.0	81.0	81.0	80.0	80.0	80.0	80.0	80.0	80.0
16:36:57:0	80.0	80.0	80.0	80.0	80.0	80.0	80.0	80.0	80.0	80.0	80.0	80.0	80.0	80.0	81.0	81.0	81.0
16:37:2:0	81.0	81.0	81.0	81.0	81.0	81.0	81.0	81.0	81.0	81.0	81.0	81.0	81.0	82.0	82.0	82.0	82.0
16:37:7:0	82.0	82.0	82.0	82.0	82.0	82.0	82.0	82.0	82.0	82.0	82.0	82.0	82.0	82.0	82.0	82.0	82.0	83.0	83.0	83.0
16:37:12:0	83.0	82.0	82.0	82.0	82.0	82.0	82.0	82.0	82.0	82.0	81.0	81.0	81.0	82.0	83.0	83.0
16:37:17:0	83.0	83.0	84.0	84.0	84.0	84.0	85.0	85.0	85.0	85.0	87.0	87.0	87.0	88.0	88.0	90.0	90.0
16:37:22:0	90.0	90.0	90.0	90.0	90.0	90.0	89.0	89.0	89.0	89.0	87.0	87.0	87.0	87.0	87.0	86.0	86.0	86.0	86.0	86.0
16:37:27:0	86.0	86.0	86.0	86.0	86.0	86.0	86.0	87.0	86.5	86.0	86.0	86.0	86.0	86.0	86.0	86.0	86.0	85.0
16:37:32:0	85.0	85.0	85.0	85.0	84.0	84.0	84.0	84.0	84.0	84.0	84.0	84.0	84.0	84.0	84.0	84.0	84.0	84.0	83.0
16:37:37:0	83.0	83.0	83.0	83.0	83.0	83.0	83.0	83.0	82.0	82.0	82.0	82.0	82.0	82.0	82.0	82.0	82.0
16:37:42:0	82.0	82.0	82.0	82.0	82.0	82.0	83.0	83.0	83.0	83.0	83.0	83.0	83.0	83.0	83.0	83.0
16:37:47:0	83.0	81.0	81.0	81.0	80.0	80.0	80.0	80.0	79.0	79.0	79.0	79.0	79.0	79.0	79.0	79.0	79.0	79.0	79.0	79.0
16:37:52:0	79.0	79.0	79.0	79.0	79.0	79.0	79.0	79.0	79.0	79.0	79.0	79.0	79.0	78.0	78.0	78.0	78.0	78.0	78.0	78.0
16:37:57:0	78.0	79.0	79.0	79.0	79.0	79.0	80.0	80.0	80.0	80.0	80.0	80.0	80.0	80.0	81.0	81.0	81.0	81.0	81.0
16:38:2:0	81.0	81.0	80.0	80.0	80.0	80.0	81.0	81.0	81.0	81.0	81.0	81.0	81.0	81.0	81.0	82.0	82.0	82.0	81.0
16:38:7:0	81.0	81.0	81.0	81.0	81.0	80.0	80.0	80.0	80.0	80.0	80.0	80.0	80.0	80.0	80.0	80.0	80.0	80.0	81.0
16:38:12:0	81.0	81.0	81.0	81.0	81.0	81.0	82.0	82.0	82.0	82.0	82.0	82.0	83.0	83.0	83.0	83.0	82.0
16:38:17:0	82.0	82.0	82.0	82.0	81.0	81.0	81.0	81.0	80.0	80.0	80.0	80.0	79.0	79.0	79.0	78.0	78.0	78.0	78.0
16:38:22:0	78.0	78.0	78.0	78.0	78.0	78.0	78.0	78.0	79.0	79.0	79.0	79.0	81.0	81.0	81.0	81.0
16:38:27:0	81.0	81.0	81.0	81.0	80.0	80.0	80.0	80.0	80.0	80.0	79.0	79.0	79.0	78.0
16:38:32:0	78.0	77.0	77.0	77.0	77.0	77.0	77.0	77.0	79.0	79.0	79.0	79.0	81.0	81.0	81.0	81.0	81.0	82.0	82.0
16:38:37:0	82.0	82.0	81.0	81.0	81.0	81.0	81.0	81.0	81.0	81.0	80.0	80.0	80.0	80.0	79.0	79.0	79.0	78.0	78.0	78.0
16:38:42:0	78.0	77.0	77.0	77.0	77.0	77.0	77.0	77.0	77.0	77.0	77.0	77.0	77.0	77.0	77.0	77.0	76.0	76.0
16:38:47:0	76.0	76.0	77.0	77.0	77.0	77.0	78.0	78.0	78.0	78.0	78.0	80.0	80.0	80.0	80.0
16:38:52:0	81.0	81.0	81.0	82.0	82.0	82.0	83.0	83.0	83.0	84.0	84.0	84.0	84.0	84.0	84.0	84.0
16:38:57:0	84.0	84.0	84.0	84.0	84.0	84.0	84.0	84.0	83.0	83.0	83.0	83.0	83.0	83.0	83.0	83.0	83.0	83.0	83.0	83.0	83.0
16:39:2:0	82.0	82.0	82.0	82.0	82.0	82.0	82.0	82.0	81.0	81.0	81.0	81.0	80.0	80.0	80.0	80.0	80.0	80.0
16:39:7:0	80.0	80.0	80.0	80.0	80.0	80.0	80.0	80.0	80.0	80.0	80.0	80.0	80.0	80.0	80.0	80.0	80.0
16:39:12:0	80.0	81.0	81.0	81.0	81.0	81.0	81.0	81.0	81.0	81.0	81.0	81.0	81.0	81.0	81.0	81.0	81.0	81.0	81.0
16:39:17:0	81.0	81.0	81.0	81.0	81.0	80.0	80.0	80.0	80.0	80.0	80.0	80.0	80.0	80.0	80.0	80.0	80.0	80.0	80.0
16:39:22:0	80.0	80.0	79.0	79.0	79.0	79.0	79.0	79.0	79.0	79.0	79.0	79.0	79.0	79.0	79.0	79.0	79.0	79.0	79.0	79.0
16:39:27:0	79.0	79.0	79.0	79.0	79.0	79.0	79.0	80.0	80.0	80.0	80.0	81.0	81.0	81.0	81.0	81.0	82.0
16:39:32:0	82.0	82.0	82.0	82.0	82.0	81.0	81.0	81.0	81.0	81.0	81.0	81.0	81.0	81.0	81.0	81.0
16:39:37:0	81.0	81.0	81.0	82.0	82.0	82.0	82.0	82.0	82.0	82.0	82.0	83.0	83.0	83.0	83.0	83.0	83.0	83.0
16:39:42:0	83.0	83.0	83.0	83.0	83.0	82.0	82.0	82.0	82.0	82.0	82.0	82.0	82.0	82.0	82.0	82.0
16:39:47:0	82.0	83.0	83.0	83.0	83.0	83.0	83.0	83.0	83.0	83.0	83.0	83.0	83.0	83.0	83.0	83.0	83.0	83.0	83.0
16:39:52:0	83.0	83.0	83.0	83.0	84.0	84.0	84.0	84.0	84.0	84.0	84.0	84.0	84.0	85.0	85.0	85.0	85.0	84.0	84.0
16:39:57:0	84.0	83.0	83.0	83.0	83.0	82.0	82.0	82.0	82.0	82.0	82.0	82.0	82.0	82.0	83.0	83.0	83.0	83.0	83.0	83.0
16:40:2:0	83.0	83.0	84.0	84.0	84.0	83.0	83.0	83.0	83.0	83.0	83.0	83.0	83.0	82.0	82.0	82.0	82.0	80.0
16:40:7:0	80.0	80.0	80.0	80.0	81.0	81.0	81.0	82.0	82.0	82.0	82.0	82.0	82.0	82.0	82.0	83.0	83.0
16:40:12:0	83.0	83.0	83.0	83.0	83.0	83.0	83.0	83.0	83.0	83.0	83.0	83.0	83.0	83.0	83.0	82.0	82.0	82.0	82.0
16:40:17:0	82.0	82.0	81.0	81.0	81.0	81.0	81.0	81.0	81.0	81.0	80.0	80.0	80.0	80.0	80.0	80.0	80.0
16:40:22:0	80.0	80.0	80.0	80.0	80.0	80.0	80.0	80.0	80.0	80.0	80.0	80.0	80.0	80.0	80.0	80.0	80.0	80.0
16:40:27:0	81.0	81.0	81.0	81.0	81.0	81.0	81.0	81.0	82.0	82.0	82.0	82.0	82.0	82.0	82.0	82.0	82.0	82.0	82.0
