19:25:37:0	78.0	78.0	77.0	77.0	77.0	77.0	77.0	77.0	77.0	77.0	77.0	77.0	77.0	77.0	77.0	77.0	77.0	77.0	77.0	77.0
19:25:42:0	77.0	77.0	77.0	76.0	76.0	76.0	76.0	76.0	76.0	76.0	76.0	76.0	75.0	75.0	75.0	75.0	74.0	74.0	74.0	74.0
19:25:47:0	73.0	73.0	73.0	73.0	72.0	72.0	72.0	73.0	73.0	73.0	73.0	75.0	75.0	75.0	75.0
19:25:52:0	77.0	77.0	77.0	78.0	78.0	78.0	78.0	79.0	79.0	79.0	80.0	80.0	80.0	80.0	80.0	80.0
19:25:57:0	79.0	79.0	79.0	79.0	78.0	78.0	78.0	77.0	77.0	77.0	75.0	75.0	75.0	74.0	74.0	74.0
19:26:2:0	74.0	73.0	73.0	73.0	73.0	72.0	72.0	72.0	72.0	71.0	71.0	71.0	71.0	71.0	71.0	71.0	71.0	71.0	71.0
19:26:7:0	71.0	71.0	71.0	71.0	71.0	71.0	71.0	71.0	71.0	71.0	71.0	71.0	71.0	71.0	71.0	71.0	71.0	71.0	72.0	72.0
19:26:12:0	72.0	72.0	72.0	72.0	72.0	72.0	72.0	72.0	72.0	71.0	71.0	71.0	70.0	70.0	70.0	70.0	70.0	70.0
19:26:17:0	70.0	70.0	70.0	71.0	71.0	71.0	71.0	71.0	71.0	71.0	71.0	71.0	71.0	71.0	71.0	71.0
19:26:22:0	71.0	71.0	71.0	71.0	71.0	71.0	71.0	71.0	71.0	71.0	71.0	71.0	71.0	71.0	71.0	71.0	72.0	72.0	72.0	72.0	73.0
19:26:27:0	73.0	73.0	73.0	74.0	74.0	74.0	74.0	74.0	74.0	74.0	74.0	73.0	73.0	73.0	72.0	72.0	72.0	72.0
19:26:32:0	72.0	72.0	72.0	72.0	73.0	73.0	73.0	75.0	75.0	75.0	75.0	76.0	76.0	76.0	76.0	76.0	77.0	77.0
19:26:37:0	77.0	76.0	76.0	76.0	75.0	75.0	75.0	75.0	74.0	74.0	74.0	74.0	73.0	73.0	73.0	73.0	73.0	73.0	73.0	73.0
19:26:42:0	74.0	74.0	74.0	74.0	74.0	74.0	74.0	74.0	74.0	74.0	74.0	73.0	73.0	73.0	73.0	72.0	72.0	72.0
19:26:47:0	72.0	71.0	71.0	71.0	71.0	69.0	69.0	69.0	69.0	69.0	69.0	69.0	69.0	69.0	69.0	69.0	69.0
19:26:52:0	69.0	69.0	70.0	70.0	70.0	71.0	71.0	71.0	71.0	72.0	72.0	72.0	72.0	72.0	73.0	73.0	73.0	73.0	74.0
19:26:57:0	74.0	74.0	74.0	74.0	74.0	74.0	75.0	75.0	75.0	75.0	74.0	74.0	74.0	74.0	74.0	74.0	74.0	74.0	74.0
19:27:2:0	73.0	73.0	73.0	72.5	72.0	72.0	72.0	72.0	72.0	72.0	72.0	72.0	72.0	72.0	72.0
19:27:7:0	72.0	72.0	72.0	71.0	71.0	71.0	71.0	71.0	71.0	71.0	70.0	70.0	70.0	70.0	70.0	70.0	70.0
19:27:12:0	70.0	70.0	70.0	70.0	71.0	71.0	71.0	71.0	70.0	70.0	70.0	70.0	70.0	70.0	70.0	70.0	70.0	71.0	71.0	71.0	71.0
19:27:17:0	71.0	71.0	71.0	71.0	72.0	72.0	72.0	72.0	71.0	71.0	71.0	71.0	71.0	71.0	71.0	71.0	71.0	70.0	70.0	70.0
19:27:22:0	70.0	70.0	70.0	70.0	69.0	69.0	69.0	68.0	68.0	68.0	68.0	69.0	69.0	69.0	69.0	71.0	71.0	71.0
19:27:27:0	71.0	71.0	72.0	72.0	72.0	72.0	73.0	73.0	73.0	73.0	73.0	73.0	73.0	73.0	73.0	73.0	73.0	73.0	72.0	72.0	72.0
19:27:32:0	72.0	72.0	72.0	72.0	72.0	72.0	72.0	72.0	72.0	72.0	72.0	72.0	72.0	73.0	73.0	73.0	73.0	73.0	73.0
19:27:37:0	73.0	73.0	74.0	74.0	74.0	74.0	74.0	74.0	74.0	74.0	74.0	74.0	74.0	74.0	74.0	75.0
19:27:42:0	75.0	75.0	75.0	77.0	77.0	77.0	77.0	79.0	79.0	79.0	79.0	81.0	81.0	81.0	81.0	84.0	84.0	84.0	84.0	84.0
19:27:47:0	86.0	86.0	86.0	88.0	88.0	88.0	88.0	88.0	88.0	88.0	88.0	88.0	88.0	88.0	86.0	86.0	86.0	86.0	85.0
19:27:52:0	85.0	85.0	85.0	83.0	83.0	83.0	83.0	83.0	82.0	82.0	82.0	82.0	81.0	81.0	81.0	81.0	80.0	80.0
19:27:57:0	79.0	79.0	76.0	76.0	76.0	75.0	75.0	75.0	75.0	75.0	75.0	75.0	75.0	76.0	76.0	76.0
19:28:2:0	76.0	77.0	77.0	77.0	77.0	78.0	78.0	78.0	78.0	77.0	77.0	77.0	77.0	77.0	77.0	77.0	77.0	77.0	76.0	76.0	76.0
19:28:7:0	76.0	74.0	74.0	74.0	73.0	73.0	73.0	73.0	71.0	71.0	71.0	70.0	70.0	70.0	70.0	69.0	69.0	69.0
19:28:12:0	69.0	69.0	69.0	69.0	69.0	69.0	68.0	68.0	68.0	68.0	68.0	68.0	68.0	68.0	69.0	69.0	69.0	69.0	71.0
19:28:17:0	71.0	71.0	72.0	72.0	72.0	72.0	72.0	72.0	72.0	71.0	71.0	71.0	71.0	70.0
19:28:22:0	70.0	70.0	71.0	71.0	71.0	73.0	73.0	73.0	74.0	74.0	74.0	74.0	74.0	75.0	75.0	75.0	75.0	75.0
19:28:27:0	75.0	75.0	75.0	76.0	76.0	76.0	76.0	76.0	76.0	76.0	76.0	76.0	76.0	77.0	77.0	77.0	77.0	77.0
19:28:32:0	77.0	77.0	77.0	77.0	77.0	76.0	76.0	76.0	76.0	76.0	76.0	76.0	75.0	75.0	75.0	75.0
19:28:37:0	75.0	75.0	75.0	75.0	77.0	77.0	77.0	77.0	77.0	77.0	77.0	77.0	80.0	80.0	80.0	80.0	82.0	82.0	82.0
19:28:42:0	82.0	82.0	82.0	82.0	82.0	82.0	82.0	82.0	80.0	80.0	80.0	80.0	80.0	79.0	79.0	79.0	79.0	77.0	77.0
19:28:47:0	77.0	76.0	76.0	76.0	76.0	76.0	76.0	77.0	77.0	77.0	77.0	79.0	79.0	79.0	80.0	80.0
19:28:52:0	80.0	81.0	81.0	81.0	81.0	80.0	80.0	80.0	80.0	79.0	79.0	79.0	78.0	78.0	76.0	76.0	76.0
19:28:57:0	76.0	76.0	76.0	76.0	76.0	76.0	76.0	76.0	76.0	76.0	76.0	76.0	75.0	75.0	75.0	75.0	75.0	75.0
19:29:2:0	75.0	75.0	77.0	77.0	77.0	77.0	77.0	77.0	77.0	77.0	77.0	76.0	76.0	76.0	75.0
19:29:7:0	75.0	75.0	75.0	75.0	75.0	75.0	75.0	76.0	76.0	76.0	76.0	76.0	76.0	76.0	76.0	76.0	77.0	77.0	77.0	76.0
19:29:12:0	76.0	76.0	76.0	76.0	76.0	75.0	75.0	75.0	75.0	73.0	73.0	73.0	73.0	73.0	73.0	73.0
19:29:17:0	72.0	72.0	72.0	73.0	73.0	73.0	73.0	74.0	74.0	74.0	74.0	75.0	75.0	75.0	75.0	75.0	75.0	75.0
19:29:22:0	75.0	75.0	75.0	75.0	75.0	74.0	74.0	74.0	74.0	73.0	73.0	73.0	73.0	72.0	72.0	72.0	72.0	73.0	73.0	73.0	73.0
19:29:27:0	74.0	74.0	74.0	74.0	76.0	76.0	76.0	76.0	76.0	76.0	76.0	76.0	76.0	77.0	77.0	77.0	77.0	77.0	77.0
19:29:32:0	77.0	78.0	78.0	78.0	77.0	77.0	77.0	77.0	77.0	77.0	77.0	77.0	75.0	75.0	75.0	75.0	74.0	74.0
19:29:37:0	74.0	74.0	74.0	74.0	74.0	74.0	74.0	74.0	74.0	74.0	74.0	74.0	74.0	74.0	74.0	74.0	74.0	74.0	74.0
19:29:42:0	74.0	74.0	74.0	74.0	74.0	74.0	74.0	74.0	74.0	74.0	73.0	73.0	73.0	73.0	73.0	73.0	73.0	73.0	73.0
19:29:47:0	73.0	73.0	73.0	73.0	73.0	73.0	73.0	73.0	73.0	73.0	73.0	73.0	73.0	73.0	74.0	74.0	74.0	76.0
19:29:52:0	76.0	76.0	76.0	78.0	78.0	78.0	80.0	80.0	82.0	83.0	83.0	83.0
19:29:57:0	84.0	84.0	84.0	83.0	82.0	82.0	82.0	82.0	81.0	81.0	81.0	80.0	80.0	80.0	80.0
19:30:2:0	80.0	80.0	80.0	79.0	79.0	79.0	79.0	79.0	79.0	79.0	79.0	79.0	80.0	80.0	80.0
19:30:7:0	81.0	81.0	81.0	81.0	82.0	82.0	82.0	81.0	81.0	81.0	81.0	81.0	81.0	81.0	81.0	82.0	82.0
19:30:12:0	82.0	83.0	83.0	83.0	83.0	84.0	84.0	84.0	84.0	85.0	85.0	85.0	86.0	86.0	86.0	86.0	87.0
19:30:17:0	87.0	86.0	86.0	85.0	85.0	85.0	85.0	84.0	83.5	83.0	83.0	83.0
19:30:22:0	83.0	83.0	83.0	83.0	82.6875	82.375
19:30:27:0	82.0625	81.75	81.4375	81.125	80.8125
19:30:32:0	80.5	80.1875	79.875	79.5625	79.25
19:30:37:0	78.9375	78.625	78.3125	78.0	78.0	78.0	79.0	79.0	79.0	79.0
19:30:42:0	80.0	80.0	80.0	80.0	80.0	80.0	80.0	80.0	79.5	79.0
19:30:47:0	78.5	78.0	77.5	77.0	76.5
19:30:52:0	76.0	75.5	75.0	74.5	74.0
19:30:57:0	73.5	73.0	72.5	72.0	71.5
19:31:2:0	71.0	70.5	70.0	70.0	70.14285714285714	70.28571428571428
19:31:7:0	70.42857142857142	70.57142857142856	70.7142857142857	70.85714285714283	70.99999999999997	71.0
19:31:12:0	71.0	71.0	71.61538461538461	72.23076923076923	72.84615384615384	73.46153846153845
19:31:17:0	74.07692307692307	74.69230769230768	75.30769230769229	75.9230769230769	76.53846153846152
19:31:22:0	77.15384615384613	77.76923076923075	78.38461538461536	78.99999999999997	79.0	79.0	79.0	79.0
19:31:27:0	78.0	78.2	78.4	78.60000000000001	78.80000000000001
19:31:32:0	79.00000000000001	79.20000000000002	79.40000000000002	79.60000000000002	79.80000000000003
19:31:37:0	80.00000000000003	80.0	80.0	80.0	80.0	79.0	78.0	78.0	76.0	76.0	76.0	76.0
19:31:42:0	76.0	76.0	76.0	76.0	77.0	77.0	77.0	77.0	79.0	79.0	79.0	78.0	78.0	78.0	78.0	78.0	78.0
19:31:47:0	78.0	78.0	76.0	76.0	76.0	76.0	75.0	75.0	75.0	75.0	74.0	74.0	74.0	74.0	74.0	74.0	74.0	74.0	74.0	75.0
19:31:52:0	75.0	75.0	75.0	75.0	75.0	75.0	76.0	76.0	76.0	77.0	77.0	77.0	77.0	78.0	78.0	78.0	78.0
19:31:57:0	78.0	78.0	78.0	78.0	78.0	78.0	77.0	77.0	77.0	77.0	76.0	76.0	76.0	76.0	76.0	76.0	76.0	76.0	75.0
19:32:2:0	75.0	75.0	75.0	75.0	75.0	75.0	75.0	75.0	73.0	73.0	73.0	73.0	72.0	72.0	72.0	72.0	72.0	72.0
19:32:7:0	72.0	72.0	72.0	72.0	72.0	72.0	71.0	71.0	71.0	71.0	71.0	71.0	71.0	71.0	71.0	71.0
19:32:12:0	71.0	71.0	71.0	73.0	73.0	73.0	73.0	74.0	74.0	74.0	74.0	75.0	76.0	76.0	77.0	77.0
19:32:17:0	77.0	77.0	77.0	77.0	76.0	76.0	76.0	76.0	75.0	75.0	75.0	75.0	75.0	75.0	75.0	75.0	75.0
19:32:22:0	75.0	75.0	75.0	75.0	75.0	75.0	75.0	75.0	76.0	76.0	76.0	76.0	76.0	76.0	77.0	77.0	77.0
19:32:27:0	77.0	77.0	77.0	77.0	77.0	76.0	76.0	76.0	76.0	76.0	76.0	75.0	75.0	75.0	74.0
19:32:32:0	74.0	74.0	73.0	73.0	73.0	72.0	72.0	72.0	72.0	72.0	72.0	72.0	72.0	72.0	73.0	73.0	73.0	73.0	73.0
19:32:37:0	73.0	73.0	73.0	74.0	74.0	74.0	74.0	74.0	74.0	74.0	74.0	74.0	74.0	74.0	74.0	75.0	75.0	75.0	75.0	75.0
19:32:42:0	77.0	77.0	77.0	77.0	78.0	78.0	78.0	78.0	80.0	80.0	80.0	80.0	81.0	81.0	81.0	81.0	82.0	82.0	82.0	82.0	84.0
19:32:47:0	84.0	84.0	84.0	85.0	85.0	85.0	85.0	85.0	86.0	86.0	86.0	86.0	85.0	85.0	85.0	85.0	85.0
19:32:52:0	83.0	83.0	83.0	83.0	82.0	82.0	82.0	82.0	80.0	80.0	80.0	80.0	80.0	80.0	80.0	81.0	81.0	81.0
19:32:57:0	81.0	82.0	82.0	82.0	82.0	82.0	82.0	82.0	82.0	82.0	82.0	82.0	82.0	81.0	81.0	81.0	81.0	81.0	81.0	81.0	81.0
19:33:2:0	81.0	80.0	80.0	80.0	79.0	79.0	79.0	79.0	78.0	78.0	78.0	76.0	76.0	76.0	76.0	75.0	75.0	75.0
19:33:7:0	75.0	75.0	75.0	75.0	75.0	75.0	76.0	76.0	76.0	76.0	77.0	78.0	78.0	78.0	78.0	78.0	78.0
19:33:12:0	78.0	78.0	78.0	78.0	78.0	76.0	76.0	76.0	76.0	75.0	75.0	75.0	75.0	73.0	73.0	73.0
19:33:17:0	72.0	72.0	72.0	72.0	72.0	73.0	73.0	72.0	72.0	72.0	72.0	71.0	71.0	71.0	70.0
19:33:22:0	70.0	70.0	70.0	70.0	70.0	71.0	71.0	71.0	70.0	70.0	70.0	70.0	70.0	70.0	70.0	70.0
19:33:27:0	69.0	69.0	69.0	69.0	69.0	69.0	71.0	71.0	71.0	73.0	73.0	73.0	75.0	75.0	75.0	75.0
19:33:32:0	78.0	78.0	78.0	78.0	79.0	79.0	79.0	79.0	79.0	80.0	80.0	80.0	80.0	80.0	80.0	80.0	80.0	80.0	80.0	80.0	80.0
19:33:37:0	80.0	80.0	80.0	80.0	80.0	80.0	80.0	80.0	79.0	79.0	79.0	79.0	79.0	79.0	79.0	78.0	78.0	78.0
19:33:42:0	78.0	77.0	77.0	77.0	77.0	77.0	77.0	78.0	78.0	78.0	80.0	80.0	80.0	80.0	81.0
19:33:47:0	81.0	81.0	83.0	83.0	83.0	83.0	83.0	83.0	83.0	83.0	84.0	84.0	84.0	84.0	84.0	84.0	84.0	84.0	86.0	86.0	86.0
19:33:52:0	86.0	86.0	87.0	87.0	87.0	87.0	88.0	88.0	88.0	88.0	88.0	88.0	88.0	88.0	88.0	88.0	88.0	88.0	87.0	87.0
19:33:57:0	87.0	87.0	86.0	86.0	86.0	84.0	84.0	84.0	84.0	83.0	83.0	83.0	82.0	82.0	82.0	82.0	81.0
19:34:2:0	81.0	81.0	81.0	80.0	80.0	80.0	80.0	79.0	79.0	79.0	79.0	78.0	78.0	78.0	78.0	78.0	76.0	76.0	76.0	76.0	75.0
19:34:7:0	75.0	75.0	75.0	74.0	74.0	74.0	74.0	73.0	73.0	73.0	72.0	72.0	72.0	72.0	72.0	72.0	72.0	72.0
19:34:12:0	71.0	71.0	71.0	71.0	70.0	70.0	70.0	70.0	69.0	69.0	69.0	69.0	70.0	70.0	70.0	70.0	71.0	71.0	71.0	71.0
19:34:17:0	72.0	72.0	72.0	72.0	72.0	72.0	72.0	72.0	72.0	72.0	72.0	72.0	72.0	72.0	72.0	71.0	71.0
19:34:22:0	71.0	71.0	71.0	71.0	71.0	70.0	70.0	70.0	69.0	69.0	69.0	69.0	69.0	68.0	68.0	68.0	68.0	70.0	70.0	70.0
19:34:27:0	70.0	71.0	71.0	71.0	71.0	72.0	72.0	72.0	72.0	74.0	74.0	74.0	74.0	75.0	75.0	75.0	75.0	75.0	76.0	76.0
19:34:32:0	76.0	76.0	76.0	76.0	76.0	76.0	75.0	75.0	75.0	75.0	75.0	75.0	74.0	74.0	74.0	74.0	74.0
19:34:37:0	74.0	74.0	74.0	74.0	74.0	74.0	73.0	73.0	73.0	73.0	73.0	73.0	73.0	73.0	73.0	73.0	74.0	74.0
19:34:42:0	74.0	74.0	74.0	74.0	74.0	74.0	75.0	75.0	75.0	75.0	75.0	76.0	76.0	76.0
19:34:47:0	75.0	75.0	75.0	75.0	75.0	75.0	75.0	75.0	75.0	74.0	74.0	74.0	74.0	74.0	74.0	74.0	74.0	74.0
19:34:52:0	73.0	73.0	73.0	72.0	72.0	72.0	72.0	72.0	72.0	72.0	72.0	72.0	72.0	72.0	72.0	73.0	73.0	73.0	73.0	73.0
19:34:57:0	74.0	74.0	74.0	74.0	76.0	76.0	79.0	79.0	80.0	80.0	80.0	82.0
19:35:2:0	85.0	85.0	85.0	86.0	86.0	86.0	86.0	87.0	87.0	87.0	87.0	88.0	88.0	88.0	88.0	87.0	87.0	87.0
19:35:7:0	87.0	87.0	87.0	87.0	87.0	86.0	86.0	86.0	86.0	85.0	85.0	85.0	85.0	85.0	83.0	83.0	83.0	83.0	82.0	82.0
19:35:12:0	82.0	82.0	80.0	80.0	80.0	80.0	78.0	78.0	78.0	78.0	77.0	77.0	77.0	77.0	77.0	77.0	77.0	77.0	77.0	76.0	76.0
19:35:17:0	76.0	76.0	76.0	76.0	76.0	76.0	75.0	75.0	74.0	74.0	74.0	74.0	74.0	74.0	74.0	73.0	73.0
19:35:22:0	73.0	73.0	73.0	73.0	73.0	73.0	73.0	73.0	73.0	73.0	73.0	74.0	74.0	74.0	74.0	76.0
19:35:27:0	76.0	76.0	76.0	78.0	78.0	78.0	78.0	78.0	79.0	79.0	79.0	79.0	80.0	80.0	80.0	80.0	82.0	82.0	82.0	82.0	82.0
19:35:32:0	82.0	82.0	82.0	83.0	83.0	83.0	82.0	82.0	82.0	81.0	81.0	81.0	81.0	80.0	80.0	80.0	80.0
