18:36:35:0	77.0	77.0	77.0	77.0	78.0	78.0	80.0	80.0	80.0	81.0	81.0	81.0	81.0	81.0	81.0	81.0
18:36:40:0	81.0	82.0	83.0	84.0	84.0	84.0	84.0	84.0	84.0	84.0	84.0	84.0	83.0	83.0
18:36:45:0	83.0	83.0	82.0	82.0	82.0	80.0	80.0	80.0	80.0	78.0	78.0	78.0	76.0	76.0	76.0	74.0
18:36:50:0	74.0	74.0	74.0	74.0	74.0	74.0	72.0	72.0	72.0	72.0	72.0	72.0	72.0	72.0	72.0
18:36:55:0	72.0	72.0	72.0	72.0	71.0	71.0	71.0	71.0	71.0	71.0	70.0	70.0	70.0	70.0	70.0	70.0	70.0	70.0
18:37:0:0	71.0	71.0	71.0	71.0	71.0	73.0	73.0	73.0	74.0	74.0	74.0	74.0	74.0	74.0	74.0	74.0	73.0	73.0	73.0	73.0
18:37:5:0	72.0	72.0	72.0	72.0	71.0	71.0	71.0	71.0	71.0	69.0	69.0	69.0	67.0	67.0	67.0	67.0
18:37:10:0	67.0	67.05263157894737	67.10526315789474	67.15789473684211	67.21052631578948
18:37:15:0	67.26315789473685	67.31578947368422	67.36842105263159	67.42105263157896	67.47368421052633
18:37:20:0	67.5263157894737	67.57894736842107	67.63157894736844	67.68421052631581	67.73684210526318
18:37:25:0	67.78947368421055	67.84210526315792	67.89473684210529	67.94736842105266	68.00000000000003	68.0
18:37:30:0	68.0	68.0	68.0	67.0	67.0	67.0	67.0	68.0	68.0	68.0	68.0	69.0	69.0	72.0	72.0	72.0	74.0
18:37:35:0	74.0	74.0	75.0	75.0	75.0	76.0	76.0	76.0	76.0	76.0	76.0	76.0	76.0	76.0	75.0	75.0	75.0	75.0
18:37:40:0	74.0	74.0	74.0	74.0	73.0	73.0	73.0	73.0	71.0	71.0	71.0	71.0	69.0	69.0	69.0	69.0	69.0	69.0	69.0	69.0
18:37:45:0	69.0	70.0	70.0	70.0	70.0	71.0	71.0	71.0	71.0	72.0	72.0	72.0	72.0	72.0	72.0	72.0	72.0	71.0	71.0
18:37:50:0	71.0	70.0	70.0	70.0	70.0	69.0	69.0	69.0	69.0	69.0	69.0	69.0	69.0	69.0	69.0	69.0	69.0	69.0	70.0	70.0	70.0
18:37:55:0	70.0	70.0	70.0	70.0	70.0	69.0	69.0	69.0	69.0	69.0	69.0	69.0	69.0	69.0	69.0	68.0
18:38:0:0	68.0	68.0	68.0	68.0	68.0	68.0	68.0	68.0	68.0	68.0	68.0	68.0	68.0	68.0	69.0	69.0	69.0	69.0	69.0	70.0
18:38:5:0	70.0	70.0	70.0	71.0	71.0	71.0	71.0	72.0	72.0	72.0	72.0	72.0	72.0	72.0	72.0	72.0	72.0	72.0	72.0	72.0
18:38:10:0	72.0	72.0	71.0	71.0	71.0	71.0	71.0	71.0	71.0	71.0	72.0	72.0	72.0	72.0	74.0	74.0	74.0	74.0	76.0
18:38:15:0	76.0	76.0	76.0	78.0	78.0	78.0	79.0	79.0	79.0	79.0	79.0	78.0	78.0	78.0	77.0	77.0	77.0
18:38:20:0	73.0	73.0	73.0	73.0	73.0	72.0	72.0	72.0	72.0	72.0	72.0	72.0	72.0	72.0	72.0
18:38:25:0	71.0	71.0	71.0	71.0	70.0	70.0	70.0	70.0	70.0	70.0	70.0	67.0	67.0	67.0	66.0	66.0	66.0	66.0
18:38:30:0	66.0	66.0	66.0	66.0	66.0	68.0	68.0	68.0	68.0	70.0	70.0	70.0	70.0	72.0	72.0	72.0	72.0	73.0	73.0	73.0
18:38:35:0	73.0	73.0	73.0	73.0	73.0	73.0	73.0	73.0	73.0	71.0	71.0	71.0	71.0	69.0	69.0	69.0	69.0	68.0	68.0
18:38:40:0	68.0	68.0	68.0	68.0	68.0	69.0	69.0	69.0	70.0	70.0	70.0	70.0	72.0	72.0	72.0	72.0	72.0
18:38:45:0	72.0	72.0	72.0	72.0	72.0	72.0	72.0	72.0	72.0	71.0	71.0	71.0	70.0	70.0	70.0	70.0	70.0	68.0
18:38:50:0	68.0	68.0	67.0	67.0	67.0	68.0	68.0	68.0	68.0	71.0	71.0	71.0	71.0	73.0	73.0	73.0	73.0	75.0
18:38:55:0	75.0	75.0	75.0	75.0	74.0	74.0	74.0	74.0	74.0	74.0	74.0	74.0	74.0	74.0	74.0	74.0	74.0	74.0	74.0	74.0
18:39:0:0	74.0	74.0	74.0	74.0	74.0	74.0	74.0	74.0	74.0	74.0	75.0	75.0	75.0	75.0	76.0	76.0	76.0	76.0
18:39:5:0	76.0	76.0	76.0	76.0	76.0	76.0	74.0	74.0	74.0	73.0	73.0	73.0	73.0	73.0	71.0	71.0	71.0
18:39:10:0	71.0	69.0	69.0	69.0	69.0	69.0	69.0	69.0	69.0	68.0	68.0	68.0	68.0	69.0	69.0	69.0	69.0	69.0	69.0	69.0
18:39:15:0	69.0	68.0	68.0	68.0	68.0	67.0	67.0	67.0	67.0	67.0	67.0	67.0	67.0	67.0	67.0	67.0	67.0	67.0	67.0	67.0
18:39:20:0	67.0	66.0	66.0	66.0	66.0	66.0	66.0	67.0	67.0	67.0	67.0	67.0	67.0	67.0	68.0	68.0
18:39:25:0	68.0	68.0	68.0	68.0	68.0	68.0	69.0	69.0	69.0	69.0	69.0	69.0	69.0	69.0	69.0	69.0	69.0	69.0
18:39:30:0	69.0	69.0	68.0	68.0	69.0	69.0	69.0	70.0	70.0	70.0	70.0	71.0	71.0	71.0	71.0	71.0	72.0
18:39:35:0	72.0	72.0	72.0	73.0	73.0	73.0	73.0	75.0	75.0	75.0	75.0	76.0	76.0	76.0	78.0	78.0	78.0	78.0	79.0
18:39:40:0	79.0	79.0	79.0	79.0	79.0	79.0	79.0	79.0	81.0	81.0	81.0	81.0	80.0	80.0	79.57692307692308
18:39:45:0	79.15384615384616	78.73076923076924	78.30769230769232	77.8846153846154	77.46153846153848
18:39:50:0	77.03846153846156	76.61538461538464	76.19230769230772	75.7692307692308	75.34615384615388
18:39:55:0	74.92307692307696	74.50000000000004	74.07692307692312	73.6538461538462	73.23076923076928
18:40:0:0	72.80769230769236	72.38461538461544	71.96153846153852	71.5384615384616	71.11538461538468
18:40:5:0	70.69230769230776	70.26923076923084	69.84615384615392	69.423076923077	69.00000000000009	69.0
18:40:10:0	69.0	69.0	69.0	69.0	68.0	68.0	68.0	68.0	68.0	68.0	68.0	69.0
18:40:15:0	69.0	70.0	70.0	70.0	71.0	71.0	71.0	71.0	71.0	71.0	71.0	71.0	71.0	71.0	70.0
18:40:20:0	70.0	70.0	70.0	68.0	68.0	68.0	68.0	66.0	66.0	66.0	66.0	66.0	66.0	65.0	65.0	65.0	65.0
18:40:25:0	65.0	65.0	65.0	65.0	66.0	66.0	66.0	68.0	68.0	68.0	68.0	69.0	69.0	69.0	69.0	70.0	70.0	70.0	70.0
18:40:30:0	70.0	70.0	70.0	70.0	67.0	67.0	67.0	67.0	67.0	66.0	66.0	66.0	66.0	66.0	66.0	67.0	67.0
18:40:35:0	67.0	68.0	68.0	68.0	68.0	70.0	70.0	70.0	70.0	72.0	72.0	72.0	72.0	74.0	74.0	74.0	74.0	74.0
18:40:40:0	74.0	74.0	74.0	74.0	73.0	73.0	73.0	72.0	72.0	72.0	70.0	70.0	70.0	70.0	69.0	69.0
18:40:45:0	69.0	69.0	70.0	70.0	70.0	70.0	70.0	70.0	70.0	71.0	71.0	71.0	71.0	72.0	72.0	72.0	72.0
18:40:50:0	72.0	72.0	72.0	72.0	72.0	72.0	72.0	72.0	72.0	72.0	72.0	72.0	72.0	72.0	72.0	72.0	72.0	72.0
18:40:55:0	72.0	72.0	73.0	73.0	73.0	74.0	74.0	74.0	74.0	74.0	74.0	74.0	74.0
18:41:0:0	73.0	73.0	72.0	72.0	71.0	70.0	70.0	70.0	72.0	72.0	72.0	72.0
18:41:5:0	72.0	72.0	72.0	72.0	72.0	72.0	72.0	71.0	71.0	71.0	71.0	71.0	71.0	71.0	71.0	71.0	71.0	71.0	71.0
18:41:10:0	72.0	72.0	72.0	72.0	74.0	74.0	74.0	76.0	76.0	76.0	76.0	77.0	77.0	77.0	77.0	77.0	77.0	77.0
18:41:15:0	77.0	77.0	77.0	77.0	78.0	78.0	78.0	78.0	78.0	78.0	78.0	78.0	78.0	77.0	77.0	77.0	77.0	77.0
18:41:20:0	77.0	76.0	76.0	76.0	74.0	74.0	74.0	73.0	73.0	73.0	73.0	72.0	72.0	72.0	72.0
18:41:25:0	72.0	72.0	72.0	72.0	72.0	72.0	72.0	72.0	73.0
18:41:30:0	73.0	74.0	74.5	75.0	75.0	75.0	77.0	77.0	77.0	76.0	76.0
18:41:35:0	76.0	76.0	74.0	74.0	74.0	74.0	75.0	75.0	75.0	76.0	76.0	78.0	78.0	78.0	78.0	80.0
18:41:40:0	80.0	80.0	80.0	82.0	82.0	82.0	84.0	84.0	84.0	85.0	85.0	85.0	85.0	84.0	84.0	84.0	84.0	84.0
18:41:45:0	84.0	84.0	84.0	83.0	83.0	83.0	82.0	82.0	82.0	81.0	81.0	80.0	80.0	80.0
18:41:50:0	79.0	79.0	79.0	77.0	77.0	75.0	75.0	75.0	75.0	74.0	74.0	74.0	74.0	74.0	74.0	74.0
18:41:55:0	75.0	75.0	75.0	75.0	74.0	74.0	74.0	73.0	73.0	73.0	72.0	72.0
18:42:0:0	70.0	70.0	69.0	69.0	69.0	68.0	68.0	68.0	68.0	68.0	68.0	68.0
18:42:5:0	68.0	68.0	68.1875	68.375	68.5625	68.75
18:42:10:0	68.9375	69.125	69.3125	69.5	69.6875
18:42:15:0	69.875	70.0625	70.25	70.4375	70.625
18:42:20:0	70.8125	71.0	71.0	71.0	71.0	70.0	70.0	70.0	70.0	69.0	69.0	69.0	69.0	69.0
18:42:25:0	69.0	69.0	69.0	71.0	71.0	71.0	71.0	72.0	72.0	72.0	72.0	72.0	73.0	73.0	73.0	73.0	74.0	74.0	74.0	74.0
18:42:30:0	75.0	75.0	75.0	75.0	75.0	75.0	75.0	75.0	75.0	75.0	75.0	73.0	73.0	73.0	73.0	73.0	72.0	72.0	72.0	72.0
18:42:35:0	72.0	72.0	72.0	73.0	73.0	73.0	74.0	74.0	74.0	75.0	75.0	75.0	75.0	75.0	75.0	75.0	75.0
18:42:40:0	74.0	74.0	74.0	74.0	74.0	74.0	74.0	74.0	74.0	74.0	74.0	74.0	74.0	73.0	73.0	73.0	73.0	72.0	72.0	72.0
18:42:45:0	72.0	70.0	70.0	70.0	70.0	69.0	69.0	69.0	69.0	69.0	68.0	68.0	68.0	68.0	66.0	66.0	66.0	65.0	65.0	65.0
18:42:50:0	65.0	65.0	65.0	65.0	65.0	67.0	67.0	67.0	67.0	69.0	69.0	69.0	69.0	69.0	71.0	71.0	74.0	74.0
18:42:55:0	74.0	74.0	75.0	75.0	75.0	75.0	75.0	75.0	75.0	74.0	74.0	74.0	72.0	72.0	72.0	72.0	71.0
18:43:0:0	71.0	71.0	71.0	72.0	72.0	72.0	72.0	71.0	71.0	71.0	71.0	71.0	71.0	71.0	71.0	71.0	71.0	71.0	71.0	72.0
18:43:5:0	72.0	72.0	72.0	74.0	74.0	74.0	74.0	74.0	74.0	74.0	74.0	73.0	73.0	73.0	73.0	73.0	73.0	73.0	73.0	73.0
18:43:10:0	73.0	73.0	73.0	73.0	73.0	73.0	73.0	72.0	71.0	71.0	71.0	71.0	70.0	70.0	70.0	70.0
18:43:15:0	71.0	71.0	71.0	71.0	71.0	71.0	71.0	71.0	72.0	72.0	72.0	72.0	72.0	72.0	72.0	72.0	72.0	71.0	71.0	71.0
18:43:20:0	71.0	70.0	70.0	70.0	69.0	69.0	69.0	69.0	69.0	69.0	69.0	70.0	70.0	70.0	70.0	70.0	70.0	70.0	70.0
18:43:25:0	70.0	71.0	71.0	71.0	71.0	71.0	71.0	71.0	71.0	71.0	71.0	71.0	71.0	71.0	71.0	71.0	71.0	72.0	72.0	72.0
18:43:30:0	72.0	73.0	73.0	73.0	73.0	74.0	74.0	74.0	74.0	74.0	75.0	75.0	75.0	75.0	76.0	76.0	76.0	76.0	76.0	76.0
18:43:35:0	76.0	76.0	77.0	77.0	77.0	77.0	77.0	77.0	77.0	77.0	77.0	77.0	77.0	77.0	77.0	76.0	76.0	76.0	76.0	75.0	75.0
18:43:40:0	75.0	75.0	74.0	74.0	74.0	74.0	74.0	74.0	74.0	74.0	75.0	75.0	75.0	75.0	77.0	77.0	77.0	78.0
18:43:45:0	78.0	78.0	79.0	79.0	79.0	79.0	78.0	78.0	78.0	78.0	76.0	76.0	76.0	76.0	76.0	76.0	76.0	76.0	76.0
18:43:50:0	76.0	76.0	76.0	78.0	78.0	78.0	78.0	78.0	80.0	82.0	82.0	82.0	82.0	83.0	83.0	84.0
18:43:55:0	84.0	84.0	84.0	85.0	85.0	85.0	85.0	86.0	86.0	86.0	86.0	86.0	85.0	85.0	85.0	85.0	85.0	85.0	85.0	85.0
18:44:0:0	84.0	84.0	84.0	84.0	83.0	83.0	83.0	83.0	82.0	82.0	82.0	82.0	80.0	80.0	80.0	80.0	80.0	78.0	78.0	78.0
18:44:5:0	78.0	76.0	76.0	76.0	74.0	74.0	74.0	75.0	75.0	75.0	77.0	77.0	77.0	77.0	77.0	77.0
18:44:10:0	77.0	77.0	76.0	76.0	76.0	76.0	74.0	74.0	74.0	74.0	73.0	73.0	73.0	73.0	73.0	73.0	73.0	73.0	74.0	74.0	74.0
18:44:15:0	74.0	75.0	75.0	75.0	75.0	76.0	76.0	76.0	76.0	76.0	75.0	75.0	75.0	75.0	75.0	75.0	75.0	75.0	76.0	76.0
18:44:20:0	76.0	76.0	78.0	78.0	78.0	78.0	79.0	79.0	79.0	79.0	79.0	79.0	79.0	79.0	79.0	79.0	79.0	79.0	79.0	78.0
18:44:25:0	78.0	78.0	78.0	77.0	77.0	77.0	77.0	75.0	75.0	75.0	74.0	74.0	74.0	74.0	75.0	75.0	75.0	76.0
18:44:30:0	76.0	77.0	77.0	77.0	77.0	77.0	77.0	77.0	78.0	78.0	78.0	78.0	79.0	79.0	79.0	79.0	79.0
18:44:35:0	79.0	79.0	79.0	79.0	79.0	79.0	79.0	79.0	79.0	79.0	78.0	78.0	78.0	78.0	77.0	77.0	77.0	77.0
18:44:40:0	76.0	76.0	76.0	76.0	74.0	74.0	74.0	74.0	73.0	73.0	73.0	73.0	72.0	72.0	72.0	72.0	71.0	71.0	71.0	71.0
18:44:45:0	71.0	71.0	71.0	71.0	71.0	71.0	71.0	71.0	70.0	68.0	68.0	68.0	68.0	68.0	68.0	68.0	68.0
18:44:50:0	68.0	68.0	68.0	68.0	68.0	70.0	70.0	70.0	70.0	71.0	71.0	71.0	72.0	72.0	72.0	72.0	72.0
18:44:55:0	72.0	72.0	74.0	76.0	76.0	76.0	76.0	76.0	76.0	76.0	75.0	75.0
18:45:0:0	75.0	75.0	74.0	74.0	74.0	74.0	74.0	74.0	74.0	74.0	74.0	74.0	74.0	74.0	74.0	75.0	75.0	75.0	75.0	77.0	77.0
18:45:5:0	77.0	77.0	80.0	80.0	80.0	82.0	82.0	82.0	82.0	85.0	85.0	85.0	85.0	85.0	86.0	86.0	86.0	86.0	85.0
18:45:10:0	85.0	85.0	85.0	85.0	85.0	85.0	85.0	85.0	85.0	85.0	85.0	84.0	84.0	84.0	84.0	82.0	82.0	82.0	82.0	82.0
18:45:15:0	81.0	81.0	81.0	81.0	80.0	80.0	80.0	79.0	79.0	79.0	76.0	76.0	75.0
18:45:20:0	75.0	75.0	75.0	75.0	73.0	73.0	73.0	73.0	71.0	71.0	71.0	71.0	69.0	69.0	69.0	69.0	69.0	69.0	69.0	69.0
18:45:25:0	67.0	67.0	67.0	67.0	65.0	65.0	65.0	65.0	64.0	64.0	64.0	64.0	64.0	63.0	63.0
18:45:30:0	63.0	63.0	63.0	63.0	63.0	63.0	63.0	63.0	63.0	64.0	64.0	64.0	64.0	65.0	65.0	65.0	65.0	65.0	66.0	66.0	66.0
18:45:35:0	66.0	67.0	67.0	67.0	67.0	67.0	67.0	67.0	67.0	66.0	66.0	66.0	66.0	67.0	67.0	67.0	67.0	67.0
18:45:40:0	67.0	67.0	68.0	68.0	70.0	70.0	70.0	70.0	69.0	69.0	69.0	69.0	68.0	68.0
18:45:45:0	68.0	68.0	67.0	67.0	67.0	67.0	67.0	65.0	65.0	65.0	65.0	66.0	66.0	66.0	67.0	67.0	67.0	67.0
18:45:50:0	69.0	69.0	69.0	69.0	71.0	71.0	71.0	71.0	70.0	70.0	70.0	70.0	70.0	70.0	70.0	70.0	70.0	68.0
18:45:55:0	68.0	68.0	68.0	68.0	68.0	68.0	68.0	68.0	68.0	68.0	69.0	69.0	69.0	69.0	70.0	70.0	70.0	70.0
18:46:0:0	71.0	71.0	71.0	71.0	72.0	72.0	72.0	72.0	72.0	72.0	72.0	72.0	71.0	71.0	71.0	71.0	71.0	71.0
18:46:5:0	70.0	70.0	70.0	70.0	70.0	70.0	70.0	70.0	70.0	70.0	70.0	69.0	69.0	69.0	69.0	70.0	70.0	70.0
18:46:10:0	70.0	70.0	70.0	70.0	70.0	70.0	70.0	70.0	70.0	70.0	70.0	70.0	70.0	69.0	69.0	69.0	69.0	67.0	67.0	67.0
18:46:15:0	67.0	66.0	66.0	66.0	65.0	65.0	65.0	65.0	66.0	66.0	66.0	66.0	67.0	67.0	67.0	67.0	67.0	68.0	68.0
18:46:20:0	68.0	68.0	68.0	68.0	68.0	68.0	68.0	68.0	68.0	68.0	68.0	68.0	68.0	68.0	68.0	68.0	69.0	69.0	69.0
18:46:25:0	69.0	68.0	68.0	68.0	67.0	67.0	65.0	64.0	64.0	64.0	64.0	66.0	66.0
18:46:30:0	66.0	66.0	67.0	67.0	67.0	67.0	67.0	69.0	69.0	69.0	69.0	69.0	69.0	69.0	69.0	69.0	69.0	69.0	69.0	69.0
