14:42:28:0	76.0	76.0	76.0	76.0	76.0	76.0	76.0	76.0	77.0	77.0	77.0	77.0	77.0	77.0	77.0
14:42:33:0	76.0	76.0	76.0	76.0	76.0	76.0	77.0	77.0	78.0	78.0	78.0	80.0	80.0
14:42:38:0	80.0	82.0	82.0	82.0	83.0	83.0	83.0	83.0	84.0	84.0	84.0	84.0	84.0	84.0	84.0	84.0	83.0
14:42:43:0	83.0	83.0	82.0	82.0	82.0	82.0	81.0	81.0	81.0	81.0	81.0	81.0	81.0	82.0	82.0	82.0
14:42:48:0	83.0	83.0	83.0	83.0	83.0	83.0	83.0	84.0	84.0	84.0	84.0	84.0	84.0	84.0	84.0	85.0	85.0	85.0	85.0	85.0
14:42:53:0	85.0	85.0	85.0	85.0	86.0	86.0	86.0	86.0	86.0	86.0	86.0	86.0	86.0	86.0	86.0	86.0	86.0	86.0	86.0	86.0
14:42:58:0	85.0	84.0	84.0	84.0	84.0	84.0	84.0	84.0	84.0	84.0	84.0	83.0	83.0	83.0	83.0
14:43:3:0	83.0	83.0	83.0	82.0	82.0	82.0	82.0	82.0	82.0	81.0	81.0	81.0	81.0	81.0	81.0	81.0
14:43:8:0	81.0	80.0	80.0	80.0	80.0	80.0	80.0	80.0	80.0	80.0	80.0	80.0	80.0	81.0	81.0	81.0
14:43:13:0	81.0	81.0	82.0	82.0	82.0	82.0	82.0	82.0	82.0	82.0	82.0	82.0	82.0	82.0	82.0	82.0
14:43:18:0	82.0	82.0	82.0	82.0	82.0	82.0	82.0	82.0	82.0	82.0	82.0	82.0	82.0
14:43:23:0	82.0	83.0	83.0	83.0	83.0	83.0	83.0	83.0	83.0	83.0
14:43:28:0	83.0	83.0	83.0	83.0	83.0	83.0	83.0	83.0	84.0	84.0	84.0	84.0	84.0	84.0	84.0	84.0	84.0
14:43:33:0	85.0	85.0	85.0	84.0	84.0	84.0	84.0	84.0	84.0	83.0	83.0	83.0	83.0	81.0	81.0	81.0	81.0	81.0
14:43:38:0	81.0	81.0	81.0	81.0	81.0	81.0	81.0	81.0	81.0	81.0	81.0	81.0	83.0	83.0	83.0	85.0	85.0	85.0
14:43:43:0	87.0	87.0	88.0	88.0	88.0	89.0	89.0	89.0	90.0	90.0	90.0
14:43:48:0	90.0	89.0	89.0	89.0	89.0	89.0	89.0	89.0	89.0	89.0	89.0	90.0	90.0	90.0
14:43:53:0	90.0	90.0	90.0	90.0	89.5	89.0	89.0	88.75
14:43:58:0	88.5	88.25	88.0	88.0	88.0	88.0	86.0	86.0	86.0	85.0	85.0
14:44:3:0	85.0	85.0	84.0	84.0	84.0	84.0	84.0	84.0	84.0	84.0	84.0	83.0	83.0	83.0	83.0
14:44:8:0	83.0	83.0	81.0	81.0	81.0	81.0	80.0	80.0	80.0	80.0	80.0	80.0	80.0	81.0	81.0	81.0	82.0
14:44:13:0	82.0	82.0	82.0	82.0	82.0	82.0	82.0	80.0	80.0	80.0	80.0	79.0	79.0	79.0	79.0	78.0	78.0	78.0	78.0
14:44:18:0	78.0	78.0	78.0	78.0	78.0	78.0	79.0	79.0	79.0	79.0	80.0	80.0	80.0	80.0	81.0	81.0	81.0	81.0
14:44:23:0	82.0	82.0	82.0	82.0	83.0	83.0	83.0	83.0	82.0	82.0	82.0	82.0	82.0	82.0	82.0	80.0	80.0	80.0	80.0
14:44:28:0	79.0	79.0	78.0	78.0	78.0	78.0	78.0	78.0	78.0	78.0	78.0	78.0	78.0	78.0	78.0	78.0
14:44:33:0	78.0	77.0	77.0	77.0	77.0	77.0	76.0	76.0	76.0	76.0	76.0	76.0	76.0	76.0
14:44:38:0	76.0	76.0	77.0	77.0	77.0	77.0	78.0	78.0	78.0	78.0	80.0	80.0	80.0	80.0	82.0	82.0	82.0	82.0	82.0	82.0
14:44:43:0	82.0	82.0	83.0	83.0	83.0	83.0	83.0	83.0	83.0	83.0	84.0	84.0	84.0	84.0	84.0
14:44:48:0	84.0	84.0	85.0	85.0	85.0	85.0	85.0	85.0	85.0	85.0	85.0	85.0	85.0	85.0	85.0	85.0	85.0
14:44:53:0	85.0	85.0	85.0	85.0	85.0	85.0	86.0	86.0	86.0	86.0	86.0	86.0	86.0	86.0	85.0
14:44:58:0	85.0	85.0	85.0	85.0	85.0	85.0	85.0	85.0	85.0	85.0	85.0	85.0	85.0
14:45:3:0	84.0	84.0	84.0	84.0	84.0	84.0	84.0	84.0	84.0	84.0	84.0	84.0	84.0	84.0	84.0	84.0	84.0	84.0	84.0	84.0
14:45:8:0	85.0	85.0	85.0	85.0	85.0	86.0	86.0	86.0	86.0	86.0	86.0	87.0	87.0	87.0	87.0	86.0	86.0
14:45:13:0	86.0	86.0	86.0	86.0	86.0	85.0	85.0	85.0	85.0	85.0	85.0	85.0	85.0	85.0	87.0
14:45:18:0	87.0	87.0	88.0	88.0	88.0	87.0	87.0	86.0	86.0	86.0	85.0	85.0
14:45:23:0	85.0	84.0	84.0	84.0	84.0	84.0	84.0	84.0	84.0	84.0	84.0	83.0	83.0	83.0
14:45:28:0	83.0	83.0	83.0	82.0	82.0	81.0	81.0	81.0	81.0	81.0	81.0	81.0	81.0	81.0	81.0	81.0	81.0
14:45:33:0	81.0	81.0	82.0	82.0	82.0	82.0	82.0	82.0	82.0	82.0	82.0	82.0	82.0	82.0	82.0	82.0	82.0	82.0
14:45:38:0	82.0	82.0	82.0	82.0	82.0	82.0	82.75	83.5	84.25
14:45:43:0	85.0	85.0	85.0	86.0	86.0	86.0	86.0	87.0	87.0	87.0	87.0	87.0	87.0	87.0	87.0
14:45:48:0	86.0	86.0	86.0	86.0	86.0	86.0	86.0	87.0	87.0	87.0	89.0	89.0	89.0	91.0	91.0	91.0
14:45:53:0	91.0	91.0	91.0	91.0	91.0	91.0	91.0	91.0	91.0	90.0	90.0	90.0	90.0	89.0	87.0	87.0	87.0
14:45:58:0	87.0	86.0	86.0	86.0	86.0	84.0	84.0	84.0	84.0	84.0	82.0	82.0	82.0	82.0	82.0	82.0	82.0	82.0	83.0
14:46:3:0	85.0	85.0	85.0	86.0	86.0	86.0	86.0	86.0	86.0	86.0
14:46:8:0	86.0	86.0	86.0	86.0	86.0	86.0	86.0	86.0	86.0	86.0	86.0	86.0	86.0	86.0	86.0	86.0	87.0	87.0
14:46:13:0	87.0	87.0	87.0	88.0	88.0	88.0	88.0	89.0	89.0	89.0	89.0	89.0	89.0	89.0	89.0	89.0	89.0
14:46:18:0	88.0	88.0	88.0	86.0	86.0	86.0	86.0	85.0	85.0	85.0	85.0	83.0	83.0	83.0	83.0	82.0	82.0	82.0	82.0	82.0
14:46:23:0	82.0	82.0	82.0	83.0	83.0	83.0	83.0	84.0	84.0	84.0	84.0	84.0	83.0	83.0	83.0	83.0	82.0	82.0	82.0	82.0
14:46:28:0	80.0	80.0	80.0	80.0	79.0	79.0	79.0	77.0	77.0	76.0	76.0	76.0	77.0	77.0
14:46:33:0	77.0	78.0	78.0	78.0	78.0	80.0	80.0	80.0	81.0	81.0	81.0	81.0	83.0	83.0	83.0	83.0	84.0	84.0	84.0
14:46:38:0	84.0	84.0	84.0	84.0	85.0	85.0	85.0	85.0	85.0	85.0	85.0	85.0	85.0	85.0	85.0	85.0
14:46:43:0	85.0	85.0	85.0	85.0	85.0	85.0	85.0	85.0	85.0	85.0	83.0	83.0	83.0	83.0	82.0	82.0	82.0	82.0	80.0	80.0
14:46:48:0	80.0	80.0	78.0	78.0	78.0	78.0	76.0	76.0	76.0	75.0	75.0	75.0	75.0	75.0	74.0	74.0	74.0	74.0	74.0	74.0
14:46:53:0	74.0	74.0	75.0	75.0	75.0	76.0	76.0	77.0	77.0	77.0	77.0	77.0	77.0
14:46:58:0	77.0	77.0	77.0	77.0	77.0	77.0	77.0	77.0	77.0	77.0	77.0	79.0	79.0	79.0	79.0	81.0	81.0	81.0	81.0	83.0
14:47:3:0	83.0	83.0	83.0	84.0	84.0	84.0	84.0	84.0	85.0	85.0	85.0	84.0	84.0	84.0	83.0	83.0	83.0
14:47:8:0	83.0	81.0	81.0	81.0	79.0	79.0	79.0	78.0	78.0	78.0	79.0	79.0	79.0	79.0	80.0	80.0	80.0	80.0
14:47:13:0	81.0	81.0	81.0	82.0	82.0	82.0	82.0	83.0	83.0	83.0	83.0	82.0	82.0	82.0	81.0	81.0	81.0
14:47:18:0	80.0	79.0	79.0	79.0	79.0	79.0	79.0	80.0	80.0	80.0	81.0	81.0	81.0
14:47:23:0	81.0	83.0	83.0	83.0	83.0	83.0	84.0	84.0	84.0	84.0	84.0	84.0	84.0	84.0	85.0	85.0	85.0	85.0	84.0	84.0
14:47:28:0	84.0	84.0	84.0	84.0	84.0	84.0	84.0	84.0	84.0	84.0	84.0	84.0	85.0	85.0	85.0	85.0	84.0	84.0
14:47:33:0	84.0	84.0	83.0	83.0	83.0	83.0	82.0	82.0	82.0	82.0	80.0	80.0	80.0	80.0	80.0	79.0	79.0	79.0
14:47:38:0	78.0	78.0	78.0	79.0	79.0	79.0	80.0	80.0	80.0	82.0	82.0	82.0	83.0	83.0	83.0	83.0
14:47:43:0	83.0	83.2	83.4	83.60000000000001	83.80000000000001
14:47:48:0	84.00000000000001	84.0	84.0	84.0	83.0	83.0	83.0	83.0	83.0	81.0	81.0	81.0	81.0	80.0	80.0	80.0	80.0	79.0	79.0	79.0
14:47:53:0	79.0	79.0	79.0	79.0	80.0	80.0	80.0	80.0	82.0	82.0	82.0	82.0	82.0	83.0	83.0	83.0	84.0	84.0	84.0
14:47:58:0	84.0	84.0	84.0	84.0	83.0	83.0	83.0	83.0	82.0	82.0	82.0	80.0	80.0	80.0	78.0	78.0	78.0
14:48:3:0	78.0	78.0	78.0	78.0	80.0	82.0	84.0	84.0	84.0	85.0
14:48:8:0	85.0	85.0	85.0	85.0	85.0	84.0	83.0	83.0	82.5	82.0	82.0
14:48:13:0	82.0	84.0	84.0	84.0	84.0	85.0	85.0	85.0	85.0	85.0	85.0	85.0	85.0
14:48:18:0	85.0	85.0	85.0	85.0	85.0	85.0	85.0	85.0	85.0	85.0	84.0	84.0	84.0	84.0	84.0	84.0	84.0	84.0	84.0	84.0
14:48:23:0	84.0	84.0	84.0	84.0	84.0	84.0	84.0	84.0	84.0	84.0	84.0	84.0	84.0	84.0	84.0	84.0	84.0	84.0
14:48:28:0	84.0	84.0	84.0	84.0	84.0	84.0	85.0	85.0	85.0	85.0	85.0	85.0	85.0	86.0	86.0	86.0	86.0	86.0
14:48:33:0	86.0	86.0	86.0	86.0	86.0	86.0	86.0	85.0	85.0	85.0	85.0	85.0	85.0	85.0	85.0	85.0	85.0	85.0	85.0
14:48:38:0	85.0	85.0	85.0	85.0	85.0	85.0	85.0	85.0	85.0	85.0	85.0	85.0	85.0	85.0	85.0	85.0	84.0	84.0	84.0
14:48:43:0	84.0	84.0	84.0	84.0	84.0	84.0	83.0	83.0	83.0	83.0	83.0	83.0	83.0	83.0	83.0	83.0
14:48:48:0	83.0	83.0	84.0	84.0	84.0	84.0	85.0	85.0	85.0	85.0	85.0	85.0	85.0	85.0	85.0	85.0	85.0	85.0
14:48:53:0	85.0	85.0	84.0	84.0	84.0	84.0	82.0	82.0	82.0	81.0	81.0	81.0	81.0	81.0
14:48:58:0	81.0	81.0	81.0	81.0	82.0	82.0	82.0	83.0	83.0	83.0	83.0	83.0	83.0	83.0	83.0	84.0
14:49:3:0	84.0	84.0	84.0	84.0	84.0	84.0	84.0	84.0	84.0	84.0	84.0	84.0	84.0	84.0	84.0	84.0
14:49:8:0	84.0	84.0	84.0	85.0	85.0	85.0	85.0	85.0	85.0	85.0	85.0	85.0	85.0	85.0	85.0	84.0	84.0	84.0	84.0
14:49:13:0	84.0	84.0	84.0	84.0	84.0	84.0	85.0	85.0	85.0	85.0	85.0	85.0	85.0	85.0
14:49:18:0	85.0	85.0	85.0	85.0	85.0	84.0	84.0	84.0	84.0	84.0	84.0	84.0	84.0	84.0	84.0	84.0	84.0	83.0	83.0	83.0	83.0
14:49:23:0	83.0	83.0	83.0	83.0	83.0	83.0	83.0	83.0	83.0	83.0	83.0	83.0	83.0	83.0	83.0	83.0	83.0	83.0
14:49:28:0	83.0	82.0	82.0	82.0	82.0	81.0	81.0	81.0	81.0	81.0	81.0	81.0	81.0	81.0	81.0	81.0	81.0	82.0
14:49:33:0	82.0	82.0	82.0	82.0	82.0	83.0	83.0	83.0	83.0	83.0	83.0	84.0	84.0	84.0	84.0	83.0	83.0
14:49:38:0	83.0	83.0	83.0	83.0	82.0	82.0	82.0	82.0	82.0	82.0	82.0	82.0
14:49:43:0	82.0	82.0	83.0	83.0	83.0	83.0	83.0	84.0	84.0	84.0	84.0	86.0	86.0	86.0	88.0	88.0	88.0	89.0
14:49:48:0	89.0	89.0	90.0	90.0	90.0	90.0	91.0	91.0	91.0	91.0	91.0	91.0	91.0	90.0	90.0	90.0	90.0
14:49:53:0	89.5	89.0	89.0	89.0	89.0	89.0	89.0	89.0	89.0	89.0	88.0	88.0	88.0	88.0	86.0	86.0	86.0	86.0	86.0
14:49:58:0	85.0	85.0	85.0	85.0	84.0	84.0	84.0	84.0	82.0	82.0	82.0	82.0	81.0	81.0	81.0	80.0	80.0	80.0
14:50:3:0	79.0	79.0	79.0	79.0	77.0	77.0	77.0	77.0	77.0	77.0	77.0	77.0	77.0	77.0	77.0	77.0	78.0	78.0	78.0
14:50:8:0	78.0	79.0	79.0	80.0	80.0	80.0	80.0	80.0	80.0	80.0	80.0	80.0	80.0	80.0	80.0
14:50:13:0	80.0	80.0	80.0	80.0	80.0	82.0	82.0	82.0	82.0	84.0	84.0	84.0	84.0	85.0	85.0	85.0	85.0	85.0	85.0
14:50:18:0	85.0	85.0	83.0	83.0	83.0	83.0	82.0	82.0	82.0	81.0	81.0	81.0	81.0	81.0	81.0	81.0	82.0	82.0
14:50:23:0	82.0	82.0	82.0	83.0	83.0	83.0	83.0	83.0	83.0	84.0	84.0	84.0	84.0	84.0	84.0	84.0	85.0
14:50:28:0	85.0	85.0	85.0	87.0	87.0	87.0	87.0	87.0	88.0	88.0	88.0	88.0	90.0	90.0	90.0	90.0	90.0	90.0	90.0
14:50:33:0	90.0	90.0	89.0	89.0	89.0	89.0	87.0	87.0	87.0	87.0	87.0	86.0	86.0	86.0	86.0	84.0	84.0	84.0	84.0
14:50:38:0	83.0	83.0	83.0	83.0	83.0	83.0	83.0	83.0	83.0	83.0	83.0	83.0	83.0	83.0	83.0	83.0	84.0	84.0	84.0	84.0
14:50:43:0	84.0	84.0	84.0	84.0	84.0	83.0	83.0	83.0	83.0	83.0	83.0	83.0	83.0	83.0	83.0	83.0	84.0	84.0	84.0	84.0
14:50:48:0	84.0	84.0	84.0	84.0	85.0	85.0	85.0	85.0	85.0	85.0	85.0	85.0	85.0	85.0	85.0	83.0	83.0
14:50:53:0	82.0	82.0	82.0	82.0	82.0	82.0	82.0	82.0	82.0	82.0	82.0	82.0	83.0	83.0	83.0	83.0	84.0	84.0
14:50:58:0	84.0	84.0	86.0	86.0	86.0	87.0	87.0	87.0	87.0	87.0	87.0	88.0	88.0	88.0	88.0
14:51:3:0	88.0	88.0	88.0	88.0	88.0	88.0	88.0	88.0	88.0	87.0	87.0	87.0	87.0	87.0	87.0	87.0	87.0	87.0
14:51:8:0	87.0	87.0	87.0	87.0	87.0	87.0	87.0	88.0	88.0	88.0	88.0	88.0	88.0	88.0	88.0	88.0	88.0	88.0
14:51:13:0	88.0	88.0	87.0	87.0	87.0	87.0	87.0	87.0	87.0	86.0	86.0	86.0	85.0	85.0	85.0	85.0
14:51:18:0	84.0	84.0	84.0	84.0	83.0	83.0	83.0	83.0	82.0	82.0	82.0	82.0	82.0	82.0	82.0	82.0	82.0	82.0	82.0	82.0	82.0
14:51:23:0	82.0	82.0	82.0	82.0	83.0	83.0	83.0	83.0	82.0	82.0	82.0	82.0	81.0	81.0	81.0	81.0	80.0	80.0	80.0	80.0
14:51:28:0	80.0	80.0	80.0	80.0	80.0	80.0	80.0	80.0	80.0	81.0	81.0	81.0	83.0	83.0	83.0	85.0	85.0	85.0
14:51:33:0	85.0	85.0	85.0	85.0	85.0	85.0	85.0	84.0	84.0	83.0	83.0	81.0	81.0
14:51:38:0	81.0	79.0	79.0	79.0	79.0	79.0	79.0	79.0	81.0	81.0	81.0	82.0	82.0	82.0	82.0	84.0	84.0
14:51:43:0	84.0	84.0	85.0	85.0	85.0	85.0	85.0	85.0	85.0	85.0	85.0	85.0	85.0	85.0	85.0	84.0	84.0	84.0	82.0
14:51:48:0	82.0	82.0	82.0	81.0	81.0	81.0	81.0	80.0	80.0	80.0	80.0	80.0	80.0	80.0	80.0	80.0	80.0	80.0
14:51:53:0	80.0	80.0	80.0	81.0	81.0	81.0	81.0	82.0	82.0	82.0	82.0	82.0	82.0	82.0	82.0	83.0	83.0	83.0	83.0
14:51:58:0	82.0	82.0	82.0	81.0	81.0	81.0	81.0	80.0	80.0	80.0	80.0	80.0	80.0	80.0	81.0	81.0	81.0	81.0
14:52:3:0	81.0	81.0	81.0	81.0	82.0	82.0	82.0	82.0	83.0	83.0	83.0	83.0	83.0	83.0	83.0	83.0	83.0	84.0	84.0	84.0
14:52:8:0	85.0	85.0	85.0	85.0	86.0	86.0	86.0	86.0	87.0	87.0	87.0	87.0	88.0	88.0	88.0	88.0	89.0	89.0	89.0
14:52:13:0	89.0	88.0	88.0	88.0	87.0	87.0	87.0	87.0	85.0	85.0	85.0	85.0	83.0	83.0	83.0	83.0	82.0	82.0
14:52:18:0	82.0	82.0	82.0	82.0	82.0	82.0	81.0	81.0	81.0	81.0	81.0	82.0	82.0	82.0	83.0	83.0
14:52:23:0	83.0	83.0	83.0	83.0	83.0	83.0	83.0	83.0	83.0	83.0	83.0	83.0	83.0	83.0	82.0	82.0	82.0	82.0	82.0
