Expected: 2, 0, 3
15:07:52.075
15:07:54.078:   [0, 0, 1],2, 0
15:07:55.244:   Low
15:07:56.079:   [0, 0, 2],2, -1
15:07:58.080:   [0, 1, 2],1, 0
15:08:00.081:   [0, 2, 2],1, 0
15:08:02.081:   [0, 3, 2],1, 0
15:08:04.083:   [1, 3, 2],0, 0
15:08:06.084:   [1, 4, 2],1, 0
15:08:07.276:   Low
15:08:08.085:   [0, 5, 2],1, -1
15:08:10.086:   [0, 6, 2],1, 0
15:08:12.087:   [1, 6, 2],0, 0
15:08:13.284:   Low
15:08:14.088:   [0, 6, 3],2, -1
15:08:16.089:   [0, 6, 4],2, 0
15:08:17.572:   High
15:08:18.090:   [1, 6, 0],0, -1
15:08:20.090:   [1, 6, 1],2, 0
15:08:22.092:   [1, 6, 2],2, 0
15:08:24.092:   [2, 6, 2],0, 0
15:08:26.092:   [3, 6, 2],0, 0
15:08:28.092:   [3, 7, 2],1, 0
15:08:30.092:   [4, 7, 2],0, 0
15:08:32.092:   [4, 8, 2],1, 0
15:08:34.092:   [4, 9, 2],1, 0
15:08:36.092:   [5, 9, 2],0, 0
15:08:38.093:   [5, 10, 2],1, 0
15:08:40.004:   Low
15:08:40.093:   [0, 11, 2],1, -1
15:08:40.372:   High
15:08:42.093:   [1, 11, 0],0, -1
15:08:44.093:   [2, 11, 0],0, 0
15:08:46.093:   [3, 11, 0],0, 0
15:08:46.812:   High
15:08:48.093:   [4, 11, 0],0, -1
15:08:50.093:   [4, 11, 1],2, 0
15:08:52.093:   [4, 12, 1],1, 0
15:08:52.972:   Low
15:08:54.093:   [0, 12, 2],2, -1
15:08:56.094:   [0, 13, 2],1, 0
15:08:58.094:   [0, 13, 3],2, 0
15:09:00.094:   [0, 14, 3],1, 0
15:09:00.772:   Low
15:09:02.094:   [0, 14, 4],2, -1
15:09:04.094:   [0, 14, 5],2, 0
15:09:06.094:   [1, 14, 5],0, 0
15:09:08.094:   [2, 14, 5],0, 0
15:09:10.094:   [2, 15, 5],1, 0
15:09:12.094:   [2, 15, 6],2, 0
15:09:14.095:   [3, 15, 6],0, 0
15:09:16.095:   [3, 15, 7],2, 0
15:09:18.095:   [3, 16, 7],1, 0
15:09:20.095:   [3, 17, 7],1, 0
15:09:22.095:   [3, 18, 7],1, 0
15:09:24.095:   [3, 18, 8],2, 0
15:09:26.095:   [4, 18, 8],0, 0
15:09:28.095:   [5, 18, 8],0, 0
15:09:30.095:   [5, 19, 8],1, 0
15:09:32.096:   [6, 19, 8],0, 0
15:09:34.096:   [7, 19, 8],0, 0
15:09:36.096:   [7, 19, 9],2, 0
15:09:38.096:   [7, 20, 9],1, 0
15:09:40.096:   [7, 20, 10],2, 0
15:09:42.096:   [8, 20, 10],0, 0
15:09:44.096:   [9, 20, 10],0, 0
15:09:46.096:   [9, 20, 11],2, 0
15:09:48.097:   [9, 20, 12],2, 0
15:09:50.097:   [9, 21, 12],1, 0
15:09:52.097:   [10, 21, 12],0, 0
15:09:54.097:   [10, 22, 12],1, 0
15:09:56.097:   [11, 22, 12],0, 0
15:09:58.097:   [11, 23, 12],1, 0
15:10:00.097:   [11, 24, 12],1, 0
15:10:02.097:   [12, 24, 12],0, 0
15:10:03.052:   Low
15:10:03.244:   High
15:10:04.097:   [0, 24, 0],2, -1
15:10:06.098:   [0, 24, 1],2, 0
15:10:08.098:   [1, 24, 1],0, 0
15:10:10.098:   [1, 24, 2],2, 0
15:10:12.098:   [2, 24, 2],0, 0
15:10:13.716:   Low
15:10:14.098:   [0, 24, 3],2, 1
15:10:16.098:   [0, 25, 3],1, 0
15:10:18.098:   [0, 25, 4],2, 0
15:10:18.804:   Low
15:10:20.098:   [0, 25, 5],2, -1
15:10:22.098:   [0, 26, 5],1, 0
15:10:24.099:   [1, 26, 5],0, 0
15:10:26.099:   [1, 27, 5],1, 0
15:10:28.099:   [1, 27, 6],2, 0
15:10:28.556:   Low
15:10:30.099:   [0, 28, 6],1, -1
15:10:32.099:   [0, 28, 7],2, 0
15:10:34.099:   [0, 29, 7],1, 0
15:10:36.099:   [0, 29, 8],2, 0
15:10:38.099:   [0, 29, 9],2, 0
15:10:40.099:   [0, 29, 10],2, 0
15:10:42.100:   [1, 29, 10],0, 0
15:10:44.100:   [2, 29, 10],0, 0
15:10:46.100:   [3, 29, 10],0, 0
15:10:48.100:   [3, 30, 10],1, 0
15:10:50.100:   [3, 31, 10],1, 0
15:10:52.100:   [3, 32, 10],1, 0
15:10:54.100:   [4, 32, 10],0, 0
15:10:56.100:   [4, 32, 11],2, 0
15:10:58.101:   [4, 33, 11],1, 0
15:11:00.101:   [4, 33, 12],2, 0
15:11:02.101:   [5, 33, 12],0, 0
15:11:04.101:   [6, 33, 12],0, 0
15:11:04.948:   Low
15:11:05.254:   High
15:11:06.101:   [0, 33, 0],2, -1
15:11:08.101:   [0, 34, 0],1, 0
15:11:10.101:   [1, 34, 0],0, 0
15:11:12.101:   [1, 35, 0],1, 0
15:11:14.101:   [1, 35, 1],2, 0
15:11:16.102:   [2, 35, 1],0, 0
15:11:18.102:   [3, 35, 1],0, 0
15:11:19.492:   High
15:11:20.102:   [4, 35, 0],0, -1
15:11:22.102:   [4, 35, 1],2, 0
15:11:24.102:   [5, 35, 1],0, 0
15:11:26.102:   [6, 35, 1],0, 0
15:11:28.102:   [6, 36, 1],1, 0
15:11:30.102:   [6, 36, 2],2, 0
15:11:32.102:   [6, 36, 3],2, 0
15:11:34.103:   [6, 36, 4],2, 0
15:11:36.103:   [6, 36, 5],2, 0
15:11:38.103:   [6, 36, 6],2, 0
15:11:40.103:   [7, 36, 6],0, 0
15:11:42.103:   [7, 37, 6],1, 0
15:11:43.388:   Low
15:11:44.103:   [0, 37, 7],2, -1
15:11:46.103:   [0, 37, 8],2, 0
15:11:48.103:   [0, 37, 9],2, 0
15:11:49.828:   Low
15:11:50.103:   [0, 37, 10],2, -1
15:11:52.104:   [1, 37, 10],0, 0
15:11:54.104:   [1, 37, 11],2, 0
15:11:56.104:   [1, 38, 11],1, 0
15:11:58.104:   [2, 38, 11],0, 0
15:12:00.104:   [2, 38, 12],2, 0
15:12:02.104:   [3, 38, 12],0, 0
15:12:04.104:   [3, 38, 13],2, 0
15:12:06.104:   [4, 38, 13],0, 0
15:12:08.105:   [5, 38, 13],0, 0
15:12:10.105:   [6, 38, 13],0, 0
15:12:12.105:   [7, 38, 13],0, 0
15:12:14.105:   [7, 39, 13],1, 0
15:12:16.105:   [8, 39, 13],0, 0
15:12:18.105:   [9, 39, 13],0, 0
15:12:20.105:   [9, 40, 13],1, 0
15:12:22.105:   [10, 40, 13],0, 0
15:12:24.105:   [10, 41, 13],1, 0
15:12:26.106:   [10, 42, 13],1, 0
15:12:28.106:   [10, 42, 14],2, 0
15:12:30.106:   [11, 42, 14],0, 0
15:12:32.106:   [12, 42, 14],0, 0
15:12:34.106:   [12, 43, 14],1, 0
15:12:36.106:   [12, 44, 14],1, 0
15:12:36.932:   Low
15:12:37.300:   High
15:12:38.106:   [0, 44, 0],2, -1
15:12:40.106:   [0, 45, 0],1, 0
15:12:42.106:   [1, 45, 0],0, 0
15:12:44.107:   [2, 45, 0],0, 0
15:12:46.107:   [2, 45, 1],2, 0
15:12:48.107:   [2, 45, 2],2, 0
15:12:50.107:   [2, 46, 2],1, 0
15:12:52.107:   [3, 46, 2],0, 0
15:12:54.107:   [3, 46, 3],2, 0
15:12:56.107:   [4, 46, 3],0, 0
15:12:58.107:   [4, 47, 3],1, 0
15:13:00.108:   [4, 47, 4],2, 0
15:13:02.108:   [4, 48, 4],1, 0
15:13:04.108:   [5, 48, 4],0, 0
15:13:06.108:   [6, 48, 4],0, 0
15:13:08.108:   [7, 48, 4],0, 0
15:13:10.108:   [7, 49, 4],1, 0
15:13:12.108:   [7, 50, 4],1, 0
15:13:14.108:   [8, 50, 4],0, 0
15:13:16.108:   [8, 51, 4],1, 0
15:13:17.092:   Low
15:13:18.109:   [0, 52, 4],1, -1
15:13:20.109:   [0, 52, 5],2, 0
15:13:21.212:   Low
15:13:22.109:   [0, 52, 6],2, -1
15:13:24.109:   [0, 53, 6],1, 0
15:13:26.109:   [0, 54, 6],1, 0
15:13:28.109:   [0, 54, 7],2, 0
15:13:30.109:   [0, 55, 7],1, 0
15:13:32.109:   [1, 55, 7],0, 0
15:13:34.109:   [1, 56, 7],1, 0
15:13:36.110:   [2, 56, 7],0, 0
15:13:38.110:   [2, 56, 8],2, 0
15:13:39.108:   Low
15:13:39.732:   High
15:13:40.110:   [0, 56, 0],2, -1
15:13:42.110:   [0, 56, 1],2, 0
15:13:44.110:   [0, 57, 1],1, 0
15:13:46.110:   [1, 57, 1],0, 0
15:13:48.110:   [2, 57, 1],0, 0
15:13:50.110:   [3, 57, 1],0, 0
15:13:52.110:   [3, 58, 1],1, 0
15:13:54.111:   [3, 58, 2],2, 0
15:13:56.111:   [3, 58, 3],2, 0
15:13:58.111:   [4, 58, 3],0, 0
15:14:00.111:   [4, 59, 3],1, 0
15:14:02.111:   [4, 59, 4],2, 0
15:14:04.111:   [4, 59, 5],2, 0
15:14:06.111:   [4, 60, 5],1, 0
15:14:08.111:   [4, 60, 6],2, 0
15:14:10.112:   [4, 60, 7],2, 0
15:14:12.112:   [4, 60, 8],2, 0
15:14:14.112:   [4, 60, 9],2, 0
15:14:15.252:   Low
15:14:16.112:   [0, 60, 10],2, -1
15:14:18.112:   [0, 61, 10],1, 0
15:14:20.112:   [0, 61, 11],2, 0
15:14:22.112:   [1, 61, 11],0, 0
15:14:24.112:   [2, 61, 11],0, 0
15:14:26.112:   [2, 62, 11],1, 0
15:14:27.412:   Low
15:14:28.113:   [0, 63, 11],1, 1
15:14:30.113:   [1, 63, 11],0, 0
15:14:30.876:   High
15:14:32.113:   [1, 64, 0],1, -1
15:14:34.113:   [1, 65, 0],1, 0
15:14:36.113:   [1, 65, 1],2, 0
15:14:38.113:   [1, 66, 1],1, 0
15:14:40.113:   [2, 66, 1],0, 0
15:14:42.113:   [3, 66, 1],0, 0
15:14:44.113:   [3, 66, 2],2, 0
15:14:46.114:   [4, 66, 2],0, 0
15:14:48.114:   [5, 66, 2],0, 0
15:14:50.114:   [6, 66, 2],0, 0
15:14:52.114:   [6, 66, 3],2, 0
15:14:54.114:   [7, 66, 3],0, 0
15:14:56.114:   [8, 66, 3],0, 0
15:14:58.114:   [8, 66, 4],2, 0
15:15:00.114:   [8, 67, 4],1, 0
15:15:02.114:   [8, 67, 5],2, 0
15:15:02.741:   Low
15:15:03.092:   High
15:15:04.115:   [0, 67, 0],0, -1
15:15:06.115:   [0, 68, 0],1, 0
15:15:08.115:   [0, 68, 1],2, 0
15:15:10.115:   [1, 68, 1],0, 0
15:15:12.115:   [1, 68, 2],2, 0
15:15:14.115:   [1, 68, 3],2, 0
15:15:16.115:   [1, 68, 4],2, 0
15:15:17.396:   High
15:15:18.115:   [2, 68, 0],0, -1
15:15:20.116:   [2, 68, 1],2, 0
15:15:22.116:   [3, 68, 1],0, 0
15:15:24.116:   [4, 68, 1],0, 0
15:15:26.116:   [4, 69, 1],1, 0
15:15:28.116:   [4, 69, 2],2, 0
15:15:30.116:   [4, 70, 2],1, 0
15:15:30.492:   Low
15:15:30.828:   High
15:15:32.116:   [0, 70, 0],0, -1
15:15:34.116:   [0, 71, 0],1, 0
15:15:36.116:   [1, 71, 0],0, 0
15:15:38.117:   [1, 72, 0],1, 0
15:15:40.117:   [1, 73, 0],1, 0
15:15:42.117:   [2, 73, 0],0, 0
15:15:42.892:   High
15:15:44.117:   [3, 73, 0],0, -1
15:15:46.117:   [4, 73, 0],0, 0
15:15:48.117:   [4, 73, 1],2, 0
15:15:50.117:   [5, 73, 1],0, 0
15:15:52.117:   [5, 73, 2],2, 0
15:15:54.117:   [5, 73, 3],2, 0
15:15:55.869:   Low
15:15:56.118:   [0, 74, 3],1, -1
15:15:58.118:   [1, 74, 3],0, 0
15:16:00.118:   [1, 75, 3],1, 0
15:16:01.468:   Low
15:16:02.118:   [0, 76, 3],1, -1
15:16:04.118:   [0, 76, 4],2, 0
15:16:06.118:   [1, 76, 4],0, 0
15:16:08.118:   [1, 77, 4],1, 0
15:16:08.900:   Low
15:16:10.118:   [0, 77, 5],2, -1
15:16:12.118:   [1, 77, 5],0, 0
15:16:14.119:   [1, 78, 5],1, 0
15:16:16.119:   [1, 79, 5],1, 0
15:16:18.119:   [1, 80, 5],1, 0
15:16:20.119:   [1, 80, 6],2, 0
15:16:22.119:   [1, 81, 6],1, 0
15:16:24.119:   [1, 82, 6],1, 0
15:16:25.180:   High
15:16:26.119:   [1, 82, 0],2, -1
15:16:28.119:   [2, 82, 0],0, 0
15:16:30.120:   [3, 82, 0],0, 0
15:16:30.981:   High
15:16:32.120:   [4, 82, 0],0, -1
15:16:34.120:   [5, 82, 0],0, 0
15:16:36.120:   [5, 82, 1],2, 0
15:16:38.036:   Low
15:16:38.120:   [0, 82, 2],2, -1
15:16:40.120:   [0, 82, 3],2, 0
15:16:42.120:   [0, 83, 3],1, 0
15:16:43.668:   Low
15:16:44.120:   [0, 83, 4],2, -1
15:16:46.120:   [0, 83, 5],2, 0
15:16:48.121:   [0, 84, 5],1, 0
15:16:50.121:   [0, 85, 5],1, 0
15:16:52.121:   [1, 85, 5],0, 0
15:16:54.121:   [1, 85, 6],2, 0
15:16:55.692:   High
15:16:56.092:   Low
15:16:56.121:   [0, 85, 0],0, 1
15:16:58.121:   [0, 86, 0],1, 0
15:17:00.121:   [0, 86, 1],2, 0
15:17:02.121:   [0, 87, 1],1, 0
15:17:04.121:   [0, 88, 1],1, 0
15:17:06.122:   [0, 89, 1],1, 0
15:17:08.122:   [0, 89, 2],2, 0
15:17:10.122:   [0, 89, 3],2, 0
15:17:12.122:   [0, 89, 4],2, 0
15:17:14.122:   [1, 89, 4],0, 0
15:17:15.276:   Low
15:17:15.483:   High
15:17:16.122:   [0, 89, 0],2, -1
15:17:18.122:   [1, 89, 0],0, 0
15:17:20.122:   [1, 90, 0],1, 0
15:17:22.122:   [2, 90, 0],0, 0
15:17:24.123:   [2, 90, 1],2, 0
15:17:25.140:   Low
15:17:26.123:   [0, 90, 2],2, 1
15:17:28.123:   [0, 90, 3],2, 0
15:17:30.123:   [0, 90, 4],2, 0
15:17:32.123:   [0, 91, 4],1, 0
15:17:33.228:   High
15:17:34.123:   [1, 91, 0],0, -1
15:17:36.123:   [1, 91, 1],2, 0
15:17:38.123:   [1, 91, 2],2, 0
15:17:40.124:   [2, 91, 2],0, 0
15:17:42.124:   [2, 91, 3],2, 0
15:17:44.124:   [2, 91, 4],2, 0
15:17:46.124:   [2, 91, 5],2, 0
15:17:48.124:   [2, 91, 6],2, 0
15:17:50.124:   [3, 91, 6],0, 0
15:17:52.124:   [3, 92, 6],1, 0
Tone 1 count: 101
Tone 2 count: 92
Tone 3 count: 107
Correct: 5; False Positive: 42
