18:2:21:0	65.0	66.0	66.0	66.0	66.0	67.0	67.0	68.0	68.0	68.0	68.0	68.0	70.0	73.0	73.0	73.0
18:2:26:0	73.0	74.0	74.0	74.0	74.0	74.0	74.0	74.0	74.0	73.0	73.0	73.0	73.0	72.0	72.0
18:2:31:0	72.0	71.0	71.0	71.0	70.0	70.0	70.0	70.0	69.0	69.0	69.0	70.0	70.0	70.0	70.0	71.0	71.0
18:2:36:0	71.0	71.0	71.0	71.0	71.0	71.0	71.0	70.0	70.0	70.0	70.0	69.0	69.0	69.0	69.0	67.0	67.0	67.0	67.0	65.0
18:2:41:0	65.0	65.0	65.0	65.0	65.0	65.0	65.0	65.0	65.0	65.0	65.0	65.0	67.0	67.0	67.0	67.0	71.0	71.0	71.0	71.0
18:2:46:0	71.0	71.0	71.0	71.0	71.0	71.0	71.0	70.0	70.0	70.0	70.0	68.0	68.0	68.0	68.0	68.0	67.0	67.0	67.0	67.0
18:2:51:0	67.0	67.0	67.0	67.0	68.0	68.0	68.0	68.0	70.0	70.0	70.0	70.0	72.0	72.0	72.0	73.0	73.0	73.0
18:2:56:0	74.0	74.0	74.0	74.0	74.0	74.0	74.0	74.0	72.0	72.0	72.0	72.0	71.0	71.0	71.0	71.0
18:3:1:0	71.0	71.0	71.0	71.0	71.0	71.0	71.0	71.0	71.0	71.0	71.0	71.0	71.0	72.0	72.0	72.0	72.0	73.0	73.0	73.0
18:3:6:0	73.0	74.0	75.0	75.0	75.0	75.0	75.0	75.0	75.0	75.0	74.0	74.0	74.0	74.0	72.0	72.0
18:3:11:0	72.0	72.0	71.0	71.0	71.0	71.0	70.0	70.0	70.0	70.0	70.0	70.0	70.0	70.0	70.0	70.0	70.0	71.0	71.0
18:3:16:0	71.0	72.0	74.0	74.0	74.0	73.0	73.0	73.0	72.0	72.0	72.0	70.0	70.0
18:3:21:0	70.0	70.0	69.0	69.0	69.0	69.0	69.0	69.0	69.0	69.0	69.0	69.0	69.0	69.0	69.0	69.5
18:3:26:0	70.0	70.0	70.0	70.0	70.0	70.0	70.0	70.0	70.0	70.0	70.0	70.0	70.0	70.0	70.0	70.0	70.0	69.0	69.0	69.0	69.0
18:3:31:0	70.0	70.0	70.0	70.0	71.0	71.0	71.0	71.0	73.0	73.0	73.0	73.0	75.0	75.0	75.0	75.0	75.0	76.0	76.0	76.0	76.0
18:3:36:0	78.0	78.0	78.0	78.0	79.0	79.0	79.0	80.0	80.0	80.0	80.0	79.0	79.0
18:3:41:0	78.0	78.0	78.0	77.0	77.0	77.0	75.0	75.0	75.0	74.0	74.0	74.0	74.0	75.0	75.0	75.0
18:3:46:0	75.0	76.0	76.0	76.0	76.0	77.0	77.0	77.0	77.0	77.0	77.0	77.0	77.0	77.0	78.0	78.0	78.0	78.0	82.0	82.0	82.0
18:3:51:0	82.0	82.0	82.0	82.0	82.0	82.0	82.0	82.0	82.0	82.0	82.0	82.0	82.0	81.0	81.0	81.0	81.0
18:3:56:0	79.0	77.0	77.0	77.0	77.0	75.0	75.0	75.0	75.0	72.0	72.0	72.0	72.0	70.0	70.0	70.0	70.0	70.0	70.0
18:4:1:0	70.0	70.0	70.0	70.0	70.0	70.0	70.0	71.0	71.0	71.0	71.0	72.0	72.0	72.0	74.0	74.0	74.0	74.0	74.0
18:4:6:0	74.0	74.0	74.0	74.0	74.0	74.0	72.0	72.0	72.0	72.0	71.0	71.0	71.0	71.0	69.0	69.0	69.0	69.0	68.0
18:4:11:0	68.0	68.0	68.0	68.0	68.0	68.0	68.0	68.0	68.0	68.0	69.0	69.0	69.0	69.0	69.0	69.0	69.0	69.0
18:4:16:0	71.0	71.0	71.0	70.0	70.0	70.0	70.0	70.0	70.0	70.0	70.0	70.0	70.0	70.0	70.0	70.0	71.0	71.0	71.0
18:4:21:0	71.0	71.0	71.0	71.0	71.0	72.0	72.0	72.0	72.0	72.0	72.0	72.0	72.0	72.0	72.0	72.0	72.0	71.0	71.0	71.0
18:4:26:0	71.0	71.0	71.0	71.0	71.0	71.0	71.0	71.0	71.0	71.0	71.0	73.0	73.0	73.0	74.0	74.0	74.0
18:4:31:0	74.0	75.0	75.0	75.0	75.0	77.0	77.0	77.0	77.0	77.0	78.0	78.0	78.0	78.0	77.0	76.0	76.0
18:4:36:0	76.0	76.0	74.0	74.0	73.0	73.0	73.0	71.0	71.0	71.0	71.0	71.0	71.0	71.0	71.0	70.0	70.0
18:4:41:0	70.0	70.0	70.0	70.0	70.0	70.0	70.0	70.0	70.0	71.0	71.0	71.0	71.0	72.0	72.0	72.0	72.0	72.0
18:4:46:0	72.0	72.0	72.0	72.0	72.0	70.0	70.0	70.0	70.0	69.0	69.0	69.0	69.0	68.0	68.0	68.0	68.0	68.0
18:4:51:0	68.0	68.0	68.0	68.0	68.0	68.0	69.0	69.0	69.0	70.0	70.0	70.0	72.0	72.0	72.0	72.0	73.0
18:4:56:0	73.0	73.0	73.0	74.0	74.0	74.0	74.0	73.0	73.0	73.0	73.0	73.0	73.0	73.0	73.0	72.0	72.0	72.0
18:5:1:0	72.0	72.0	72.0	72.0	73.0	73.0	73.0	73.0	72.0	72.0	72.0	72.0	73.0	73.0	73.0	73.0	73.0	74.0	74.0
18:5:6:0	74.0	75.0	75.0	75.0	75.0	75.0	75.0	75.0	75.0	76.0	76.0	76.0	75.0	75.0	75.0	75.0	74.0	74.0	74.0
18:5:11:0	74.0	74.0	73.0	73.0	73.0	73.0	73.0	73.0	73.0	73.0	73.0	73.0	73.0	74.0	74.0	74.0	75.0
18:5:16:0	75.0	75.0	75.0	75.0	75.0	74.0	74.0	74.0	74.0	73.0	71.0	71.0	71.0	71.0	70.0	70.0
18:5:21:0	71.0	71.0	71.0	71.0	73.0	73.0	73.0	73.0	76.0	76.0	76.0	76.0	76.0	77.0	77.0	77.0	77.0	76.0
18:5:26:0	76.0	76.0	76.0	75.0	75.0	75.0	75.0	72.0	72.0	72.0	72.0	70.0	70.0	70.0	70.0	71.0	71.0	71.0	71.0	71.0	72.0
18:5:31:0	72.0	72.0	72.0	74.0	74.0	74.0	74.0	76.0	76.0	76.0	76.0	78.0	78.0	78.0	78.0	79.0	79.0	79.0	79.0	79.0
18:5:36:0	79.0	79.0	79.0	79.0	79.0	79.0	79.0	79.0	79.0	79.0	78.0	78.0	78.0	76.0
18:5:41:0	75.0	75.0	75.0	74.0	74.0	74.0	74.0	73.0	73.0	73.0	73.0	73.0	73.0	73.0	73.0	73.0	74.0	74.0	74.0	74.0
18:5:46:0	75.0	75.0	75.0	75.0	75.0	75.0	75.0	75.0	74.0	74.0	74.0	74.0	73.0	73.0	73.0	73.0	73.0	71.0	71.0	71.0
18:5:51:0	71.0	70.0	70.0	70.0	70.0	70.0	70.0	70.0	70.0	70.0	70.0	70.0	70.0	70.0	70.0	70.0	70.0	70.0	70.0	70.0
18:5:56:0	70.0	70.0	70.0	70.0	70.0	70.0	70.0	70.0	70.0	70.0	70.0	70.0	70.0	70.0	71.0	71.0	71.0	71.0	72.0	72.0	72.0
18:6:1:0	72.0	72.0	72.0	72.0	72.0	72.0	72.0	72.0	72.0	72.0	72.0	72.0	72.0	72.0	71.0	71.0
18:6:6:0	71.0	71.0	70.0	71.0	71.0	71.0	71.0	71.0	71.0	71.0	71.0	72.0	72.0	72.0	72.0	72.0
18:6:11:0	72.0	72.0	72.0	72.0	72.0	72.0	72.0	73.0	73.0	73.0	73.0	74.0	74.0	74.0	74.0	76.0	76.0	76.0	76.0	76.0
18:6:16:0	77.0	77.0	77.0	77.0	77.0	77.0	77.0	78.0	78.0	78.0	78.0	77.0	77.0	77.0	77.0	77.0	77.0	77.0	77.0	78.0
18:6:21:0	78.0	78.0	78.0	78.0	80.0	80.0	80.0	80.0	82.0	82.0	82.0	82.0	84.0	84.0	84.0	84.0	84.0	84.0	84.0
18:6:26:0	84.0	84.0	84.0	83.0	83.0	83.0	83.0	83.0	83.0	83.0	83.0	82.0	82.0	82.0	81.0	81.0	81.0
18:6:31:0	81.0	79.0	79.0	79.0	79.0	77.0	77.0	77.0	77.0	73.0	73.0	73.0	73.0	72.0	72.0	72.0	72.0	72.0	71.0	71.0	71.0
18:6:36:0	71.0	72.0	72.0	72.0	72.0	73.0	73.0	73.0	73.0	74.0	74.0	74.0	74.0	74.0	74.0	74.0	74.0	74.0
18:6:41:0	74.0	74.0	74.0	74.0	74.0	74.0	73.0	73.0	73.0	73.0	71.0	71.0	71.0	71.0	70.0	70.0	70.0	70.0	69.0	69.0
18:6:46:0	69.0	71.0	71.0	71.0	71.0	71.0	71.0	71.0	71.0	71.0	72.0	72.0	72.0	71.0	71.0	71.0	70.0	70.0
18:6:51:0	70.0	68.0	68.0	68.0	68.0	68.0	68.0	68.0	68.0	68.0	69.0	69.0	69.0	69.0	71.0	71.0	71.0	71.0	72.0
18:6:56:0	72.0	72.0	72.0	74.0	74.0	74.0	73.0	73.0	73.0	73.0	73.0	73.0	73.0	72.0	72.0	72.0	72.0	72.0
18:7:1:0	70.0	70.0	70.0	70.0	69.0	69.0	69.0	69.0	67.0	67.0	67.0	67.0	67.0	67.0	67.0	67.0	68.0	68.0	68.0	68.0
18:7:6:0	71.0	71.0	71.0	71.0	71.0	72.0	72.0	72.0	72.0	72.0	72.0	72.0	72.0	72.0	72.0	72.0	72.0	71.0	71.0	71.0	71.0
18:7:11:0	70.0	70.0	70.0	70.0	70.0	70.0	70.0	70.0	70.0	71.0	71.0	71.0	73.0	73.0	73.0	75.0	75.0
18:7:16:0	75.0	75.0	75.0	75.0	75.0	76.0	76.0	76.0	76.0	76.0	76.0	76.0	76.0	75.0	75.0	75.0	75.0	75.0	73.0	73.0
18:7:21:0	73.0	73.0	72.0	72.0	72.0	72.0	70.0	70.0	70.0	70.0	68.0	68.0	68.0	68.0	67.0	67.0	67.0	67.0	67.0	67.0	67.0
18:7:26:0	67.0	67.0	67.0	67.0	67.0	67.0	70.0	70.0	70.0	70.0	72.0	72.0	72.0	72.0	72.0	72.0
18:7:31:0	72.0	72.0	71.0	71.0	71.0	71.0	71.0	70.0	70.0	70.0	69.0	68.0	68.0	68.0
18:7:36:0	68.0	68.0	69.0	69.0	69.0	71.0	71.0	71.0	71.0	74.0	74.0	74.0	74.0	74.0	74.0	74.0	74.0	73.0
18:7:41:0	73.0	73.0	73.0	71.0	71.0	71.0	71.0	70.0	70.0	70.0	70.0	70.0	70.0	70.0	70.0	71.0	71.0	71.0	71.0	71.0
18:7:46:0	72.0	72.0	72.0	72.0	72.0	72.0	72.0	72.0	73.0	73.0	73.0	73.0	74.0	74.0	74.0	74.0	74.0	74.0	74.0	74.0
18:7:51:0	75.0	75.0	75.0	75.0	75.0	74.0	74.0	74.0	74.0	73.0	73.0	73.0	73.0	73.0	73.0	73.0	73.0	71.0	71.0	71.0
18:7:56:0	71.0	70.0	70.0	70.0	70.0	69.0	69.0	69.0	69.0	70.0	70.0	70.0	70.0	71.0	71.0	71.0	73.0	73.0
18:8:1:0	73.0	75.0	75.0	75.0	76.0	76.0	76.0	78.0	78.0	78.0	78.0	78.0	80.0	80.0	80.0	80.0	81.0	81.0
18:8:6:0	81.0	81.0	82.0	82.0	82.0	81.0	81.0	81.0	81.0	82.0	82.0	82.0	82.0	82.0	82.0	82.0	82.0	85.0	85.0
18:8:11:0	85.0	85.0	85.0	87.0	87.0	87.0	87.0	89.0	89.0	89.0	89.0	89.0	89.0	89.0	89.0	89.0	89.0	89.0	89.0	88.0	88.0
18:8:16:0	88.0	88.0	87.0	87.0	87.0	87.0	87.0	85.0	85.0	85.0	85.0	83.0	83.0	83.0	83.0	81.0	81.0	81.0	81.0	80.0
18:8:21:0	80.0	80.0	78.0	78.0	78.0	78.0	76.0	76.0	76.0	74.0	74.0	74.0	75.0	75.0	75.0
18:8:26:0	75.0	75.0	75.0	75.0	76.0	76.0	76.0	76.0	76.0	76.0	76.0	76.0	75.0	75.0	75.0	75.0	75.0	73.0	73.0	73.0	73.0
18:8:31:0	72.0	72.0	72.0	72.0	72.0	72.0	72.0	72.0	72.0	72.0	72.0	72.0	72.0	72.0	72.0	72.0	73.0	73.0	73.0	73.0
18:8:36:0	75.0	75.0	75.0	75.0	75.0	77.0	77.0	77.0	77.0	79.0	79.0	79.0	79.0	80.0	80.0	80.0	80.0	80.0	80.0	80.0
18:8:41:0	80.0	79.0	79.0	79.0	78.0	78.0	78.0	78.0	78.0	75.0	75.0	75.0	75.0	74.0	74.0	74.0	74.0	73.0	73.0
18:8:46:0	73.0	73.0	73.0	73.0	73.0	73.0	72.0	72.0	72.0	72.0	70.0	70.0	70.0	70.0	70.0	70.0
18:8:51:0	70.0	70.0	70.0	70.0	70.0	70.0	71.0	71.0	71.0	71.0	71.0	71.0	71.0	71.0	71.0	71.0	71.0	71.0	71.0	72.0
18:8:56:0	72.0	72.0	72.0	72.0	72.0	72.0	72.0	72.0	72.0	72.0	72.0	71.0	71.0	71.0	70.0	70.0	70.0	70.0	68.0
18:9:1:0	68.0	68.0	68.0	68.0	68.0	68.0	68.0	68.0	68.0	68.0	68.0	68.0	69.0	69.0	69.0	69.0	69.0	69.0	69.0	69.0	70.0
18:9:6:0	70.0	70.0	71.0	71.0	71.0	71.0	71.0	71.0	71.0	71.0	71.0	72.0	72.0	72.0	72.0	72.0	72.0
18:9:11:0	72.0	72.0	72.0	72.0	72.0	72.0	71.0	71.0	71.0	71.0	71.0	71.0	72.0	72.0	72.0
18:9:16:0	72.0	74.0	73.0	73.0	73.0	73.0	72.0	72.0	72.0	72.0	72.0	72.0	72.0	72.0	72.0	72.0	72.0	72.0
18:9:21:0	73.0	73.0	73.0	73.0	73.0	74.0	74.0	74.0	74.0	75.0	75.0	75.0	75.0	75.0	75.0	75.0	75.0	75.0	75.0	75.0
18:9:26:0	75.0	73.0	73.0	73.0	73.0	73.0	73.0	73.0	73.0	73.0	73.0	73.0	73.0	73.0	73.0	73.0	73.0	73.0	73.0	73.0
18:9:31:0	73.0	73.0	73.0	73.0	73.0	73.0	73.0	73.0	73.0	73.0	72.0	72.0	72.0	72.0	71.0
18:9:36:0	71.0	71.0	71.0	71.0	71.0	71.0	71.0	71.0	71.0	71.0	72.0	72.0	72.0	72.0	74.0	74.0	74.0	74.0	74.0	77.0
18:9:41:0	77.0	77.0	77.0	77.0	77.0	77.0	77.0	77.0	77.0	77.0	76.0	76.0	76.0	76.0	74.0	74.0	74.0	74.0
18:9:46:0	72.0	72.0	72.0	70.0	70.0	70.0	70.0	70.0	69.0	69.0	69.0	69.0	69.0	69.0	69.0	69.0	70.0	70.0	70.0	70.0
18:9:51:0	71.0	71.0	71.0	71.0	71.0	71.0	71.0	72.0	72.0	72.0	72.0	72.0	73.0	73.0	73.0	73.0	73.0	73.0	73.0	73.0
18:9:56:0	73.0	73.0	73.0	72.0	72.0	72.0	71.0	71.0	71.0	70.0	70.0	70.0	70.0	70.0	70.0	70.0
18:10:1:0	70.0	70.0	70.0	70.0	70.0	71.0	71.0	71.0	71.0	71.0	71.0	71.0	71.0	72.0	72.0	72.0	72.0
18:10:6:0	72.0	72.0	73.0	73.0	75.0	75.0	75.0	75.0	76.0	76.0	76.0	76.0	77.0	77.0	77.0	77.0	77.0	77.0	77.0
18:10:11:0	77.0	77.0	76.0	76.0	76.0	76.0	76.0	74.0	74.0	74.0	74.0	74.0	74.0	74.0	74.0	74.0	74.0
18:10:16:0	74.0	74.0	74.0	74.0	74.0	74.0	75.0	75.0	75.0	76.0	76.0	76.0	76.0	76.0	76.0	76.0	76.0
18:10:21:0	76.0	76.0	76.0	76.0	76.0	76.0	75.0	75.0	75.0	75.0	75.0	75.0	75.0	75.0	75.0	75.0	75.0	75.0	76.0
18:10:26:0	76.0	76.0	76.0	77.0	77.0	77.0	77.0	76.0	76.0	76.0	75.0	75.0	75.0	75.0	75.0	75.0	75.0	75.0	75.0
18:10:31:0	75.0	75.0	75.0	75.0	76.0	76.0	76.0	76.0	77.0	77.0	77.0	77.0	77.0	77.0	77.0	78.0	78.0	78.0	78.0
18:10:36:0	79.0	79.0	79.0	79.0	79.0	79.0	79.0	80.0	80.0	80.0	80.0	80.0	80.0	80.0	80.0	80.0	79.0	79.0	79.0
18:10:41:0	79.0	78.0	78.0	78.0	78.0	76.0	76.0	76.0	76.0	75.0	75.0	75.0	75.0	75.0	75.0	75.0	76.0	76.0	76.0
18:10:46:0	78.0	78.0	78.0	78.0	78.0	78.0	78.0	78.0	78.0	78.0	78.0	78.0	78.0	78.0	78.0	78.0	77.0	77.0	77.0
18:10:51:0	77.0	77.0	76.0	76.0	76.0	76.0	74.0	74.0	74.0	73.0	73.0	73.0	73.0	69.0	69.0	69.0	69.0	67.0	67.0
18:10:56:0	67.0	67.0	67.0	67.0	67.0	67.0	68.0	68.0	68.0	68.0	68.0	68.0	68.0	68.0	68.0	68.0	68.0	68.0	68.0
18:11:1:0	68.0	68.0	67.0	67.0	67.0	67.0	67.0	67.0	67.0	67.0	67.0	67.0	67.0	67.0	67.0	68.0	68.0	68.0	69.0
18:11:6:0	69.0	69.0	69.0	69.0	69.0	69.0	69.0	69.0	69.0	70.0	70.0	70.0	71.0	71.0	71.0	71.0	71.0
18:11:11:0	71.0	71.0	71.0	71.0	71.0	71.0	71.0	71.0	70.0	70.0	70.0	70.0	69.0	69.0	69.0	69.0	68.0	68.0	68.0	68.0	68.0
18:11:16:0	68.0	68.0	68.0	68.0	69.0	69.0	69.0	69.0	70.0	70.0	70.0	70.0	70.0	70.0	70.0	70.0	70.0	70.0	70.0
18:11:21:0	70.0	70.0	70.0	70.0	70.0	70.0	70.0	70.0	70.0	70.0	70.0	70.0	70.0	70.0	70.0	70.0	70.0	70.0	70.0	70.0
18:11:26:0	70.0	68.0	68.0	68.0	68.0	66.0	66.0	66.0	66.0	67.0	68.0	68.0	68.0	68.0	69.0	69.0
18:11:31:0	69.0	70.0	70.0	70.0	70.0	70.0	70.0	70.0	70.0	70.0	70.0	69.0	69.0	69.0	69.0	69.0	69.0	69.0
18:11:36:0	69.0	69.0	68.0	68.0	68.0	68.0	68.0	68.0	68.0	68.0	70.0	70.0	70.0	70.0	72.0	72.0	72.0	72.0	73.0	73.0
18:11:41:0	73.0	73.0	73.0	73.0	73.0	73.0	73.0	72.0	72.0	72.0	72.0	71.0	71.0	71.0	71.0	70.0	70.0	70.0	70.0	68.0
18:11:46:0	68.0	68.0	68.0	67.0	67.0	67.0	67.0	65.0	65.0	65.0	65.0	65.0	65.0	65.0	65.0	65.0	67.0	67.0	67.0	67.0
18:11:51:0	70.0	70.0	70.0	70.0	70.0	70.0	70.0	70.0	69.0	69.0	69.0	69.0	68.0	68.0	68.0	68.0
18:11:56:0	68.0	68.0	68.0	68.0	69.0	69.0	69.0	69.0	70.0	70.0	70.0	70.0	71.0	71.0	71.0	71.0	70.0	70.0	70.0	70.0
18:12:1:0	69.0	69.0	69.0	69.0	70.0	70.0	70.0	70.0	71.0	71.0	71.0	71.0	72.0	72.0	72.0	72.0	72.0	72.0	72.0	72.0
18:12:6:0	72.0	72.0	72.0	72.0	72.0	72.0	72.0	72.0	72.0	72.0	72.0	72.0	72.0	71.0	71.0	71.0	71.0	71.0	71.0
18:12:11:0	71.0	70.0	70.0	70.0	70.0	70.0	70.0	70.0	70.0	70.0	70.0	70.0	70.0	71.0	71.0	71.0	71.0	71.0	71.0	71.0
18:12:16:0	71.0	71.0	71.0	71.0	71.0	71.0	70.0	70.0	70.0	69.0	69.0	69.0	67.0	67.0	67.0	67.0	67.0
