15:11:11:0	80.0	80.0	80.0	80.0	81.0	81.0	81.0	81.0	81.0	81.0	81.0	81.0	81.0	81.0	81.0	81.0	81.0	81.0	81.0
15:11:16:0	81.0	81.0	81.0	81.0	81.0	80.0	80.0	80.0	80.0	80.0	80.0	80.0	79.0	79.0	79.0	79.0	79.0	79.0	79.0	79.0
15:11:21:0	79.0	78.0	78.0	78.0	78.0	78.0	78.0	78.0	78.0	78.0	78.0	78.0	78.0	79.0	79.0	79.0	79.0	79.0	79.0	79.0
15:11:26:0	79.0	78.0	78.0	78.0	77.0	77.0	77.0	76.0	76.0	76.0	76.0	76.0	76.0	76.0
15:11:31:0	76.0	76.0	76.0	76.0	76.0	76.0	77.0	77.0	77.0	77.0	76.0	76.0	76.0	76.0	76.0	76.0	75.0	75.0
15:11:36:0	75.0	75.0	75.0	75.0	75.0	75.0	74.0	74.0	74.0	74.0	74.0	74.0	74.0	74.0	74.0	74.0	74.0	74.0	74.0
15:11:41:0	74.0	74.0	74.0	74.0	74.0	74.0	74.0	74.0	74.0	74.0	74.0	74.0	74.0	74.0	75.0	75.0	75.0	75.0
15:11:46:0	76.0	76.0	76.0	76.0	75.9090909090909	75.81818181818181
15:11:51:0	75.72727272727272	75.63636363636363	75.54545454545453	75.45454545454544	75.36363636363635
15:11:56:0	75.27272727272725	75.18181818181816	75.09090909090907	74.99999999999997	75.0	74.5
15:12:1:0	74.0	74.0	73.0	73.0	73.0	73.0	73.0	73.0	73.0	73.0	73.0	73.0	73.0
15:12:6:0	73.0	73.0	73.0	73.0	73.0	74.0	74.0	74.0	74.0	74.0	74.0
15:12:11:0	75.0	75.0	75.0	74.85714285714286	74.71428571428572
15:12:16:0	74.57142857142858	74.42857142857144	74.2857142857143	74.14285714285717	74.00000000000003	74.0	74.0
15:12:21:0	74.5	75.0	75.0	75.0	75.0	76.0	76.0	76.1
15:12:26:0	76.19999999999999	76.29999999999998	76.39999999999998	76.49999999999997	76.59999999999997
15:12:31:0	76.69999999999996	76.79999999999995	76.89999999999995	76.99999999999994	77.0	77.0	77.0	77.0
15:12:36:0	77.0	77.0	77.0	77.0	77.0	77.0	77.0	77.0	77.0	77.0	77.0	78.0	78.0
15:12:41:0	78.0	77.0	77.0	77.0	77.0	77.0	76.0	76.0	76.0	76.0	76.0	76.0	76.0	76.0	77.0	77.0	77.0
15:12:46:0	77.0	78.0	78.0	78.0	79.0	79.0	79.0	80.0	80.0	80.0	81.0	81.0	81.0	81.0	82.0
15:12:51:0	82.0	82.0	81.0	81.0	81.0	81.0	81.0	81.0	81.0	81.0	81.0	81.0	81.0	80.0	80.0	80.0	79.0	79.0
15:12:56:0	79.0	79.0	78.0	78.0	78.0	78.0	76.0	76.0	76.0	76.0	74.0	74.0	74.0	74.0	73.0	73.0	73.0	73.0	72.0
15:13:1:0	72.0	72.0	72.0	72.0	72.0	72.0	72.0	72.0	72.0	72.0	73.0	73.0	73.0	73.0	73.0	73.0	73.0	74.0
15:13:6:0	74.0	74.0	74.0	74.0	74.0	74.0	74.0	74.0	74.0	74.0	74.0	73.0	73.0	73.0	73.0	73.0	73.0	73.0	73.0	73.0
15:13:11:0	73.0	73.0	73.0	73.0	73.0	73.0	73.0	73.0	74.0	74.0	74.0	74.0	74.0	74.0	74.0	74.0	74.0	74.0	74.0
15:13:16:0	75.0	75.0	75.0	75.0	75.0	75.0	75.0	75.0	75.0	75.0	75.0	75.0	75.0	75.0	75.0
15:13:21:0	75.0	75.0	75.0	75.0	75.0	75.0	75.0	75.0	75.0	75.0	75.0	75.0	75.0	75.0	75.0	75.0	75.0	75.0	75.0	75.0
15:13:26:0	75.0	75.0	75.0	75.0	75.0	75.0	75.0	75.0	76.0	76.0	76.0	76.0	76.0	76.0	76.0	77.0	77.0
15:13:31:0	77.0	77.0	77.0	77.0	77.0	77.0	76.0	76.0	76.0	76.0	76.0	76.0	76.0	75.0	75.0	75.0	75.0	75.0
15:13:36:0	75.0	75.0	76.0	76.0	76.0	75.0	75.0	75.0	75.0	75.0	75.0	75.0	75.0	75.0	75.0
15:13:41:0	75.0	75.0	75.0	75.0	75.0	75.0	75.0	75.0	75.0	76.0	76.0	76.0	76.0	76.0	76.0	76.0	76.0	76.0
15:13:46:0	76.0	76.0	76.0	75.0	75.0	75.0	75.0	75.0	75.0	75.0	75.0	75.0	75.0	75.0	75.0
15:13:51:0	76.0	76.0	76.0	77.0	77.0	77.0	77.0	77.0	77.0	77.0	77.0	77.0	77.0	77.0	77.0	77.0	77.0	77.0	77.0
15:13:56:0	76.0	76.0	76.0	76.0	76.0	76.0	76.0	75.0	75.0	75.0	75.0	75.0	75.0	74.0	74.0	74.0
15:14:1:0	74.0	74.0	74.0	74.0	74.0	74.0	74.0	74.0	74.0	74.0	74.0	73.0	73.0	73.0	73.0	73.0	73.0	73.0	73.0
15:14:6:0	73.0	73.0	73.0	73.0	73.0	73.0	73.0	73.0	73.0	73.0	73.0	73.0	73.0	73.0	73.0	73.0	73.0	73.0
15:14:11:0	73.0	73.0	73.0	73.0	74.0	74.0	74.0	74.0	74.0	74.0	75.0	75.0	75.0	75.0	75.0	75.0
15:14:16:0	75.0	75.0	75.0	75.0	75.0	75.0	75.0	75.0	75.0	75.0	75.0	74.0
15:14:21:0	74.0	74.0	74.0	74.0	74.0	74.0	74.0	74.0	74.0	74.0	74.0	74.0	74.0	74.0	74.0	74.0	74.0	74.0
15:14:26:0	74.0	74.0	74.0	74.0	74.0	75.0	75.0	75.0	75.0	75.0	75.0	75.0	75.0	74.0	74.0	74.0	74.0	74.0
15:14:31:0	74.0	74.0	74.0	73.0	73.0	73.0	73.0	73.0	73.0	73.0	73.0	73.0	73.0	73.0	73.0	73.0	73.0	73.0
15:14:36:0	73.0	73.0	73.0	73.0	73.0	73.0	73.0	73.0	73.0
15:14:41:0	73.0	73.0	73.0	74.0	74.0	74.0	74.0	74.0	74.0	74.0	74.0	74.0	74.0	74.0	74.0	74.0	74.0	74.0	74.0
15:14:46:0	74.0	74.0	74.0	74.0	74.0	74.0	74.0	74.0	74.0	74.0	74.0	74.0	74.0	74.0	74.0	74.0	74.0	74.0	74.0	74.0
15:14:51:0	74.0	74.0	74.0	74.0	74.0	74.0	74.0	74.0	74.0	75.0	75.0	75.0	75.0	76.0	76.0	76.0	76.0	76.0	76.0	76.0
15:14:56:0	76.0	76.0	76.0	76.0	76.0	75.0	75.0	75.0	75.0	74.0	74.0	74.0	74.0	73.0	73.0	72.0
15:15:1:0	72.0	72.0	72.0	72.0	71.0	71.0	71.0	71.0	71.0	71.0	71.0	71.0	71.0	71.0	71.0	71.0	71.0	71.0
15:15:6:0	71.0	71.0	71.0	71.0	71.0	71.0	71.0	71.0	71.0	71.0	72.0	72.0	72.0	72.0	72.0	72.0	72.0	72.0	72.0	72.0
15:15:11:0	72.0	72.0	72.0	72.0	72.0	72.0	72.0	72.0	72.0	72.0	72.0	72.0	72.0	72.0	72.0	72.0	72.0	72.0
15:15:16:0	73.0	73.0	73.0	73.0	73.0	73.0	73.0	73.0	73.0	73.0	73.0	73.0	73.0	73.0	73.0	73.0	73.0	73.0
15:15:21:0	73.0	73.0	73.0	73.0	72.0	72.0	72.0	72.0	72.0	72.0	72.0	72.0	72.0	73.0	73.0	73.0
15:15:26:0	73.0	73.0	73.0	73.0	74.0	74.0	74.0	74.0	74.0	74.0	74.0	74.0	74.0	74.0	74.0	74.0	73.0	73.0	73.0
15:15:31:0	73.0	73.0	73.0	73.0	73.0	73.0	73.0	73.0	73.0	73.0	73.0	73.0	73.0	73.0	73.0	73.0	73.0	74.0	74.0	74.0
15:15:36:0	74.0	74.0	74.0	74.0	74.0	74.0	74.0	74.0	74.0	74.0	75.0	75.0	75.0	75.0	75.0	75.0	75.0	75.0	75.0
15:15:41:0	75.0	75.0	76.0	76.0	75.94285714285714	75.88571428571427	75.82857142857141
15:15:46:0	75.77142857142854	75.71428571428568	75.65714285714282	75.59999999999995	75.54285714285709
15:15:51:0	75.48571428571422	75.42857142857136	75.3714285714285	75.31428571428563	75.25714285714277
15:15:56:0	75.1999999999999	75.14285714285704	75.08571428571418	75.02857142857131	74.97142857142845
15:16:1:0	74.91428571428558	74.85714285714272	74.79999999999986	74.74285714285699	74.68571428571413
15:16:6:0	74.62857142857126	74.5714285714284	74.51428571428553	74.45714285714267	74.3999999999998
15:16:11:0	74.34285714285694	74.28571428571408	74.22857142857121	74.17142857142835	74.11428571428549
15:16:16:0	74.05714285714262	73.99999999999976	74.0	74.05	74.1	74.14999999999999
15:16:21:0	74.19999999999999	74.24999999999999	74.29999999999998	74.34999999999998	74.39999999999998
15:16:26:0	74.44999999999997	74.49999999999997	74.54999999999997	74.59999999999997	74.64999999999996
15:16:31:0	74.69999999999996	74.74999999999996	74.79999999999995	74.84999999999995	74.89999999999995
15:16:36:0	74.94999999999995	74.99999999999994	75.0	75.0	75.0	75.25	75.5
15:16:41:0	75.75	76.0	76.0	75.5	75.0	75.0	75.0	75.0
15:16:46:0	75.0	75.0	75.0	75.0	75.0	75.0	75.0	75.0
15:16:51:0	74.5	74.0	73.5	73.0	73.0	73.0	73.0	73.0
15:16:56:0	74.0	74.0	74.0	74.0	74.0	75.0
15:17:1:0	75.0	75.0	75.0	75.0	74.2	73.4	72.60000000000001
15:17:6:0	71.80000000000001	71.00000000000001	71.0	72.0	73.0	73.0	74.0	74.0	75.0
15:17:11:0	75.0	75.0	75.0	75.0	75.0	75.0	75.0	75.0	74.0
15:17:16:0	73.5	73.0	72.5	72.0	72.0	73.5
15:17:21:0	75.0	75.0	75.0	77.0	77.0	78.0	78.0	76.5
15:17:26:0	75.0	75.0	75.0	74.0	74.0	74.0	74.0	74.0	74.5
15:17:31:0	75.0	75.0	75.0	75.0	75.0	75.0	76.0	76.0	76.0	76.0	76.0	76.0
15:17:36:0	75.85714285714286	75.71428571428572	75.57142857142858	75.42857142857144	75.2857142857143
15:17:41:0	75.14285714285717	75.00000000000003	74.85714285714289	74.71428571428575	74.57142857142861
15:17:46:0	74.42857142857147	74.28571428571433	74.1428571428572	74.00000000000006	74.0	74.0	74.0	74.0	74.0
15:17:51:0	74.0	74.0	74.0	74.0	74.0	74.0	74.0	74.0
15:17:56:0	74.0	74.0	74.0	74.0	74.0	73.0	73.0	73.0	73.0	73.0
15:18:1:0	73.0	73.0	73.0	73.0	73.0	74.0	74.0	74.0	74.0	74.0	74.0
15:18:6:0	75.0	75.0	75.0	75.0	75.0	75.0
15:18:11:0	75.0	75.0	75.0	75.0	75.0	75.0	76.0
15:18:16:0	76.25	76.5	76.75	77.0	77.0	76.5
15:18:21:0	76.0	76.0	75.0	75.0	75.0	75.0	75.0	75.0	76.0
15:18:26:0	76.0	76.0	76.0	75.5	75.0	75.0	75.0	75.0
15:18:31:0	75.0	75.0	75.0	75.0	75.0	75.0	75.0	75.0	75.0
15:18:36:0	76.0	76.0	76.0	76.0	76.0	76.0	76.0
15:18:41:0	76.0	76.0	76.0	76.0	76.0	76.0	76.0
15:18:46:0	75.0	74.5	74.0	74.0	73.0	73.0
15:18:51:0	73.375	73.75	74.125	74.5	74.875
15:18:56:0	75.25	75.625	76.0	76.375	76.75
15:19:1:0	77.125	77.5	77.875	78.25	78.625
15:19:6:0	79.0	79.0	78.85	78.69999999999999	78.54999999999998	78.39999999999998
15:19:11:0	78.24999999999997	78.09999999999997	77.94999999999996	77.79999999999995	77.64999999999995
15:19:16:0	77.49999999999994	77.34999999999994	77.19999999999993	77.04999999999993	76.89999999999992
15:19:21:0	76.74999999999991	76.59999999999991	76.4499999999999	76.2999999999999	76.14999999999989
15:19:26:0	75.99999999999989	76.0	76.0	76.0	76.0	76.0	76.01639344262296	76.03278688524591
15:19:31:0	76.04918032786887	76.06557377049182	76.08196721311478	76.09836065573774	76.11475409836069
15:19:36:0	76.13114754098365	76.1475409836066	76.16393442622956	76.18032786885252	76.19672131147547
15:19:41:0	76.21311475409843	76.22950819672138	76.24590163934434	76.2622950819673	76.27868852459025
15:19:46:0	76.2950819672132	76.31147540983616	76.32786885245912	76.34426229508207	76.36065573770503
15:19:51:0	76.37704918032799	76.39344262295094	76.4098360655739	76.42622950819685	76.44262295081981
15:19:56:0	76.45901639344277	76.47540983606572	76.49180327868868	76.50819672131163	76.52459016393459
15:20:1:0	76.54098360655755	76.5573770491805	76.57377049180346	76.59016393442641	76.60655737704937
15:20:6:0	76.62295081967233	76.63934426229528	76.65573770491824	76.6721311475412	76.68852459016415
15:20:11:0	76.7049180327871	76.72131147541006	76.73770491803302	76.75409836065597	76.77049180327893
15:20:16:0	76.78688524590189	76.80327868852484	76.8196721311478	76.83606557377075	76.85245901639371
15:20:21:0	76.86885245901667	76.88524590163962	76.90163934426258	76.91803278688553	76.93442622950849
15:20:26:0	76.95081967213144	76.9672131147544	76.98360655737736	77.00000000000031	77.0	77.0	78.0	78.0	78.0
15:20:31:0	78.0	80.0	80.0	80.0	81.0	81.0	81.0	81.0	82.0	84.0	84.0	84.0
15:20:36:0	84.0	84.0	84.0	84.0	84.0	84.0	84.0	83.0	82.0	82.0	82.0	85.0
15:20:41:0	85.0	85.0	85.0	87.0	87.0	87.0	87.0	89.0	89.0	89.0	89.0	90.0	90.0	90.0	90.0	90.0	90.0	90.0	90.0	89.0
15:20:46:0	89.0	89.0	87.0	87.0	86.0	86.0	86.0	84.0	84.0	84.0	83.0	83.0
15:20:51:0	81.0	79.0	79.0	79.0	77.0	77.0	76.0	76.0	76.0	76.0	76.0	76.0
15:20:56:0	76.0	76.0	76.0	75.0	75.0	75.0	75.0	75.0	75.0	75.0	74.0	74.0	74.0	74.0	74.0	74.0	74.0
15:21:1:0	74.0	74.0	75.0	75.0	74.0	74.0	74.0	74.0	74.0	74.0	74.0	74.0	74.0	74.0	74.0
15:21:6:0	74.0	74.0	74.0	74.0	75.0	75.0	75.0	76.0	76.0	76.0	78.0	80.0
