17:3:16:0	84.0	84.0	85.0	85.0	85.0	86.0	86.0	86.0	86.0	86.0	86.0	86.0	86.0	86.0	86.0	86.0
17:3:21:0	85.0	84.0	84.0	84.0	84.0	84.0	84.0	84.0	85.0	85.0	85.0	86.0	86.0	86.0	86.0
17:3:26:0	87.0	87.0	87.0	87.0	87.0	87.0	88.0	88.0	88.0	88.0	87.0	87.0	87.0	87.0	86.0	86.0	86.0	86.0
17:3:31:0	85.0	85.0	85.0	84.0	84.0	84.0	84.0	83.0	83.0	83.0	83.0	84.0	84.0	84.0	84.0	84.0	84.0
17:3:36:0	84.0	85.0	85.0	85.0	85.0	86.0	86.0	86.0	89.0	89.0	89.0	90.0	90.0	90.0	90.0	90.0	90.0
17:3:41:0	90.0	91.0	91.0	91.0	92.0	92.0	92.0	92.0	92.0	92.0	92.0	92.0	93.0	93.0	93.0	93.0	92.0
17:3:46:0	92.0	92.0	92.0	92.0	92.0	91.0	91.0	91.0	90.0	90.0	90.0	90.0	89.0	89.0	89.0	89.0	88.0	88.0
17:3:51:0	88.0	88.0	87.0	87.0	87.0	87.0	87.0	86.0	86.0	86.0	86.0	85.0	85.0	85.0	85.0	85.0	85.0	85.0
17:3:56:0	85.0	85.0	85.0	85.0	85.0	85.0	85.0	85.0	85.0	85.0	85.0	85.0	85.0	85.0	85.0	85.0	85.0
17:4:1:0	84.0	84.0	82.0	82.0	82.0	82.0	81.0	81.0	81.0	80.0	80.0	80.0	80.0	80.0	80.0
17:4:6:0	81.0	81.0	81.0	81.0	83.0	83.0	83.0	83.0	86.0	86.0	86.0	86.0	88.0	88.0	88.0	88.0	89.0	89.0	89.0	89.0
17:4:11:0	91.0	91.0	91.0	91.0	91.0	92.0	92.0	92.0	92.0	92.0	92.0	92.0	92.0	92.0	92.0	92.0	92.0	92.0	92.0
17:4:16:0	92.0	92.0	92.0	92.0	91.0	91.0	91.0	91.0	90.0	90.0	90.0	90.0	89.0	89.0	89.0	89.0	87.0	87.0	87.0
17:4:21:0	87.0	87.0	87.0	87.0	87.0	87.0	87.0	83.0	83.0	83.0	83.0	83.0	83.0	83.0	83.0	84.0	84.0
17:4:26:0	84.0	86.0	86.0	86.0	87.0	87.0	87.0	88.0	88.0	88.0	88.0	89.0	89.0	89.0	89.0	88.0	88.0
17:4:31:0	88.0	88.0	88.0	87.0	87.0	87.0	86.0	86.0	86.0	86.0	86.0	86.0	87.0	87.0	87.0	88.0	88.0
17:4:36:0	88.0	88.0	88.0	88.0	88.0	88.0	89.0	89.0	89.0	89.0	88.0	88.0	88.0	88.0	87.0	87.0	87.0	87.0	85.0
17:4:41:0	85.0	85.0	85.0	84.0	84.0	84.0	84.0	83.0	83.0	83.0	83.0	83.0	83.0	83.0	85.0	85.0	85.0	85.0
17:4:46:0	84.0	84.0	84.0	83.0	83.0	83.0	83.0	82.0	82.0	82.0	82.0	82.0	82.0	82.0	84.0	84.0	84.0	84.0
17:4:51:0	85.0	87.0	87.0	87.0	87.0	87.0	87.0	87.0	87.0	87.0	87.0	87.0	87.0	87.0
17:4:56:0	86.0	86.0	85.0	85.0	85.0	85.0	85.0	85.0	85.0	85.0	85.0	85.0	85.0	85.0	86.0	86.0	86.0
17:5:1:0	86.0	86.0	86.0	86.0	86.0	86.0	86.0	86.0	86.0	86.0	85.0	85.0	85.0	84.0	84.0	84.0	84.0	82.0	82.0	82.0
17:5:6:0	82.0	81.0	81.0	81.0	81.0	80.0	80.0	80.0	80.0	80.0	80.0	80.0	80.0	80.0	80.0	80.0	80.0	80.0	80.0
17:5:11:0	80.0	80.0	81.0	81.0	80.0	80.0	79.0	79.0	79.0	79.0	79.0	79.0	79.0	80.0
17:5:16:0	80.0	80.0	80.0	81.0	81.0	81.0	83.0	83.0	83.0	86.0	86.0	86.0	86.0	86.0	86.0	86.0	86.0	85.0
17:5:21:0	85.0	85.0	85.0	83.0	83.0	83.0	83.0	83.0	82.0	82.0	82.0	80.0	80.0	80.0	80.0	78.0	78.0	78.0	78.0	78.0
17:5:26:0	78.0	78.0	78.0	79.0	79.0	79.0	80.0	80.0	80.0	80.0	80.0	80.0	80.0	80.0	80.0	80.0	80.0
17:5:31:0	80.0	80.0	80.0	79.0	79.0	77.0	77.0	77.0	77.0	77.0	77.0	77.0	77.0	77.0
17:5:36:0	77.0	78.0	78.0	78.0	79.0	79.0	79.0	81.0	81.0	81.0	82.0	82.0	82.0	82.0	83.0	83.0	83.0	83.0
17:5:41:0	84.0	84.0	84.0	84.0	84.0	84.0	84.0	84.0	84.0	84.0	84.0	84.0	85.0	85.0	85.0	85.0	86.0	86.0	86.0
17:5:46:0	86.0	86.0	86.0	86.0	86.0	87.0	87.0	87.0	87.0	87.0	88.0	88.0	88.0	88.0	90.0	90.0	90.0	90.0	90.0
17:5:51:0	90.0	90.0	91.0	91.0	91.0	91.0	91.0	91.0	91.0	90.0	90.0	90.0	90.0	90.0	90.0	90.0	90.0	88.0	88.0
17:5:56:0	88.0	88.0	87.0	87.0	87.0	87.0	86.0	86.0	86.0	85.0	85.0	85.0	85.0	83.0	83.0	83.0	82.0
17:6:1:0	82.0	82.0	81.0	81.0	80.0	80.0	80.0	80.0	81.0	81.0	82.0	82.0	82.0	83.0
17:6:6:0	83.0	83.0	85.0	85.0	85.0	85.0	85.0	86.0	86.0	86.0	86.0	87.0	87.0	87.0	87.0	87.0	87.0	87.0	87.0	88.0
17:6:11:0	88.0	88.0	88.0	88.0	88.0	88.0	88.0	88.0	88.0	88.0	88.0	88.0	88.0	88.0	88.0	87.0	87.0	87.0	87.0
17:6:16:0	87.0	87.0	87.0	87.0	86.0	86.0	86.0	85.0	85.0	85.0	85.0	85.0	85.0	85.0	85.0	85.0	86.0	86.0	86.0
17:6:21:0	86.0	87.0	87.0	87.0	88.0	88.0	88.0	88.0	88.0	88.0	88.0	88.0	88.0	88.0	87.0	87.0	87.0
17:6:26:0	87.0	87.0	86.0	86.0	86.0	86.0	86.0	86.0	86.0	85.0	85.0	85.0	85.0	85.0	85.0	85.0	85.0
17:6:31:0	85.0	85.0	85.0	85.0	85.0	85.0	85.0	85.0	85.0	86.0	86.0	86.0	86.0	87.0	87.0	87.0	87.0	87.0
17:6:36:0	87.0	87.0	87.0	87.0	87.0	87.0	86.0	86.0	86.0	86.0	84.0	84.0	84.0	84.0	84.0	83.0	83.0	83.0	83.0	82.0
17:6:41:0	82.0	82.0	82.0	82.0	82.0	82.0	83.0	83.0	83.0	83.0	84.0	84.0	84.0	84.0	85.0	85.0	85.0
17:6:46:0	86.0	87.0	87.0	87.0	87.0	87.0	86.0	86.0	85.0
17:6:51:0	85.0	85.0	86.0	86.0	86.0	86.0	87.0	87.0	87.0	89.0	89.0	89.0	91.0	91.0
17:6:56:0	93.0	93.0	93.0	93.0	93.0	93.0	93.0	93.0	93.0	92.0	92.0	92.0	92.0
17:7:1:0	93.0	93.0	93.0	94.0	94.0	94.0	94.0	94.0	94.0	93.0	93.0	93.0	93.0	92.0	92.0	92.0
17:7:6:0	92.0	90.0	90.0	90.0	90.0	88.0	88.0	88.0	86.0	86.0	86.0	86.0	84.0	84.0	84.0	84.0
17:7:11:0	84.0	84.0	83.0	83.0	83.0	84.0	84.0	84.0	84.0	84.0	84.0	85.0	85.0	85.0
17:7:16:0	85.0	85.0	85.0	85.0	85.0	85.0	85.0	85.0	85.0	85.0	85.0	85.0	85.0	85.0	85.0	84.0	84.0
17:7:21:0	84.0	84.0	85.0	85.0	85.0	86.0	86.0	86.0	86.0	86.0	86.0	86.0	86.0	86.0	87.0
17:7:26:0	87.0	87.0	88.0	88.0	88.0	89.0	89.0	89.0	89.0	89.0	89.0	88.0	88.0	88.0	88.0	88.0
17:7:31:0	88.0	88.0	88.0	88.0	88.0	88.0	88.0	88.0	88.0	88.0	88.0	87.0
17:7:36:0	87.0	87.0	87.0	87.0	87.0	87.0	85.0	85.0	85.0	84.0	82.0	82.0	82.0
17:7:41:0	82.0	82.0	82.0	82.0	82.0	83.0	83.0	83.0	83.0	83.0	83.0	84.0	84.0
17:7:46:0	84.0	84.0	84.0	84.0	84.0	84.0	84.0	84.0	84.0	84.0	84.0	84.0	84.0	84.0	84.0	84.0
17:7:51:0	84.0	84.0	84.0	84.0	84.0	84.0	84.0	83.0	83.0	83.0	83.0	83.0	83.0	83.0	83.0
17:7:56:0	83.0	83.0	83.0	83.0	83.0	83.0	84.0	84.0	84.0	84.0	85.0	85.0
17:8:1:0	85.0	85.0	84.0	84.0	84.0	84.0	84.0	84.0	83.0	83.0	83.0	82.0	82.0	82.0
17:8:6:0	84.0	86.0	86.0	86.0	87.0	87.0	87.0	88.0	88.0	88.0	88.0	88.0	88.0	88.0	87.0
17:8:11:0	87.0	87.0	87.0	86.0	86.0	86.0	86.0	85.0	85.0	85.0	84.0	84.0	84.0	84.0	84.0	84.0	84.0	84.0
17:8:16:0	85.0	85.0	85.0	85.0	85.0	85.0	85.0	85.0	85.0	85.0	85.0	85.0	85.0	86.0	86.0	86.0	86.0
17:8:21:0	87.0	87.0	87.0	89.0	89.0	89.0	90.0	92.0	92.0	92.0	92.0	92.0	92.0	92.0	92.0
17:8:26:0	93.0	93.0	93.0	92.5	92.0	92.0	92.0	92.0	92.0	91.0	91.0	91.0
17:8:31:0	91.0	91.0	91.0	91.0	91.0	90.0	90.0	90.0	90.0	89.0	89.0	89.0	88.0
17:8:36:0	88.0	88.0	87.5	87.0	86.5	86.0	86.0
17:8:41:0	86.5	87.0	87.0	86.33333333333333	85.66666666666666	84.99999999999999	85.0
17:8:46:0	85.0	83.0	82.5	82.0	82.0	82.0	82.0
17:8:51:0	82.0	82.0	82.0	82.0	82.0
17:8:56:0	82.0	82.0	82.0	82.0	82.0
17:9:1:0	82.0	82.0	82.0	82.0	82.0
17:9:6:0	82.0	82.0	82.0	82.0	82.0
17:9:11:0	82.0	82.0	82.0	82.0	82.0
17:9:16:0	82.0	82.0	82.0	82.0	82.0	82.0
17:9:21:0	82.0	82.5	83.0	83.0	83.0	83.0	83.0
17:9:26:0	83.0	83.0	82.0	82.0	81.0	81.0	82.0	83.0	83.0	84.0
17:9:31:0	84.5	85.0	85.0	86.0	86.0	86.0	85.71428571428571	85.42857142857142
17:9:36:0	85.14285714285712	84.85714285714283	84.57142857142854	84.28571428571425	83.99999999999996	84.0
17:9:41:0	83.0	83.0	83.0	83.0	83.0	83.0	84.0	85.0	85.0	88.0	88.0
17:9:46:0	88.0	88.0	88.0	88.0	87.0	87.0	87.0	87.0	86.0	86.0	86.0	86.0	86.0
17:9:51:0	86.0	86.0	86.0	86.0	85.0	85.0	85.0	85.0	85.0	85.0	85.0
17:9:56:0	86.0	86.0	86.0	87.0	87.0	87.0	88.0	89.0	89.0	90.0
17:10:1:0	90.0	91.0	91.0	91.0	91.0	91.0	90.0	90.0	89.0	89.0
17:10:6:0	89.0	88.0	88.0	88.0	88.0	87.0	87.0	87.0	87.0	87.0	87.0	87.0	87.0
17:10:11:0	88.0	88.0	88.0	89.0	89.0	89.0	89.0	89.0	89.0	89.0	89.0	89.0	89.0	89.0	88.0	87.0
17:10:16:0	87.0	87.0	86.0	86.0	86.0	86.0	84.0	84.0	81.0	81.0	81.0	81.0	81.0	81.0	80.0
17:10:21:0	80.0	80.0	80.0	80.0	80.0	80.0	80.0	81.0	81.0	81.0	81.0	82.0	82.0	82.0	83.0	83.0
17:10:26:0	84.0	84.0	84.0	84.0	85.0	86.0	86.0	86.0	86.0	86.0	87.0	87.0	87.0
17:10:31:0	87.0	86.0	86.0	86.0	86.0	86.0	86.0	86.0	85.0	85.0	85.0	85.0	85.0	85.0	86.0	86.0	86.0
17:10:36:0	86.0	86.0	85.0	85.0	85.0	85.0	85.0	85.0	85.0	85.0	84.0	84.0
17:10:41:0	84.0	84.0	84.0	84.0	84.0	84.0	84.0	85.0	85.0	85.0	85.0	85.0	85.0	86.0	86.0
17:10:46:0	86.0	86.0	86.0	86.0	86.0	86.0	86.0	86.0	86.0	85.0	85.0	85.0	85.0	85.0	85.0	85.0	85.0
17:10:51:0	85.0	85.0	85.0	85.0	85.0	85.0	85.0	85.0	85.0	85.0	85.0	85.0	85.0	84.0	84.0	84.0	84.0	83.0	83.0
17:10:56:0	83.0	83.0	83.0	83.0	83.0	83.0	83.0	83.0	83.0	83.0	83.0	83.0	83.0	83.0	83.0	83.0	83.0	83.0
17:11:1:0	83.0	83.0	83.0	83.0	83.0	83.0	83.0	84.0	84.0	85.0	85.0	85.0	85.0	85.0
17:11:6:0	85.0	85.0	85.0	85.0	85.0	85.0	85.0	85.0	85.0	85.0	85.0	85.0	85.0	86.0	86.0	86.0	86.0	86.0	86.0	86.0	86.0
17:11:11:0	86.0	86.0	86.0	86.0	86.0	86.0	86.0	86.0	86.0	86.0	86.0	86.0	86.0	87.0	87.0	87.0
17:11:16:0	87.0	88.0	88.0	88.0	88.0	89.0	89.0	89.0	89.0	89.0	89.0	89.0	90.0	90.0	89.0	89.0	89.0
17:11:21:0	89.0	89.0	88.0	88.0	88.0	87.0	87.0	87.0	87.0	87.0	87.0	87.0	87.0	87.0	87.0
17:11:26:0	87.0	87.0	87.0	87.0	87.0	87.0	86.0	86.0	85.0	85.0	85.0	85.0	85.0
17:11:31:0	85.0	86.0	86.0	87.0	87.0	89.0	89.0	89.0	89.0	91.0	91.0	91.0	91.0	93.0
17:11:36:0	93.0	93.0	94.0	94.0	94.0	94.0	94.0	94.0	94.0	93.0	93.0	92.0	92.0	92.0	92.0
17:11:41:0	90.0	90.0	90.0	90.0	89.0	89.0	89.0	87.0	87.0	87.0	87.0	85.0	85.0	85.0	85.0	83.0	83.0	83.0	82.0
17:11:46:0	82.0	82.0	82.0	81.0	81.0	81.0	81.0	80.0	80.0	80.0	80.0	80.0	80.0	80.0	81.0	81.0	81.0	81.0
17:11:51:0	82.0	82.0	82.0	83.0	83.0	83.0	82.0	82.0	82.0	82.0	82.0	82.0	82.0
17:11:56:0	82.0	81.0	81.0	81.0	81.0	81.0	81.0	81.0	81.0	82.0	82.0	82.0	83.0	83.0	83.0	83.0	84.0	84.0
17:12:1:0	84.0	85.0	85.0	86.0	87.0	87.0	87.0	87.0	87.0	87.0	88.0	88.0	88.0
17:12:6:0	88.0	87.0	87.0	87.0	87.0	87.0	87.0	87.0	87.0	87.0	87.0	87.0	87.0	88.0	88.0	88.0	88.0
17:12:11:0	88.0	88.0	88.0	87.0	87.0	87.0	87.0	87.0	85.0	85.0	85.0	84.0	83.0
17:12:16:0	83.0	83.0	83.0	83.0	83.0	84.0	84.0	84.0	84.0	84.0	84.0	84.0	84.0	84.0	84.0	84.0	84.0	83.0
17:12:21:0	83.0	83.0	83.0	82.0	82.0	82.0	82.0	82.0	82.0	82.0	82.0	82.0	83.0
17:12:26:0	82.0	82.0	82.0	82.0	82.0	82.0	82.0	82.0	80.0	80.0	80.0	79.0	79.0	79.0	79.0	79.0	79.0	79.0
17:12:31:0	78.0	78.0	78.0	78.0	78.0	78.0	78.0	78.0	78.0	78.0	78.0	78.0	78.0	78.0	79.0	79.0	79.0	79.0
17:12:36:0	80.0	80.0	80.0	81.0	81.0	81.0	82.0	82.0	82.0	82.0	82.0	82.0	82.0	81.0	81.0
17:12:41:0	81.0	80.0	80.0	80.0	80.0	80.0	80.0	81.0	81.0	81.0	82.0	82.0	82.0	82.0	82.0	82.0
17:12:46:0	82.0	83.0	83.0	83.0	84.0	84.0	86.0	86.0	86.0	88.0	88.0	88.0	89.0	89.0
17:12:51:0	89.0	89.0	90.0	90.0	90.0	90.0	90.0	90.0	90.0	90.0	89.0	89.0	87.0	87.0
17:12:56:0	87.0	86.0	86.0	86.0	86.0	84.0	84.0	84.0	84.0	84.0	83.0	83.0	83.0	82.0
17:13:1:0	82.0	82.0	82.0	82.0	82.0	82.0	82.0	82.0	82.0	82.0	82.0	82.0
17:13:6:0	83.0	83.0	83.0	83.0	83.0	83.0	83.0	84.0	84.0	84.0	84.0	86.0	86.0	86.0	88.0	88.0	88.0
17:13:11:0	89.0	90.0	90.0	90.0	90.0	90.0	90.0	90.0	90.0	90.0	90.0	89.0	89.0	89.0	89.0
