10:23:12:0	68.0	69.0	69.0	69.0	68.0	68.0	68.0	67.0	67.0	67.0	68.0	68.0	68.0	68.0	68.0	68.0
10:23:17:0	68.0	68.0	68.0	69.0	69.0	69.0	69.0	70.0	70.0	70.0	70.0	70.0	70.0	70.0	68.0	68.0	68.0	68.0	67.0
10:23:22:0	67.0	67.0	65.0	65.0	65.0	65.0	65.0	65.0	65.0	65.0	67.0	69.0
10:23:27:0	69.5	70.0	70.0	69.0	69.0	69.0	69.0	69.0	69.0	69.0	68.0	68.0	68.0
10:23:32:0	67.0	67.0	67.0	67.0	68.0	68.0	68.0	68.0	68.0	68.0	68.0	68.0	68.0	70.0
10:23:37:0	72.0	72.0	72.0	74.0	74.0	74.0	74.0	74.0	74.0	74.0	74.0	74.0	74.0	74.0	74.0	73.0	73.0	73.0	73.0
10:23:42:0	72.0	72.0	72.0	72.0	72.0	72.0	72.0	72.0	72.0	71.0	71.0	71.0	70.0	70.0	70.0	70.0	69.0	69.0	69.0
10:23:47:0	69.0	69.0	69.0	69.0	69.0	69.0	69.0	70.0	70.0	70.0	70.0	70.0	70.0
10:23:52:0	70.0	70.0	69.0	69.0	69.0	69.0	69.0	69.0	69.0	69.0	69.0	69.0	69.0	69.0	69.0	69.0
10:23:57:0	69.0	69.0	69.0	69.0	68.0	68.0	68.0	68.0	68.0	68.0	68.0	68.0
10:24:2:0	68.0	68.0	68.0	69.0	69.0	69.0	69.0	69.0	69.0	69.0	68.0	68.0	68.0	68.0	68.0	68.0	69.0
10:24:7:0	69.0	69.0	69.0	69.0	69.0	69.0	69.0	70.0	70.0	70.0	69.0	69.0	69.0	70.0	70.0	70.0
10:24:12:0	71.0	71.0	71.0	72.0	72.0	72.0	72.0	71.0	71.0	71.0	71.0	70.0	70.0	70.0	70.0
10:24:17:0	71.0	71.0	71.0	71.0	71.0	71.0	71.0	72.0	72.0	72.0	72.5
10:24:22:0	73.0	73.0	74.0	74.0	74.0	74.0	74.0	74.0	73.0	73.0	73.0	73.0
10:24:27:0	73.0	73.0	73.0	72.0	72.0	72.0	73.0	73.0	73.0	73.0	74.0	74.0	74.0
10:24:32:0	74.0	74.0	74.0	74.0	74.0	74.0	74.0	73.0	73.0	73.0	73.0
10:24:37:0	73.0	73.0	73.0	73.0	73.0	72.0	72.0	71.0	71.0	71.0	71.0	71.0	71.0	71.0	70.0
10:24:42:0	70.0	70.0	70.0	70.0	71.0	71.0	71.0	71.0	72.0	72.0	72.0	72.0	73.0	73.0	73.0
10:24:47:0	74.0	74.0	74.0	74.0	74.0	72.0	72.0	70.0	70.0	70.0	69.0	69.0	69.0	68.0
10:24:52:0	68.0	68.0	67.0	67.0	67.0	67.0	67.0	67.0	67.0	67.0	67.0	67.0	67.0	67.0	67.0	67.0	67.0	67.0
10:24:57:0	70.0	72.0	72.0	72.0	72.0	73.0	73.0	73.0	73.0	73.0	74.0	74.0	74.0	74.0	75.0	75.0	75.0	75.0
10:25:2:0	74.0	74.0	74.0	73.0	73.0	72.0	72.0	71.0	71.0	71.0	69.0	69.0
10:25:7:0	69.0	68.0	68.0	68.0	68.0	68.0	68.0	67.0	67.0	67.0	67.0	67.0	67.0
10:25:12:0	67.0	67.0	68.0	68.0	69.0	70.0	70.0	70.0	69.0	69.0	69.0	69.0	69.0	69.0
10:25:17:0	69.0	69.0	69.0	69.0	69.0	70.0	70.0	70.0	70.0	70.0	71.0	71.0	71.0	71.0	72.0	72.0	72.0	72.0	72.0
10:25:22:0	71.0	71.0	71.0	71.0	71.0	71.0	70.0	70.0	68.0	68.0	68.0
10:25:27:0	68.0	68.0	67.0	67.0	67.0	67.0	67.0	67.0	67.0	67.0	67.0	67.0	68.0	68.0	68.0	68.0
10:25:32:0	68.0	68.0	68.0	68.0	68.0	67.0	67.0	67.0	67.0	67.0	67.0	67.0	67.0	67.0
10:25:37:0	69.0	69.0	69.0	70.0	70.0	70.0	70.0	70.0	70.0	70.0	70.0	70.0	70.0	69.0	69.0	69.0
10:25:42:0	69.0	69.0	69.0	69.0	69.0	69.0	69.0	70.0	70.0	70.0	70.0	70.0	71.0	71.0	71.0
10:25:47:0	73.0	73.0	73.0	73.0	73.0	73.0	73.0	74.0	74.0	74.0	74.0	75.0	75.0	75.0	75.0	75.0	75.0	75.0
10:25:52:0	75.0	75.0	75.0	75.0	74.0	74.0	74.0	72.0	72.0	72.0	72.0	71.0	71.0	71.0	71.0	71.0	71.0	71.0
10:25:57:0	71.0	71.0	72.0	72.0	72.0	72.0	72.0	72.0	72.0	72.0	72.0	72.0	72.0	71.0	71.0
10:26:2:0	71.0	71.0	71.0	71.0	71.0	71.0	71.0	71.0	71.0	71.0	71.0	71.0	71.0	70.0	70.0	70.0	70.0	69.0
10:26:7:0	69.0	69.0	69.0	69.0	69.0	69.0	69.0	69.0	69.0	69.0	69.0	70.0	70.0	70.0	70.0	70.0	70.0	71.0
10:26:12:0	71.0	71.0	71.0	71.0	71.0	71.0	71.0	72.0	72.0	72.0	72.0	71.0	71.0	71.0	71.0	71.0	71.0	71.0	71.0	71.0
10:26:17:0	70.0	70.0	70.0	70.0	69.0	69.0	69.0	69.0	68.0	68.0	68.0	68.0	68.0	68.0	68.0	68.0	68.0
10:26:22:0	68.5	69.0	69.0	69.0	69.0	69.0	70.0	70.0	70.0	70.0	71.0	71.0	71.0	71.0	71.0	71.0	71.0
10:26:27:0	72.0	72.0	72.0	72.0	71.0	71.0	71.0	71.0	71.0	71.0	71.0	71.0	71.0	70.0	70.0	70.0	70.0	70.0	70.0
10:26:32:0	70.0	70.0	70.0	70.0	70.0	69.0	69.0	69.0	69.0	69.0	69.0	69.0	69.0	68.0	68.0	68.0	68.0	68.0	69.0	69.0
10:26:37:0	69.0	69.0	69.0	69.0	69.0	69.0	70.0	70.0	70.0	70.0	70.0	70.0	70.0	70.0	70.0	70.0	71.0	71.0	71.0
10:26:42:0	71.0	71.0	71.0	71.0	71.0	71.0	71.0	71.0	71.0	71.0	72.0	72.0	72.0	73.0	73.0	74.0
10:26:47:0	74.0	74.0	74.0	74.0	74.0	74.0	74.0	73.0	73.0	73.0	73.0	72.0	72.0	72.0	71.0	71.0	71.0	71.0	70.0
10:26:52:0	70.0	70.0	69.0	69.0	69.0	69.0	69.0	69.0	69.0	69.0	70.0	70.0	70.0	70.0	70.0	72.0	72.0	72.0	72.0	73.0
10:26:57:0	73.0	73.0	73.0	74.0	74.0	74.0	75.0	75.0	75.0	74.0	74.0	73.0	73.0	73.0	73.0	73.0
10:27:2:0	71.0	71.0	71.0	71.0	70.0	70.0	70.0	70.0	70.0	70.0	70.0	70.0	70.0	70.0	70.0	69.0	69.0	69.0	69.0
10:27:7:0	68.0	68.0	68.0	68.0	68.0	66.0	66.0	66.0	66.0	66.0	66.0	66.0	66.0	67.0	67.0	67.0
10:27:12:0	67.0	67.0	67.0	67.0	69.0	69.0	69.0	69.0	69.0	71.0	71.0	71.0	71.0	72.0	72.0	72.0	72.0	72.0	72.0
10:27:17:0	72.0	72.0	72.0	72.0	72.0	72.0	72.0	72.0	72.0	72.0	71.0	71.0	71.0	71.0	71.0
10:27:22:0	71.0	71.0	70.0	70.0	70.0	69.0	69.0	69.0	69.0	68.0	68.0	68.0	68.0	67.0	67.0	67.0	67.0	68.0
10:27:27:0	68.0	68.0	68.0	68.0	68.0	68.0	68.0	68.0	68.0	68.0	67.0	67.0	67.0	67.0	67.0
10:27:32:0	67.0	67.0	67.0	67.0	67.0	67.0	66.0	66.0	66.0	66.0	66.0	66.0	66.0	65.0	65.0	65.0	65.0	65.0
10:27:37:0	65.0	65.0	65.0	66.0	66.0	66.0	67.0	67.0	67.0	67.0	67.0	68.0	68.0	68.0	69.0	69.0	69.0	69.0
10:27:42:0	69.0	69.0	69.0	68.0	68.0	68.0	68.0	67.0	67.0	67.0	67.0	67.0	67.0	67.0	67.0	67.0	67.0	67.0	67.0
10:27:47:0	67.0	67.0	67.0	68.0	68.0	69.0	69.0	69.0	69.0	70.0	70.0	70.0	70.0	71.0	71.0	71.0	71.0
10:27:52:0	72.0	72.0	73.0	73.0	73.0	73.0	74.0	74.0	74.0	74.0	75.0	75.0	75.0	77.0	77.0	77.0
10:27:57:0	77.0	77.0	77.0	76.0	76.0	76.0	76.0	76.0	75.0	75.0	75.0	75.0	74.0	74.0	74.0	74.0	72.0	72.0
10:28:2:0	72.0	72.0	69.0	69.0	69.0	69.0	69.0	69.0	69.0	69.0	68.5	68.0	68.0	68.0	68.0
10:28:7:0	68.0	68.0	67.0	67.0	67.0	66.0	66.0	66.0	66.0	66.0	65.0	65.0	65.0
10:28:12:0	65.0	67.0	67.0	67.0	69.0	69.0	69.0	69.0	70.0	69.0	69.0	69.0	69.0
10:28:17:0	68.75	68.5	68.25	68.0	68.0	68.0
10:28:22:0	67.0	68.0	68.0	68.0	68.0	70.0	70.0	72.0	72.0	72.0	73.0	73.0	73.0
10:28:27:0	74.0	74.0	74.0	74.0	74.0	75.0	75.0	75.0	75.0	75.0	75.0	75.0	75.0	75.0
10:28:32:0	76.0	76.0	76.0	76.0	76.0	76.0	76.0	76.0	75.0	75.0	75.0	75.0	73.0	73.0	73.0	73.0	72.0	72.0	72.0
10:28:37:0	74.0	74.0	74.0	74.0	75.0	75.0	75.0	76.0	76.0	76.0	76.0	76.0	76.0	76.0	76.0	75.0	75.0	75.0
10:28:42:0	74.0	74.0	74.0	73.0	73.0	73.0	73.0	73.0	73.0	73.0	73.0	73.0	73.0
10:28:47:0	73.0	73.0	73.0	74.0	74.0	74.0	74.0	73.0
10:28:52:0	73.0	72.0	72.0	72.0	72.0	72.0	72.0	72.0	72.0	72.0	72.0	72.0	72.0	72.0	73.0
10:28:57:0	73.0	73.0	73.0	72.0	72.0	72.0	72.0	72.0	72.0	72.0	73.0	73.0	73.0
10:29:2:0	73.0	73.0	74.0	74.0	74.0	73.8	73.6	73.39999999999999
10:29:7:0	73.19999999999999	72.99999999999999	73.0	73.0	73.0	73.0	73.0	73.0	73.0	72.0	71.0	71.0
10:29:12:0	71.0	71.0	71.0	71.0	71.0	70.0	70.0	70.0	70.5
10:29:17:0	71.0	71.0	71.0	71.0	71.0	71.0	71.0	71.0	71.0
10:29:22:0	71.0	70.0	70.0	70.0	70.0	71.0	71.0	71.0	72.0	72.0	72.0	71.0	71.0	71.0	71.0	71.0	71.0
10:29:27:0	71.25	71.5	71.75	72.0	72.25
10:29:32:0	72.5	72.75	73.0	73.0	72.0	72.0	71.0	71.0	71.0	71.0
10:29:37:0	71.0	71.0	71.0	71.0	71.0	72.0	72.0	72.0	72.0	72.0	72.0	73.0	73.0	73.0	72.0
10:29:42:0	72.0	72.0	72.0	72.0	72.0	72.0	72.0	74.0	74.0	74.0	74.0	74.0	74.0	74.0	74.0
10:29:47:0	74.0	74.0	74.0	75.0	75.0	75.0	75.0	75.0	76.0	76.0	76.0	76.0	76.0	76.0	77.0	77.0	77.0
10:29:52:0	77.0	77.0	77.0	76.0	76.0	76.0	76.0	75.0	75.0	75.0	75.0	73.0	73.0	73.0	72.0	72.0	72.0
10:29:57:0	71.0	71.0	71.0	71.0	70.0	70.0	70.0	70.0	70.0	70.0	70.0	70.0	70.0	70.0	70.0	71.0	71.0	71.0
10:30:2:0	71.0	73.0	74.0	74.0	74.0	73.0	73.0	73.0	72.0	72.0	72.0	71.0	71.0	71.0
10:30:7:0	71.0	71.0	71.0	71.0	71.0	71.0	71.0	71.0	70.0	70.0	70.0	70.0	70.0	70.0	70.0	71.0
10:30:12:0	71.0	71.0	72.0	72.0	72.0	72.0	72.0	72.0	72.0	72.0	71.0	71.0	71.0	71.0	69.0	69.0
10:30:17:0	69.66666666666667	70.33333333333334	71.00000000000001	71.0	71.0	71.0	73.0	73.0	73.0	73.0	75.0
10:30:22:0	75.0	75.0	76.0	77.0	77.0	77.0	77.0	76.0	76.0	76.0	76.0
10:30:27:0	75.0	75.0	75.0	75.0	73.0	73.0	73.0	73.0	71.0	71.0	70.0	70.0	70.0	70.0	70.0	70.0	70.0	70.0
10:30:32:0	71.0	71.0	71.0	71.0	72.0	72.0	72.0	72.0	72.0	72.0	73.0	73.0	74.0	74.0
10:30:37:0	75.0	75.0	75.0	75.0	75.0	75.0	75.0	75.0	75.0	75.0	75.0	75.0	75.0	75.0	75.0	75.0	75.0	75.0
10:30:42:0	75.0	74.0	74.0	74.0	74.0	74.0	74.0	74.0	74.0	74.0	74.0	74.0	74.0	74.0
10:30:47:0	74.0	74.0	73.0	73.0	72.0	72.0	72.0	72.0	71.0	71.0	71.0	71.0	71.0	71.0	71.0	71.0
10:30:52:0	71.0	71.0	71.0	71.0	71.0	71.0	71.0	71.0	71.0	72.0	72.0	72.0	72.0	73.0	73.0	73.0	73.0	74.0	74.0
10:30:57:0	74.0	74.0	75.0	75.0	75.0	75.0	77.0	77.0	77.0	77.0	77.0	78.0	78.0	78.0	78.0	78.0	78.0	78.0	78.0	77.0
10:31:2:0	77.0	77.0	77.0	75.0	75.0	75.0	75.0	73.0	73.0	73.0	73.0	71.0	71.0	71.0	71.0	71.0	70.0	70.0	70.0	70.0
10:31:7:0	70.0	70.0	69.0	69.0	69.0	70.0	70.0	70.0	70.0	70.0	70.0	70.0	70.0	71.0	71.0	71.0
10:31:12:0	71.0	71.0	71.0	71.0	71.0	71.0	72.0	72.0	72.0	72.0	72.0	72.0	72.0	72.0	72.0	72.0	72.0
10:31:17:0	71.0	71.0	71.0	71.0	71.0	70.0	70.0	70.0	70.0	70.0	70.0	70.0	70.0	70.0	70.0	70.0	70.0	70.0	70.0	70.0	70.0
10:31:22:0	70.0	70.0	70.0	70.0	70.0	70.0	70.0	69.0	69.0	69.0	69.0	70.0	70.0	70.0	70.0	70.0	70.0	70.0
10:31:27:0	70.0	69.0	69.0	69.0	69.0	69.0	69.0	69.0	69.0	69.0	69.0	69.0	70.0	70.0	70.0	70.0	72.0
10:31:32:0	72.0	72.0	74.0	74.0	76.0	76.0	76.0	77.0	77.0	77.0	77.0	78.0	78.0	78.0	78.0	79.0
10:31:37:0	79.0	79.0	79.0	79.0	79.0	79.0	79.0	79.0	79.0	79.0	78.0	78.0	78.0	78.0	77.0	77.0	77.0	76.0	76.0
10:31:42:0	76.0	74.0	74.0	74.0	73.0	73.0	73.0	73.0	73.0	74.0	74.0	74.0	74.0	74.0	74.0	74.0	74.0	75.0
10:31:47:0	75.0	75.0	75.0	76.0	76.0	76.0	76.0	76.0	76.0	76.0	76.0	76.0	76.0	76.0	76.0	76.0	75.0	75.0	75.0
10:31:52:0	74.0	74.0	74.0	73.0	73.0	73.0	73.0	73.0	73.0	73.0	73.0	73.0	73.0	73.0	73.0	73.0	73.0
10:31:57:0	72.0	72.0	72.0	72.0	72.0	72.0	72.0	72.0	73.0	73.0	73.0	73.0	73.0	73.0	73.0	73.0	73.0	73.0	73.0
10:32:2:0	73.0	73.0	73.0	73.0	73.0	72.0	72.0	72.0	72.0	72.0	72.0	72.0	72.0	73.0	73.0	73.0	73.0	73.0	73.0	73.0
10:32:7:0	73.0	73.0	73.0	73.0	73.0	73.0	73.0	73.0	73.0	73.0	73.0	73.0	73.0	75.0	75.0	75.0	75.0	75.0	75.0
10:32:12:0	76.0	76.0	76.0	76.0	76.0	76.0	76.0	76.0	75.0	75.0	75.0	75.0	74.0	74.0	74.0	74.0	74.0	74.0	74.0
10:32:17:0	74.0	73.0	73.0	73.0	74.0	74.0	74.0	74.0	74.0	74.0	74.0	74.0	74.0	74.0	74.0	74.0
10:32:22:0	74.0	74.0	73.0	73.0	73.0	73.0	72.0	72.0	72.0	72.0	73.0	73.0	73.0	73.0	73.0	73.0	73.0	74.0
10:32:27:0	74.0	74.0	74.0	74.0	74.0	74.0	74.0	73.0	73.0	73.0	73.0	72.0	72.0	72.0	72.0	71.0	71.0	71.0	70.0
10:32:32:0	70.0	70.0	70.0	70.0	70.0	70.0	70.0	70.0	70.0	70.0	70.0	71.0	71.0	71.0	71.0	71.0	71.0	71.0	71.0	71.0
10:32:37:0	71.0	71.0	71.0	71.0	71.0	71.0	71.0	71.0	70.0	70.0	70.0	70.0	69.0	69.0	69.0	69.0	69.0	69.0
10:32:42:0	69.0	68.0	68.0	68.0	69.0	69.0	69.0	69.0	69.0	69.0	69.0	68.0	68.0	68.0	68.0
10:32:47:0	67.0	67.0	67.0	67.0	67.0	67.0	67.0	67.0	67.0	68.0	68.0	68.0	68.0	69.0	69.0	69.0	70.0	70.0	70.0
10:32:52:0	70.0	71.0	71.0	71.0	72.0	72.0	72.0	72.0	72.0	72.0	72.0	72.0	73.0	73.0	73.0	73.0	73.0	73.0
10:32:57:0	73.0	73.0	70.0	70.0	70.0	70.0	69.0	69.0	69.0	69.0	69.0	69.0	69.0	69.0	69.0	69.0	69.0	70.0	70.0
10:33:2:0	70.0	70.0	71.0	71.0	71.0	71.0	72.0	72.0	72.0	72.0	73.0	73.0	73.0	73.0	73.0	73.0	73.0	73.0
10:33:7:0	73.0	73.0	72.0	72.0	72.0	71.0	71.0	71.0	71.0	71.0	71.0	71.0	71.0	73.0	73.0	73.0	73.0	73.0
