18:15:25:0	67.0	68.0	68.0	68.0	69.0	69.0	69.0	69.0	69.0	68.0	68.0	68.0	68.0	67.0	67.0	67.0	67.0
18:15:30:0	66.0	66.0	66.0	66.0	65.0	65.0	65.0	65.0	66.0	66.0	66.0	66.0	67.0	67.0	67.0	67.0	67.0	69.0	69.0	69.0
18:15:35:0	69.0	70.0	70.0	70.0	70.0	71.0	71.0	71.0	71.0	71.0	71.0	71.0	71.0	70.0	70.0	70.0	70.0	68.0	68.0	68.0
18:15:40:0	68.0	68.0	68.0	68.0	68.0	67.0	67.0	67.0	67.0	68.0	68.0	68.0	68.0	67.0	67.0	67.0	67.0	68.0	68.0	68.0
18:15:45:0	68.0	70.0	70.0	70.0	70.0	70.0	70.0	70.0	70.0	70.0	70.0	70.0	70.0	70.0	69.0	69.0	69.0	69.0	69.0
18:15:50:0	69.0	69.0	70.0	70.0	70.0	70.0	75.0	75.0	75.0	75.0	75.0	77.0	77.0	77.0	77.0	78.0
18:15:55:0	78.0	78.0	78.0	78.0	78.0	78.0	78.0	78.0	78.0	78.0	78.0	78.0	78.0	78.0	78.0	77.0	77.0	77.0	77.0	76.0
18:16:0:0	76.0	76.0	76.0	75.0	75.0	75.0	75.0	75.0	75.0	75.0	75.0	75.0	75.0	75.0	75.0	75.0	75.0
18:16:5:0	75.0	75.0	75.0	75.0	75.0	75.0	75.0	75.0	74.0	74.0	74.0	74.0	73.0	73.0	73.0	72.0	72.0	72.0	72.0
18:16:10:0	70.0	70.0	70.0	70.0	70.0	70.0	70.0	70.0	70.0	70.0	70.0	70.0	70.0	70.0	69.0	69.0	69.0	69.0
18:16:15:0	68.0	68.0	68.0	68.0	66.0	66.0	66.0	66.0	66.0	66.0	66.0	66.0	67.0	67.0	67.0	67.0	67.0	68.0	68.0	68.0
18:16:20:0	68.0	67.0	67.0	67.0	67.0	67.0	68.0	68.0	68.0	68.0	70.0	70.0	70.0	70.0	71.0	71.0	71.0
18:16:25:0	71.0	71.0	72.0	72.0	72.0	72.0	72.0	72.0	72.0	72.0	72.0	72.0	72.0	72.0	73.0	73.0	73.0	73.0	73.0	73.0
18:16:30:0	73.0	73.0	72.0	72.0	72.0	72.0	72.0	72.0	72.0	72.0	72.0	71.0	70.0	70.0	70.0	70.0	70.0
18:16:35:0	70.0	70.0	71.0	71.0	71.0	73.0	73.0	73.0	74.0	74.0	74.0	74.0	74.0	74.0
18:16:40:0	74.0	74.0	74.0	72.0	70.0	70.0	70.0	70.0	69.0	69.0	69.0	69.0	68.0	68.0	68.0	68.0	68.0
18:16:45:0	68.0	68.0	68.0	68.0	69.0	69.0	69.0	69.0	71.0	71.0	71.0	71.0	72.0	72.0	72.0	72.0	72.0	72.0	72.0	72.0	72.0
18:16:50:0	72.0	72.0	72.0	72.0	71.0	71.0	71.0	71.0	71.0	71.0	71.0	71.0	71.0	71.0	71.0	71.0	72.0	72.0	72.0	72.0
18:16:55:0	72.0	72.0	72.0	72.0	72.0	72.0	72.0	72.0	71.0	71.0	71.0	70.0	70.0	70.0	69.0
18:17:0:0	68.0	68.0	68.0	68.0	67.0	67.0	67.0	67.0	67.0	67.0	67.0	67.0	67.0	67.0	67.0	67.0	67.0	68.0	68.0
18:17:5:0	68.0	70.0	70.0	70.0	70.0	73.0	73.0	73.0	73.0	74.0	74.0	74.0	74.0	74.0	74.0	74.0	74.0	74.0	74.0	74.0
18:17:10:0	74.0	74.0	73.0	73.0	73.0	73.0	73.0	73.0	73.0	72.0	72.0	72.0	72.0	72.0	72.0	72.0	72.0	72.0	72.0
18:17:15:0	72.0	72.0	72.0	72.0	72.0	72.0	72.0	71.0	71.0	71.0	71.0	70.0	70.0	70.0	70.0	70.0	70.0	70.0	70.0	70.0
18:17:20:0	70.0	70.0	70.0	70.0	70.0	70.0	70.0	70.0	70.0	70.0	71.0	71.0	71.0	71.0	71.0	71.0	71.0	71.0	70.0
18:17:25:0	70.0	70.0	70.0	70.0	70.0	70.0	70.0	71.0	71.0	71.0	71.0	71.0	71.0	71.0	71.0	72.0	72.0	72.0	72.0
18:17:30:0	71.0	71.0	71.0	71.0	70.0	70.0	70.0	70.0	69.0	69.0	69.0	69.0	67.0	67.0	67.0	67.0	66.0	66.0	66.0	66.0
18:17:35:0	66.0	66.0	66.0	66.0	66.0	67.0	67.0	67.0	67.0	69.0	69.0	69.0	69.0	70.0	70.0	70.0	70.0	70.0	70.0	70.0	70.0
18:17:40:0	70.0	70.0	70.0	70.0	70.0	70.0	70.0	70.0	70.0	70.0	70.0	70.0	70.0	69.0	69.0	69.0	69.0	69.0	69.0
18:17:45:0	69.0	69.0	69.0	69.0	69.0	69.0	69.0	69.0	69.0	69.0	69.0	69.0	69.0	69.0	70.0	70.0
18:17:50:0	70.0	70.0	73.0	73.0	73.0	73.0	75.0	75.0	75.0	75.0	78.0	78.0	78.0	78.0	78.0	78.0	78.0	78.0	78.0	78.0	78.0
18:17:55:0	78.0	78.0	78.0	78.0	78.0	78.0	77.0	77.0	77.0	77.0	75.0	75.0	75.0	75.0	74.0	74.0	74.0	74.0	73.0	73.0
18:18:0:0	73.0	73.0	73.0	73.0	73.0	73.0	73.0	71.0	71.0	71.0	71.0	71.0	71.0	71.0	71.0	70.0	70.0	70.0	70.0	70.0
18:18:5:0	70.0	70.0	70.0	70.0	70.0	70.0	70.0	70.0	70.0	70.0	70.0	69.0	69.0	69.0	69.0	69.0	69.0	69.0	69.0
18:18:10:0	69.0	69.0	69.0	69.0	69.0	69.0	70.0	70.0	70.0	70.0	71.0	71.0	71.0	71.0	71.0	71.0	71.0	71.0	71.0
18:18:15:0	72.0	72.0	72.0	72.0	73.0	73.0	73.0	73.0	74.0	74.0	74.0	74.0	75.0	75.0	75.0	75.0	75.0	75.0	75.0	75.0
18:18:20:0	75.0	75.0	75.0	75.0	75.0	76.0	76.0	76.0	76.0	77.0	77.0	77.0	77.0	79.0	79.0	79.0	79.0	80.0	80.0	80.0
18:18:25:0	80.0	81.0	81.0	81.0	81.0	81.0	81.0	81.0	81.0	81.0	80.0	80.0	80.0	80.0	79.0	79.0	79.0	79.0	79.0	79.0	79.0
18:18:30:0	79.0	77.0	77.0	77.0	77.0	75.0	75.0	75.0	73.0	73.0	73.0	71.0	71.0	71.0	71.0	72.0
18:18:35:0	72.0	73.0	73.0	73.0	73.0	73.0	72.0	72.0	72.0	70.0	70.0
18:18:40:0	70.0	70.0	70.0	68.0	68.0	68.0	67.0	67.0	67.0	67.0	67.0	67.0	67.0	67.0	68.0	68.0	68.0	69.0	69.0
18:18:45:0	69.0	69.0	70.0	70.0	70.0	70.0	70.0	70.0	70.0	70.0	70.0	69.0	69.0	69.0	69.0	69.0	69.0	69.0	69.0	69.0
18:18:50:0	69.0	69.0	69.0	69.0	69.0	69.0	69.0	68.0	68.0	68.0	68.0	68.0	68.0	68.0	68.0	68.0	67.0	67.0	67.0
18:18:55:0	68.0	68.0	68.0	68.0	70.0	70.0	72.0	72.0	72.0	72.0	73.0	73.0	73.0	73.0	73.0	73.0	73.0
18:19:0:0	72.0	72.0	72.0	72.0	71.0	71.0	71.0	71.0	69.0	69.0	69.0	69.0	68.0	68.0	68.0	68.0	67.0	67.0
18:19:5:0	66.0	66.0	66.0	66.0	69.0	69.0	69.0	69.0	70.0	70.0	70.0	70.0	72.0	72.0	72.0	72.0	73.0	73.0	73.0
18:19:10:0	73.0	74.0	74.0	74.0	74.0	74.0	74.0	74.0	74.0	74.0	73.0	73.0	73.0	73.0	72.0	72.0	72.0	72.0	70.0	70.0
18:19:15:0	70.0	70.0	69.0	69.0	69.0	69.0	69.0	69.0	69.0	69.0	69.0	69.0	69.0	69.0	70.0	70.0	70.0	70.0	70.0
18:19:20:0	70.0	70.0	70.0	70.0	70.0	70.0	70.0	70.0	70.0	70.0	69.0	69.0	69.0	69.0	69.0	69.0	69.0
18:19:25:0	69.0	69.0	69.0	68.0	68.0	68.0	68.0	67.0	67.0	67.0	67.0	66.0	66.0	66.0	66.0	67.0	67.0	67.0	67.0	67.0
18:19:30:0	67.0	67.0	67.0	69.0	69.0	69.0	69.0	69.0	71.0	71.0	71.0	71.0	72.0	72.0	72.0	72.0	72.0	72.0	72.0	72.0	72.0
18:19:35:0	72.0	72.0	72.0	71.0	71.0	71.0	71.0	69.0	69.0	69.0	69.0	69.0	69.0	69.0	69.0	69.0	69.0	69.0	69.0	69.0
18:19:40:0	69.0	69.0	69.0	69.0	69.0	69.0	69.0	69.0	69.0	70.0	70.0	70.0	70.0	70.0	70.0	70.0
18:19:45:0	70.0	70.0	70.0	70.0	70.0	70.0	70.0	70.0	70.0	70.0	70.0	70.0	70.0	70.0	70.0	70.0	70.0	68.0	68.0	68.0	68.0
18:19:50:0	67.0	67.0	67.0	67.0	67.0	67.0	67.0	67.0	67.0	67.0	67.0	67.0	67.0	69.0	69.0	69.0	69.0	70.0	70.0	70.0
18:19:55:0	70.0	71.0	71.0	71.0	71.0	71.0	71.0	71.0	71.0	71.0	71.0	71.0	71.0	71.0	70.0	70.0	70.0	70.0	69.0	69.0
18:20:0:0	69.0	69.0	68.0	68.0	68.0	68.0	66.0	66.0	66.0	66.0	64.0	64.0	64.0	64.0	64.0	63.0	63.0	63.0	65.0
18:20:5:0	65.0	65.0	67.0	67.0	67.0	68.0	68.0	68.0	68.0	69.0	69.0	69.0	69.0	70.0	70.0	70.0	70.0	70.0	70.0
18:20:10:0	70.0	70.0	70.0	70.0	70.0	70.0	70.0	70.0	70.0	70.0	70.0	70.0	70.0	70.0	70.0	71.0	71.0	71.0	71.0
18:20:15:0	71.0	71.0	71.0	72.0	72.0	72.0	72.0	72.0	71.0	71.0	71.0	71.0	71.0	71.0	71.0	71.0	70.0	70.0	70.0	70.0
18:20:20:0	70.0	70.0	70.0	70.0	70.0	70.0	70.0	70.0	71.0	71.0	71.0	71.0	71.0	71.0	71.0	71.0	71.0	72.0	72.0	72.0	72.0
18:20:25:0	73.0	73.0	73.0	73.0	75.0	75.0	75.0	75.0	77.0	77.0	77.0	79.0	79.0	79.0	79.0	81.0	81.0
18:20:30:0	81.0	83.0	83.0	83.0	83.0	83.0	83.0	83.0	83.0	83.0	83.0	83.0	83.0	83.0	83.0	83.0	83.0	83.0	83.0
18:20:35:0	83.0	83.0	83.0	83.0	83.0	83.0	83.0	83.0	83.0	82.0	82.0	82.0	82.0	81.0	81.0	81.0	81.0	81.0
18:20:40:0	81.0	82.0	82.0	82.0	82.0	82.0	82.0	82.0	82.0	81.0	81.0	81.0	81.0	80.0	80.0	80.0	80.0	77.0	77.0
18:20:45:0	77.0	77.0	75.0	75.0	75.0	75.0	73.0	73.0	73.0	73.0	71.0	71.0	71.0	71.0	71.0	71.0	71.0	71.0	71.0	71.0
18:20:50:0	71.0	71.0	71.0	71.0	71.0	71.0	71.0	70.0	70.0	68.0	68.0	68.0	67.0	67.0	67.0	67.0	67.0
18:20:55:0	67.0	67.0	67.0	67.0	68.0	68.0	68.0	69.0	69.0	69.0	69.0	70.0	70.0	70.0	70.0	70.0	70.0	70.0	69.0
18:21:0:0	69.0	69.0	69.0	69.0	69.0	69.0	69.0	69.0	69.0	69.0	69.0	69.0	70.0	70.0	70.0	70.0	70.0	70.0	70.0	70.0
18:21:5:0	71.0	71.0	71.0	71.0	71.0	71.0	71.0	71.0	71.0	71.0	71.0	71.0	71.0	70.0	70.0	70.0
18:21:10:0	70.0	70.0	70.0	70.0	70.0	70.0	70.0	70.0	70.0	72.0	72.0	72.0	72.0	72.0	72.0	72.0	72.0	72.0	73.0	73.0
18:21:15:0	73.0	73.0	73.0	73.0	69.0	69.0	69.0	69.0	67.0	66.0	66.0	66.0
18:21:20:0	66.0	66.0	64.0	64.0	64.0	64.0	64.0	64.0	64.0	65.0	65.0	65.0	65.0	67.0	67.0	69.0	69.0
18:21:25:0	69.0	69.0	72.0	72.0	72.0	72.0	72.0	72.0	72.0	72.0	72.0	72.0
18:21:30:0	71.0	70.0	70.0	69.0	69.0	69.0	69.0	67.0	67.0	67.0	67.0	67.0	67.0	67.0	67.0	68.0	68.0
18:21:35:0	68.0	68.0	70.0	70.0	70.0	70.0	70.0	71.0	71.0	71.0	71.0	72.0	72.0	72.0	73.0	73.0	73.0	73.0
18:21:40:0	73.0	73.0	72.0	72.0	72.0	71.0	71.0	71.0	71.0	71.0	71.0	71.0	71.0	71.0	71.0	71.0	71.0	71.0
18:21:45:0	72.0	72.0	72.0	72.0	72.0	72.0	72.0	72.0	72.0	72.0	72.0	72.0	72.0	72.0	72.0	72.0	72.0	72.0	72.0	72.0	72.0
18:21:50:0	72.0	72.0	72.0	72.0	72.0	72.0	71.5	71.0	71.0	70.0	70.0	70.0	70.0	68.0
18:21:55:0	68.0	68.0	68.0	66.0	66.0	66.0	66.0	65.0	65.0	65.0	65.0	65.0	65.0	65.0	65.0	65.0	67.0	67.0	67.0	67.0
18:22:0:0	69.0	69.0	69.0	69.0	71.0	71.0	71.0	71.0	72.0	72.0	72.0	72.0	72.0	72.0	72.0	72.0	72.0
18:22:5:0	72.0	72.0	72.0	72.0	72.0	72.0	72.0	72.0	72.0	72.0	72.0	71.0	71.0	71.0	71.0	71.0	71.0	71.0	71.0
18:22:10:0	72.0	72.0	72.0	73.0	73.0	73.0	73.0	73.0	73.0	73.0	73.0	73.0	72.0	72.0	72.0	72.0	71.0	71.0	71.0
18:22:15:0	71.0	70.0	70.0	70.0	70.0	69.0	69.0	69.0	69.0	69.0	69.0	69.0	69.0	69.0	70.0	70.0	70.0	70.0	71.0	71.0	71.0
18:22:20:0	71.0	73.0	73.0	73.0	73.0	74.0	74.0	74.0	74.0	74.0	74.0	74.0	74.0	74.0	74.0	74.0	74.0	74.0	73.0
18:22:25:0	73.0	72.0	72.0	72.0	72.0	72.0	72.0	72.0	72.0	72.0	72.0	72.0	72.0	72.0	73.0	73.0
18:22:30:0	73.0	72.0	72.0	72.0	72.0	72.0	72.0	72.0	72.0	73.0	73.0	73.0	73.0	74.0	74.0	74.0	74.0	74.0
18:22:35:0	74.0	74.0	74.0	74.0	74.0	74.0	74.0	74.0	74.0	74.0	74.0	74.0	74.0	74.0	74.0	74.0	74.0	74.0	74.0	74.0	74.0
18:22:40:0	74.0	74.0	74.0	74.0	74.0	74.0	74.0	73.0	73.0	73.0	73.0	72.0	72.0	72.0	72.0	72.0	72.0	72.0	72.0	72.0
18:22:45:0	71.0	71.0	71.0	71.0	72.0	72.0	72.0	72.0	72.0	72.0	72.0	72.0	72.0	72.0	72.0	72.0	73.0	73.0	73.0
18:22:50:0	73.0	73.0	73.0	72.0	72.0	72.0	71.0	71.0	71.0	71.0	70.0	70.0	70.0	70.0	70.0	70.0	70.0	70.0
18:22:55:0	71.0	71.0	71.0	71.0	71.0	73.0	73.0	73.0	73.0	74.0	74.0	74.0	74.0	73.0	73.0	73.0	73.0	72.0	72.0	72.0
18:23:0:0	72.0	70.0	70.0	70.0	70.0	69.0	69.0	69.0	69.0	69.0	69.0	69.0	69.0	69.0	71.0	71.0	71.0	71.0	70.0	70.0
18:23:5:0	70.0	70.0	70.0	70.0	70.0	69.0	69.0	69.0	69.0	69.0	69.0	69.0	69.0	68.0	68.0	68.0	68.0	68.0	69.0	69.0
18:23:10:0	69.0	69.0	70.0	70.0	70.0	70.0	71.0	71.0	71.0	72.0	72.0	72.0	75.0	75.0	75.0	75.0	77.0	77.0
18:23:15:0	77.0	77.0	77.0	78.0	78.0	78.0	78.0	77.0	77.0	77.0	77.0	76.0	76.0	76.0	76.0	74.0	74.0	74.0	74.0	75.0
18:23:20:0	75.0	75.0	75.0	77.0	77.0	77.0	77.0	77.0	78.0	78.0	78.0	78.0	78.0	78.0	78.0	78.0	78.0	78.0	78.0	78.0
18:23:25:0	77.0	77.0	77.0	77.0	75.0	75.0	75.0	73.0	73.0	73.0	73.0	71.0	71.0	70.0	70.0	70.0	70.0
18:23:30:0	71.0	71.0	71.0	71.0	73.0	73.0	76.0	76.0	76.0	76.0	77.0	77.0	77.0	77.0	77.0	77.0	77.0	77.0
18:23:35:0	77.0	76.0	76.0	76.0	76.0	76.0	76.0	77.0	77.0	77.0	78.0	78.0	78.0	78.0	79.0	79.0	79.0
18:23:40:0	79.0	79.0	79.0	79.0	79.0	79.0	80.0	80.0	80.0	80.0	79.0	79.0	79.0	79.0	77.0	77.0	77.0	77.0	76.0	76.0	76.0
18:23:45:0	76.0	74.0	74.0	74.0	74.0	73.0	73.0	73.0	73.0	73.0	73.0	73.0	73.0	73.0	74.0	74.0	74.0	74.0	73.0	73.0
18:23:50:0	73.0	73.0	74.0	74.0	74.0	74.0	74.0	74.0	74.0	74.0	73.0	73.0	73.0	73.0	72.0	72.0	72.0	72.0	72.0
18:23:55:0	72.33333333333333	72.66666666666666	72.99999999999999	73.0	75.0	75.0	75.0	75.0	76.0	76.5
18:24:0:0	77.0	77.0	76.0	76.0	76.0	75.0	75.0	75.0	75.0	73.0	73.0	73.0	71.0	71.0	71.0	71.0	70.0	70.0
18:24:5:0	70.0	70.0	70.0	72.0	72.0	72.0	72.0	72.0	72.0	72.0	72.0	72.0	72.0	72.0	72.0	72.0	72.0	72.0	72.0	71.0
18:24:10:0	71.0	71.0	71.0	71.0	71.0	71.0	71.0	71.0	71.0	71.0	71.0	71.0	71.0	71.0
18:24:15:0	71.0	71.0	71.0	71.0	71.0	71.0	72.0	72.0	72.0	72.0	72.0	72.0	72.0	73.0	73.0	73.0	73.0	73.0	73.0	73.0	73.0
18:24:20:0	73.0	73.0	73.0	73.0	73.0	73.0	73.0	73.0	73.0	73.0	73.0	73.0	73.0	73.0	73.0	73.0	73.0	73.0	73.0
18:24:25:0	73.0	73.0	73.0	73.0	73.0	73.0	73.0	73.0	73.0	72.0	72.0	72.0	72.0	72.0	72.0
18:24:30:0	72.0	72.0	72.0	72.0	72.0	72.0	72.0	72.0	72.0	72.0	72.0	72.0	72.0	72.0
18:24:35:0	72.0	72.0	72.0	72.0	72.0	72.0	73.0	73.0	73.0	73.0	73.0	73.0	73.0	73.0	73.0	73.0	73.0	73.0	73.0	73.0
18:24:40:0	73.0	73.0	73.0	72.0	72.0	72.0	72.0	71.0	71.0	71.0	71.0	71.0	71.0	71.0	71.0	71.0	71.0	71.0	71.0	71.0
18:24:45:0	71.0	71.0	71.0	71.0	71.0	71.0	71.0	71.0	71.0	71.0	71.0	71.0	71.0	71.0	70.0	70.0	70.0	70.0
18:24:50:0	69.0	69.0	69.0	69.0	70.0	70.0	70.0	70.0	70.0	70.0	70.0	70.0	70.0	71.0	71.0	71.0	71.0	71.0	71.0	71.0	71.0
18:24:55:0	71.0	71.0	71.0	71.0	71.0	71.0	71.0	71.0	71.0	71.0	71.0	71.0	71.0	71.0	71.0	71.0	71.0	71.0	71.0
18:25:0:0	71.0	70.0	70.0	70.0	70.0	70.0	70.0	70.0	70.0	69.0	69.0	69.0	69.0	70.0	70.0	70.0	70.0	71.0	71.0	71.0
18:25:5:0	71.0	71.0	71.0	71.0	71.0	71.0	71.0	71.0	71.0	71.0	71.0	71.0	71.0	71.0	71.0	71.0	71.0	71.0	71.0	71.0
18:25:10:0	71.0	71.0	71.0	71.0	71.0	71.0	71.0	71.0	70.0	70.0	70.0	70.0	70.0	70.0	71.0	71.0
18:25:15:0	71.0	71.0	73.0	73.0	73.0	73.0	74.0	74.0	74.0	74.0	74.0	76.0	76.0	76.0	76.0	77.0	77.0	77.0	77.0	78.0
18:25:20:0	78.0	78.0	78.0	77.0	77.0	77.0	77.0	76.0	76.0	76.0	76.0	74.0	74.0	74.0	74.0	73.0	73.0	73.0	73.0	73.0	73.0
