16:22:48:0	81.0	81.0	81.0	79.0	79.0	79.0	77.0	77.0	77.0	77.0	75.0	75.0	75.0	74.0	74.0	74.0
16:22:53:0	74.0	74.0	74.0	74.0	74.0	74.0	74.0	75.0	75.0	75.0	75.0	76.0	76.0	76.0	76.0	76.0	76.0	76.0	76.0	76.0
16:22:58:0	76.0	76.0	76.0	75.0	75.0	75.0	74.0	74.0	74.0	74.0	74.0	74.0	74.0	74.0	74.0	74.0	74.0
16:23:3:0	74.0	74.0	74.0	74.0	75.0	75.0	75.0	75.0	75.0	75.0	75.0	75.0	75.0	75.0	75.0	75.0	75.0	76.0	76.0	76.0
16:23:8:0	76.0	76.0	76.0	76.0	76.0	76.0	76.0	76.0	76.0	76.0	76.0	76.0	76.0	76.0	76.0	76.0	76.0	77.0	77.0	77.0
16:23:13:0	77.0	77.0	77.0	77.0	77.0	77.0	77.0	77.0	77.0	76.0	76.0	76.0	76.0	76.0	76.0	76.0	76.0	75.0	75.0
16:23:18:0	75.0	75.0	76.0	76.0	76.0	76.0	76.0	76.0	76.0	77.0	77.0	77.0	77.0	77.0	77.0	77.0	77.0	76.0	76.0
16:23:23:0	76.0	76.0	76.0	75.0	75.0	75.0	75.0	74.0	74.0	74.0	74.0	74.0	74.0	74.0	74.0	74.0	74.0	74.0	74.0	74.0
16:23:28:0	74.0	74.0	74.0	75.0	75.0	75.0	75.0	75.0	75.0	75.0	76.0	76.0	76.0	76.0	76.0	76.0	76.0	76.0	76.0
16:23:33:0	76.0	76.0	76.0	76.0	76.0	76.0	76.0	76.0	76.0	76.0	76.0	76.0	76.0	76.0	76.0	76.0	76.0	76.0	76.0	76.0
16:23:38:0	76.5	77.0	77.0	77.0	77.0	78.0	78.0	78.0	78.0	78.0	78.0	78.0	78.0	78.0	78.0	78.0
16:23:43:0	78.0	79.0	79.0	79.0	79.0	79.0	79.0	79.0	79.0	79.0	79.0	79.0	79.0	79.0	79.0	79.0	79.0	79.0	79.0	79.0
16:23:48:0	79.0	79.0	79.0	79.0	78.0	78.0	78.0	78.0	77.0	77.0	77.0	77.0	75.0	75.0	75.0	75.0	75.0	75.0	75.0
16:23:53:0	75.0	75.0	75.0	75.0	75.0	75.0	75.0	75.0	75.0	76.0	76.0	76.0	76.0	76.0	77.0	77.0	77.0	77.0	77.0	77.0
16:23:58:0	77.0	77.0	77.0	77.0	77.0	77.0	76.0	76.0	76.0	76.0	75.0	75.0	75.0	74.0	74.0	74.0	74.0	74.0
16:24:3:0	74.0	74.0	74.0	74.0	74.0	75.0	75.0	75.0	75.0	75.0	75.0	75.0	76.0	76.0	76.0	76.0
16:24:8:0	76.0	76.0	76.0	76.0	76.0	76.0	76.0	76.0	76.0	76.0	76.0	75.0	75.0	75.0	75.0	75.0	75.0	75.0	75.0
16:24:13:0	74.0	74.0	74.0	73.0	73.0	73.0	74.0	74.0	74.0	74.0	75.0	75.0	75.0	76.0	76.0	76.0	76.0	77.0
16:24:18:0	77.0	77.0	78.0	78.0	78.0	78.0	78.0	78.0	78.0	78.0	77.0	77.0	77.0	77.0	77.0	77.0	77.0	77.0	77.0
16:24:23:0	76.0	76.0	76.0	76.0	76.0	76.0	76.0	76.0	77.0	77.0	77.0	78.0	78.0	78.0	78.0	78.0
16:24:28:0	78.0	79.0	79.0	79.0	79.0	79.0	79.0	79.0	79.0	79.0	79.0	79.0	79.0	79.0	79.0	78.0	78.0
16:24:33:0	78.0	77.0	77.0	77.0	77.0	76.0	76.0	76.0	76.0	76.0	76.0	76.0	76.0	76.0	76.0	76.0	77.0	77.0	77.0
16:24:38:0	77.0	78.0	78.0	78.0	78.0	79.0	79.0	79.0	79.0	79.0	79.0	79.0	79.0	79.0	79.0	79.0	79.0	79.0	79.0	79.0
16:24:43:0	79.0	79.0	78.0	78.0	78.0	78.0	78.0	78.0	78.0	78.0	78.0	78.0	78.0	78.0	78.0	78.0	78.0	78.0
16:24:48:0	78.0	78.0	78.0	78.0	78.0	78.0	79.0	79.0	79.0	79.0	79.0	79.0	79.0	79.0	79.0	79.0	79.0
16:24:53:0	79.0	79.0	79.0	78.0	78.0	78.0	78.0	77.0	77.0	77.0	77.0	76.0	76.0	76.0	76.0	75.0	75.0	75.0	75.0	75.0
16:24:58:0	75.0	75.0	75.0	76.0	76.0	76.0	76.0	76.0	76.0	76.0	76.0	76.0	77.0	77.0	77.0	78.0	78.0	78.0
16:25:3:0	79.0	79.0	79.0	79.0	79.0	79.0	79.0	79.0	79.0	79.0	78.0	78.0	78.0	78.0	78.0	78.0	78.0	78.0
16:25:8:0	77.0	77.0	77.0	77.0	77.0	77.0	77.0	77.0	77.0	77.0	77.0	77.0	77.0	77.0	77.0	77.0	78.0	78.0	78.0	78.0
16:25:13:0	78.0	78.0	78.0	79.0	79.0	79.0	79.0	79.0	79.0	79.0	79.0	79.0	79.0	78.0	78.0	78.0
16:25:18:0	78.0	77.0	77.0	77.0	77.0	76.0	76.0	76.0	76.0	76.0	76.0	76.0	76.0	76.0	76.0	76.0	76.0
16:25:23:0	76.0	76.0	77.0	77.0	77.0	77.0	77.0	77.0	77.0	77.0	77.0	77.0	77.0	77.0	77.0	77.0	77.0	77.0	77.0	76.0	76.0
16:25:28:0	76.0	76.0	76.0	76.0	76.0	76.0	75.0	75.0	75.0	75.0	75.0	75.0	75.0	75.0	75.0	75.0	75.0	75.0	76.0
16:25:33:0	76.0	76.0	76.0	76.0	76.0	77.0	77.0	77.0	77.0	77.0	77.0	77.0	77.0	77.0
16:25:38:0	77.0	77.0	77.0	77.0	77.0	77.0	77.0	77.0	77.0	77.0	77.0	77.0	77.0	77.0	76.0	76.0	76.0	76.0	75.0
16:25:43:0	75.0	75.0	75.0	75.0	75.0	75.0	75.0	75.0	75.0	75.0	75.0	75.0	75.0	75.0	74.0	74.0	74.0	74.0
16:25:48:0	74.0	74.0	74.0	74.0	74.0	74.0	74.0	74.0	74.0	74.0	74.0	74.0	74.0	74.0	74.0	74.0	74.0	73.0	73.0	73.0
16:25:53:0	73.0	73.0	73.0	73.0	73.0	74.0	74.0	74.0	74.0	74.0	74.0	74.0	74.0	74.0	74.0	74.0	74.0	74.0	74.0	74.0
16:25:58:0	74.0	74.0	74.0	74.0	74.0	74.0	74.0	74.0	75.0	75.0	75.0	76.0	76.0	76.0	79.0	79.0
16:26:3:0	79.0	79.0	79.0	79.0	79.0	79.0	79.0	79.0	79.0	79.0	79.0	79.0	79.0	79.0	77.0	77.0	77.0	77.0	76.0	76.0
16:26:8:0	76.0	76.0	75.0	75.0	75.0	75.0	74.0	74.0	74.0	74.0	75.0	75.0	75.0	75.0	76.0	76.0	76.0	76.0	77.0
16:26:13:0	77.0	77.0	77.0	77.0	77.0	77.0	77.0	78.0	78.0	78.0	78.0	77.0	77.0	77.0	77.0	77.0	77.0	76.0
16:26:18:0	76.0	76.0	76.0	75.0	75.0	75.0	75.0	75.0	75.0	75.0	75.0	75.0	75.0	75.0	75.0	75.0	75.0	75.0	75.0
16:26:23:0	75.0	75.0	75.0	75.0	75.0	75.0	75.0	75.0	75.0	75.0	75.0	75.0	75.0	75.0	75.0
16:26:28:0	75.0	75.0	75.0	75.0	75.0	75.0	75.0	75.0	75.0	76.0	76.0	76.0	76.0	75.0	75.0	75.0	75.0	75.0
16:26:33:0	75.0	75.0	75.0	75.0	75.0	75.0	75.0	75.0	75.0	75.0	75.0	75.0	76.0	76.0	76.0	76.0	76.0	76.0	76.0
16:26:38:0	76.0	76.0	76.0	76.0	76.0	76.0	76.0	76.0	76.0	76.0	76.0	76.0	76.0	76.0	76.0	76.0	76.0	76.0
16:26:43:0	76.0	76.0	76.0	76.0	76.0	76.0	76.0	76.0	76.0	76.0	76.0	76.0	76.0	77.0	77.0	77.0	77.0	77.0	77.0
16:26:48:0	77.0	77.0	77.0	77.0	77.0	77.0	77.0	77.0	77.0	77.0	77.0	77.0	77.0	77.0	77.0	76.0	76.0
16:26:53:0	76.0	76.0	76.0	76.0	76.0	76.0	75.0	75.0	75.0	75.0	75.0	74.0	74.0	74.0	73.0	73.0	73.0	72.0
16:26:58:0	72.0	72.0	72.0	72.0	72.0	72.0	71.0	71.0	71.0	71.0	71.0	71.0	71.0	71.0	71.0	71.0	71.0	71.0	71.0
16:27:3:0	71.0	71.0	71.0	71.0	72.0	72.0	72.0	72.0	72.0	72.0	72.0	72.0	72.0	72.0	72.0	72.0	72.0	72.0	72.0	72.0	73.0
16:27:8:0	73.0	73.0	73.0	73.0	73.0	73.0	73.0	73.0	74.0	74.0	74.0	74.0	74.0	74.0	74.0	74.0	74.0
16:27:13:0	74.0	74.0	74.0	75.0	75.0	75.0	75.0	75.0	75.0	75.0	75.0	76.0	76.0	76.0	76.0	76.0	76.0	76.0
16:27:18:0	76.0	75.0	75.0	75.0	75.0	75.0	75.0	75.0	75.0	75.0	75.0	75.0	75.0	75.0	75.0	75.0	75.0	74.0	74.0
16:27:23:0	74.0	74.0	74.0	74.0	74.0	74.0	74.0	74.0	74.0	74.0	74.0	74.0	74.0	74.0	74.0	74.0	74.0	74.0	74.0	74.0
16:27:28:0	74.0	74.0	74.0	74.0	74.0	74.0	75.0	75.0	75.0	75.0	75.0	75.0	75.0	75.0	75.0	75.0	74.0
16:27:33:0	74.0	74.0	74.0	74.0	74.0	74.0	73.0	73.0	73.0	72.0	72.0	72.0	71.0	71.0	71.0	72.0	72.0
16:27:38:0	72.0	72.0	73.0	73.0	73.0	73.0	74.0	74.0	74.0	74.0	74.0	74.0	74.0	74.0	74.0	73.0	73.0	73.0	73.0
16:27:43:0	73.0	73.0	73.0	73.0	73.0	73.0	73.0	74.0	74.0	74.0	74.0	74.0	74.0	74.0	74.0	75.0	75.0	75.0
16:27:48:0	75.0	76.0	76.0	76.0	77.0	77.0	77.0	77.0	78.0	78.0	78.0	78.0	79.0	79.0	79.0	79.0	79.0	79.0	79.0	79.0	79.0
16:27:53:0	79.0	79.0	79.0	79.0	78.0	78.0	78.0	78.0	77.0	77.0	77.0	77.0	76.0	76.0	76.0	76.0	75.0	75.0	75.0	75.0
16:27:58:0	74.0	74.0	74.0	74.0	74.0	74.0	74.0	74.0	74.0	74.0	74.0	74.0	74.0	74.0	74.0	74.0
16:28:3:0	74.0	75.0	75.0	75.0	75.0	76.0	76.0	76.0	76.0	77.0	77.0	77.0	77.0	77.0	78.0	78.0	78.0	78.0	77.0	77.0
16:28:8:0	77.0	77.0	77.0	77.0	77.0	77.0	76.0	76.0	76.0	75.0	75.0	75.0	75.0	75.0	75.0	75.0	75.0	76.0
16:28:13:0	76.0	76.0	76.0	76.0	76.0	76.0	76.0	76.0	76.0	76.0	76.0	76.0	76.0	76.0	75.0	75.0	75.0	75.0	74.0	74.0
16:28:18:0	74.0	74.0	73.0	73.0	73.0	73.0	73.0	73.0	73.0	73.0	73.0	73.0	73.0	73.0	74.0	74.0	75.0
16:28:23:0	75.0	75.0	75.0	75.0	75.0	76.0	76.0	76.0	76.0	76.0	76.0	76.0	76.0	76.0	75.0	75.0	75.0	75.0	75.0
16:28:28:0	75.0	75.0	75.0	75.0	75.0	75.0	75.0	75.0	75.0	75.0	75.0	75.0	75.0	75.0	75.0
16:28:33:0	75.0	75.0	75.0	76.0	76.0	76.0	76.0	75.0	75.0	75.0	75.0	75.0	75.0	75.0	75.0	75.0	75.0	75.0	75.0
16:28:38:0	75.0	75.0	75.0	75.0	75.0	75.0	75.0	75.0	76.0	76.0	76.0	76.0	76.0	76.0	76.0	76.0
16:28:43:0	76.0	76.0	76.0	76.0	76.0	76.0	76.0	75.0	75.0	75.0	75.0	75.0	75.0	76.0	76.0
16:28:48:0	76.0	76.0	76.0	76.0	76.0	76.0	76.0	76.0	76.0	76.0	76.0	76.0	76.0	76.0	76.0	76.0	76.0	76.0	76.0
16:28:53:0	76.0	76.0	76.0	76.0	76.0	76.0	76.0	76.0	76.0	76.0	76.0	76.0	76.0	76.0	76.0	76.0	76.0	76.0	76.0	76.0
16:28:58:0	76.0	76.0	76.0	77.0	77.0	77.0	77.0	77.0	77.0	77.0	77.0	77.0	77.0	77.0	77.0	77.0	77.0	77.0	77.0
16:29:3:0	77.0	77.0	77.0	77.0	77.0	77.0	77.0	77.0	77.0	77.0	77.0	77.0	77.0	77.0	77.0	77.0	77.0	77.0	77.0
16:29:8:0	77.0	77.0	77.0	76.0	76.0	76.0	76.0	75.0	75.0	75.0	75.0	75.0	75.0	75.0	75.0	75.0
16:29:13:0	76.0	76.0	76.0	76.0	76.0	76.0	76.0	76.0	76.0	76.0	76.0	76.0	76.0	76.0	76.0	76.0	76.0	76.0	76.0	76.0
16:29:18:0	76.0	76.0	76.0	76.0	76.0	76.0	75.0	75.0	75.0	75.0	75.0	75.0	75.0	74.0	74.0	74.0	74.0
16:29:23:0	74.0	74.0	74.0	74.0	74.0	74.0	74.0	74.0	74.0	74.0	74.0	74.0	74.0	75.0	75.0	75.0	75.0	75.0	75.0	75.0
16:29:28:0	75.0	76.0	76.0	76.0	76.0	76.0	76.0	76.0	76.0	77.0	77.0	77.0	77.0	77.0	77.0	77.0	77.0	77.0	77.0
16:29:33:0	77.0	77.0	77.0	77.0	77.0	78.0	78.0	78.0	78.0	78.0	78.0	78.0	78.0	79.0	79.0
16:29:38:0	79.0	79.0	79.0	79.0	79.0	79.0	79.0	79.0	79.0	79.0	79.0	79.0	79.0	79.0	77.0	77.0	77.0	77.0	77.0	76.0
16:29:43:0	76.0	76.0	76.0	75.0	75.0	75.0	75.0	76.0	76.0	76.0	76.0	77.0	77.0	77.0	77.0	78.0	78.0	78.0	78.0	79.0
16:29:48:0	79.0	79.0	79.0	78.0	78.0	78.0	78.0	78.0	78.0	78.0	78.0	76.0	76.0	76.0	75.0	75.0	75.0	75.0
16:29:53:0	75.0	75.0	75.0	76.0	76.0	76.0	76.0	77.0	77.0	77.0	77.0	77.0	78.0	78.0	78.0	78.0	78.0	78.0
16:29:58:0	78.0	78.0	78.0	78.0	78.0	78.0	78.0	78.0	77.0	77.0	77.0	77.0	76.0	76.0	76.0	76.0	76.0	76.0	76.0	76.0
16:30:3:0	76.0	76.0	76.0	76.0	76.0	76.0	76.0	76.0	76.0	77.0	77.0	77.0	77.0	77.0	77.0	77.0	77.0	78.0	78.0
16:30:8:0	78.0	77.0	77.0	77.0	77.0	77.0	77.0	77.0	76.0	76.0	76.0	75.0	75.0	75.0	75.0	74.0	74.0	74.0
16:30:13:0	74.0	74.0	74.0	74.0	74.0	74.0	74.0	74.0	74.0	75.0	75.0	75.0	76.0	76.0	76.0	76.0	76.0
16:30:18:0	76.0	76.0	77.0	77.0	77.0	77.0	77.0	77.0	77.0	77.0	77.0	77.0	77.0	77.0	77.0	77.0	78.0	78.0
16:30:23:0	78.0	79.0	79.0	79.0	79.0	79.0	79.0	79.0	79.0	79.0	79.0	79.0	79.0	79.0	79.0	79.0	79.0	79.0	80.0
16:30:28:0	80.0	80.0	80.0	80.0	80.0	80.0	80.0	81.0	81.0	81.0	81.0	81.0	81.0	81.0	81.0	81.0	81.0	80.0
16:30:33:0	80.0	80.0	80.0	80.0	80.0	80.0	79.0	79.0	79.0	79.0	79.0	79.0	79.0	79.0	79.0	79.0	79.0	79.0
16:30:38:0	80.0	80.0	80.0	80.0	80.0	80.0	80.0	80.0	79.0	79.0	79.0	79.0	79.0	79.0	79.0	79.0	79.0	79.0	79.0	79.0
16:30:43:0	79.0	79.0	79.0	80.0	80.0	80.0	81.0	81.0	81.0	82.0	82.0	82.0	82.0	84.0
16:30:48:0	84.0	85.0	85.0	85.0	85.0	86.0	86.0	86.0	86.0	86.0	86.0	85.0	85.0	85.0	85.0	83.0	83.0	83.0
16:30:53:0	83.0	83.0	82.0	82.0	82.0	82.0	80.0	80.0	80.0	80.0	79.0	79.0	79.0	79.0	79.0	79.0	79.0	79.0	79.0	79.0	79.0
16:30:58:0	79.0	79.0	79.0	79.0	79.0	79.0	78.0	78.0	78.0	78.0	77.0	77.0	77.0	77.0	77.0	77.0
16:31:3:0	77.0	77.0	78.0	78.0	78.0	78.0	79.0	79.0	79.0	79.0	79.0	79.0	79.0	79.0	79.0	79.0	79.0	79.0	78.0
16:31:8:0	78.0	78.0	76.0	76.0	76.0	75.0	75.0	75.0	74.0	74.0	74.0	74.0	74.0	74.0	74.0	74.0	74.0	75.0
16:31:13:0	75.0	75.0	75.0	75.0	75.0	76.0	76.0	76.0	76.0	76.0	76.0	76.0	76.0	76.0	76.0	76.0	76.0	76.0
16:31:18:0	76.0	76.0	76.0	76.0	75.0	75.0	75.0	75.0	75.0	75.0	75.0	75.0	75.0	75.0	75.0	75.0	75.0	75.0	75.0	75.0
16:31:23:0	76.0	76.0	76.0	76.0	76.0	76.0	76.0	76.0	77.0	77.0	77.0	77.0	77.0	77.0	77.0	77.0
16:31:28:0	77.0	76.0	76.0	76.0	76.0	75.0	75.0	75.0	75.0	75.0	75.0	75.0	76.0	76.0	76.0	76.0	77.0	77.0
16:31:33:0	77.0	78.0	78.0	78.0	78.0	78.0	78.0	78.0	78.0	78.0	78.0	77.0	77.0	77.0	77.0	76.0	76.0	76.0
16:31:38:0	76.0	76.0	76.0	76.0	76.0	76.0	76.0	76.0	76.0	76.0	76.0	76.0	76.0	76.0	76.0	76.0	76.0	76.0	76.0
16:31:43:0	76.0	76.0	77.0	77.0	77.0	77.0	77.0	78.0	78.0	78.0	78.0	78.0	78.0	78.0	78.0	78.0	78.0	78.0	77.0	77.0
16:31:48:0	77.0	77.0	77.0	77.0	77.0	77.0	77.0	77.0	77.0	77.0	77.0	77.0	77.0	77.0	77.0	77.0
16:31:53:0	77.0	77.0	77.0	77.0	77.0	77.0	77.0	77.0	77.0	76.0	76.0	76.0	76.0	76.0	76.0
16:31:58:0	76.0	76.0	76.0	76.0	76.0	76.0	76.0	76.0	76.0	76.0	76.0	76.0	77.0	77.0	77.0	77.0	77.0	77.0	77.0	77.0	77.0
16:32:3:0	77.0	77.0	77.0	77.0	77.0	77.0	77.0	76.0	76.0	76.0	75.0	75.0	75.0	74.0	74.0	74.0
16:32:8:0	74.0	74.0	74.0	74.0	74.0	74.0	74.0	74.0	74.0	74.0	74.0	74.0	74.0	75.0	75.0	75.0	75.0	74.0	74.0	74.0
16:32:13:0	74.0	74.0	74.0	74.0	74.0	73.0	73.0	73.0	73.0	73.0	73.0	73.0	73.0	73.0	73.0	73.0	73.0	73.0	74.0	74.0	74.0
16:32:18:0	74.0	74.0	74.0	75.0	75.0	75.0	75.0	75.0	75.0	75.0	75.0	75.0	75.0	76.0	76.0	76.0
16:32:23:0	76.0	76.0	76.0	76.0	76.0	76.0	76.0	76.0	76.0	76.0	75.0	75.0	75.0	75.0	75.0	75.0	75.0	74.0	74.0
16:32:28:0	74.0	74.0	74.0	74.0	74.0	74.0	74.0	74.0	74.0	74.0	74.0	74.0	74.0	74.0	74.0	74.0	74.0	74.0
16:32:33:0	74.0	74.0	74.0	74.0	74.0	74.0	74.0	75.0	75.0	75.0	75.0	75.0	75.0	75.0	75.0
16:32:38:0	75.0	75.0	75.0	75.0	75.0	75.0	75.0	75.0	75.0	75.0	75.0	75.0	75.0	75.0	75.0	75.0	75.0	75.0	75.0
16:32:43:0	75.0	75.0	75.0	74.0	74.0	74.0	74.0	74.0	74.0	74.0	74.0	74.0	74.0	74.0	74.0	74.0	74.0
