15:1:16:0	76.0	76.0	76.0	76.0	76.0	76.0	76.0	76.0	75.0	75.0	75.0	75.0	75.0	75.0	74.0
15:1:21:0	74.0	74.0	74.0	74.0	74.0	76.0	76.0	76.0	78.0	78.0	78.0	78.0	78.0	79.0	79.0	79.0	79.0	81.0	81.0
15:1:26:0	81.0	81.0	81.0	81.0	81.0	81.0	79.0	79.0	79.0	79.0	78.0	78.0	78.0	76.0	76.0	76.0	76.0	74.0	74.0	74.0
15:1:31:0	74.0	74.0	73.0	73.0	73.0	73.0	74.0	74.0	76.0	76.0	76.0	76.0	78.0	78.0	78.0	80.0	80.0
15:1:36:0	80.0	80.0	82.0	82.0	82.0	82.0	82.0	83.0	83.0	83.0	83.0	83.0	83.0	82.0	82.0	82.0	82.0
15:1:41:0	81.0	81.0	81.0	79.0	79.0	79.0	78.0	78.0	78.0	78.0	78.0	78.0	78.0	79.0	79.0	79.0
15:1:46:0	81.0	81.0	81.0	81.0	83.0	83.0	83.0	83.0	84.0	84.0	84.0	84.0	84.0	84.0	84.0	84.0	84.0	83.0	83.0	83.0
15:1:51:0	82.0	82.0	82.0	82.0	81.0	81.0	81.0	81.0	79.0	79.0	79.0	79.0	78.0	78.0	78.0	78.0	78.0	78.0
15:1:56:0	78.0	79.0	79.0	79.0	79.0	81.0	81.0	81.0	82.0	82.0	82.0	82.0	84.0	84.0	84.0	84.0	84.0	84.0	84.0
15:2:1:0	84.0	83.0	83.0	83.0	83.0	82.0	82.0	82.0	82.0	82.0	82.0	80.0	80.0	80.0	80.0	80.0
15:2:6:0	81.0	81.0	81.0	82.0	82.0	82.0	82.0	84.0	84.0	84.0	84.0	86.0	86.0	86.0	86.0	87.0	87.0
15:2:11:0	87.0	88.0	88.0	88.0	89.0	89.0	89.0	89.0	89.0	89.0	89.0	89.0	89.0	88.0
15:2:16:0	88.0	88.0	87.0	87.0	87.0	86.0	86.0	86.0	85.0	85.0	85.0	85.0	84.0	84.0	84.0	84.0	84.0	84.0
15:2:21:0	84.0	84.0	85.0	86.0	86.0	86.0	86.0	86.0	86.0	86.0	86.0	85.0	85.0	85.0	85.0	84.0
15:2:26:0	84.0	84.0	84.0	82.0	82.0	82.0	81.0	81.0	81.0	81.0	80.0	80.0	80.0	79.0	79.0	79.0
15:2:31:0	79.0	79.0	79.0	79.0	80.0	80.0	80.0	80.0	80.0	80.0	80.0	81.0	81.0	81.0	81.0	81.0	81.0	81.0	81.0
15:2:36:0	81.0	81.0	81.0	81.0	81.0	80.0	80.0	80.0	80.0	79.0	79.0	79.0	79.0	79.0	79.0	80.0	80.0	80.0
15:2:41:0	80.0	81.0	81.0	81.0	81.0	82.0	82.0	82.0	82.0	82.0	82.0	82.0	83.0	83.0	83.0	83.0	83.0	83.0	83.0
15:2:46:0	83.0	83.0	83.0	83.0	83.0	83.0	83.0	83.0	83.0	83.0	81.0	81.0	81.0	80.0	80.0	80.0	80.0	78.0	78.0
15:2:51:0	78.0	76.0	76.0	76.0	76.0	76.0	76.0	76.0	76.0	76.0	76.0	76.0	76.0	76.0	76.0	76.0	77.0	77.0
15:2:56:0	77.0	77.0	78.0	78.0	78.0	78.0	78.0	78.0	78.0	79.0	79.0	79.0	79.0	79.0	79.0	79.0
15:3:1:0	79.0	79.0	79.0	80.0	80.0	80.0	81.0	81.0	81.0	81.0	82.0	82.0	82.0	82.0	83.0	83.0	83.0	83.0	83.0
15:3:6:0	83.0	83.0	83.0	83.0	83.0	83.0	83.0	83.0	82.0	82.0	82.0	82.0	81.0	81.0	81.0	81.0	79.0
15:3:11:0	79.0	79.0	79.0	79.0	79.0	79.0	79.0	79.0	79.0	79.0	79.0	79.0	79.0	79.0	80.0	80.0	80.0
15:3:16:0	80.0	80.0	80.0	80.0	80.0	80.0	80.0	80.0	80.0	80.0	80.0	80.0	80.0	80.0	80.0	80.0
15:3:21:0	80.0	80.0	80.0	80.0	80.0	82.0	82.0	82.0	82.0	83.0	83.0	83.0	83.0	84.0	84.0	84.0	85.0	85.0	85.0
15:3:26:0	85.0	85.0	85.0	85.0	85.0	85.0	83.0	83.0	83.0	83.0	82.0	82.0	82.0	82.0	80.0	80.0	80.0	80.0	79.0	79.0	79.0
15:3:31:0	79.0	80.0	80.0	80.0	80.0	81.0	81.0	81.0	81.0	83.0	84.0	84.0	84.0	84.0	86.0
15:3:36:0	86.0	86.0	86.0	86.0	86.0	87.0	87.0	87.0	87.0	87.0	87.0	87.0	87.0	87.0	87.0	87.0	86.0
15:3:41:0	86.0	86.0	86.0	86.0	86.0	86.0	86.0	84.0	84.0	84.0	84.0	83.0	83.0	83.0	83.0	81.0	81.0	81.0	81.0	81.0	79.0
15:3:46:0	79.0	79.0	79.0	79.0	79.0	79.0	79.0	79.0	79.0	81.0	81.0	81.0	81.0	82.0	82.0	82.0
15:3:51:0	84.0	84.0	84.0	84.0	86.0	86.0	86.0	86.0	87.0	87.0	87.0	87.0	89.0	89.0	89.0	89.0	89.0	89.0	89.0	89.0
15:3:56:0	90.0	90.0	90.0	90.0	90.0	90.0	90.0	90.0	91.0	91.0	91.0	91.0	91.0	91.0	91.0	91.0	91.0	90.0	90.0	90.0
15:4:1:0	89.0	88.0	88.0	88.0	88.0	87.0	87.0	87.0	86.0	86.0	86.0	86.0	86.0	85.0	85.0	85.0
15:4:6:0	85.0	84.0	84.0	84.0	84.0	84.0	84.0	84.0	84.0	84.0	84.0	84.0	84.0	84.0	84.0	84.0
15:4:11:0	84.0	84.0	84.0	84.0	84.0	84.0	85.0	85.0	85.0	85.0	86.0	86.0	86.0	86.0	87.0	87.0	87.0	87.0
15:4:16:0	87.0	87.0	86.0	86.0	86.0	86.0	86.0	86.0	86.0	86.0	85.0	85.0	85.0	85.0	84.0	84.0	84.0	84.0	82.0	82.0
15:4:21:0	81.0	81.0	81.0	79.0	79.0	79.0	79.0	80.0
15:4:26:0	81.0	82.0	82.0	82.0	82.0	82.0	82.0	81.0	81.0	81.0	81.0	81.0	81.0
15:4:31:0	81.0	81.0	81.0	81.0	81.0	81.0	81.0	81.0	81.0	81.0	81.0	82.0	82.0	82.0	82.0	83.0	83.0	83.0
15:4:36:0	85.0	85.0	87.0	87.0	87.0	90.0	90.0	90.0	90.0	92.0	92.0	92.0	92.0	93.0	93.0	93.0	93.0
15:4:41:0	94.0	94.0	94.0	95.0	95.0	95.0	94.0	94.0	94.0	94.0	94.0	94.0	92.0
15:4:46:0	92.0	91.0	91.0	89.0	89.0	87.0	87.0	84.0	84.0	84.0	84.0	84.0	83.0	83.0	83.0
15:4:51:0	82.0	82.0	82.0	82.0	81.0	81.0	81.0	81.0	81.0	82.0	82.0	82.0	82.0	82.0
15:4:56:0	82.0	83.0	83.5	84.0	84.0	84.0	84.0	85.0	85.0	85.0	85.0	86.0
15:5:1:0	86.0	86.0	86.0	86.0	86.0	86.0	86.0	86.0	86.0	86.0	85.0	85.0	85.0	84.0	84.0
15:5:6:0	83.0	83.0	83.0	83.0	85.0	85.0	85.0	85.0	86.0	86.0	87.0	87.0	87.0	87.0
15:5:11:0	87.0	87.0	87.0	85.5	84.0	84.0	84.0	84.0	82.0	82.0	82.0	82.0	82.0
15:5:16:0	81.0	81.0	81.0	81.0	79.0	79.0	79.0	79.0	79.0	79.0	79.0	79.0	79.0	79.0	79.0	79.0	79.0	79.0	79.0
15:5:21:0	79.0	79.0	79.0	77.0	77.0	77.0	77.0	77.0	77.0	78.0	78.0	78.0	80.0	80.0	80.0
15:5:26:0	82.0	82.0	84.0	84.0	84.0	85.0	85.0	85.0	86.0	86.0	86.0	86.0
15:5:31:0	86.0	86.0	86.0	86.0	85.0	85.0	85.0	84.0	84.0	84.0	84.0	84.0
15:5:36:0	84.0	84.0	84.0	84.0	84.0	85.0	85.0	85.0	85.0	86.0	86.0	86.0	87.0	87.0	88.0
15:5:41:0	88.0	88.0	88.0	88.0	89.0	89.0	89.0	89.0	88.0	88.0	88.0	88.0	87.0	87.0	87.0	85.0	85.0
15:5:46:0	85.0	85.0	84.0	84.0	84.0	84.0	84.0	82.0	82.0	82.0	82.0	82.0	82.0	82.0	82.0	82.0	82.0	82.0
15:5:51:0	82.0	82.0	82.0	83.0	83.0	83.0	83.0	84.0	84.0	84.0	84.0	85.0	85.0	85.0	86.0	85.0
15:5:56:0	85.0	85.0	85.0	84.0	84.0	83.0	83.0	83.0	83.0
15:6:1:0	84.0	85.0	85.0	85.0	86.0	86.0	86.0	87.0	87.0	88.0	88.0
15:6:6:0	89.0	89.0	89.0	89.0	89.0	88.0	88.0	88.0	88.0	87.0	87.0	87.0
15:6:11:0	87.0	87.0	87.0	87.0	87.0	87.0	87.0	88.0	88.0	88.0	88.0	88.0	88.0
15:6:16:0	88.0	88.0	88.0	88.0	88.0	86.0	86.0	85.0	85.0	85.0	85.0	84.0	84.0	84.0	83.0
15:6:21:0	83.0	83.0	82.0	82.0	82.0	82.0	82.0	82.0	82.0	82.0	82.0	82.0	82.0
15:6:26:0	84.0	84.0	84.0	85.0	85.0	86.0	85.0	85.0	85.0	85.0	84.0	84.0	84.0	82.0	82.0
15:6:31:0	82.0	82.0	80.0	80.0	80.0	80.0	78.0	78.0	77.0	77.0	77.0	77.0	77.0	77.0	78.0
15:6:36:0	78.0	78.0	78.0	79.0	79.0	81.0	81.0	81.0	81.0	81.0	81.0	81.0	81.0	81.0
15:6:41:0	80.0	80.0	80.0	80.0	79.0	79.0	79.0	79.0	79.0	79.0	79.0	79.0	79.0	80.0	80.0	80.0	80.0
15:6:46:0	80.0	80.0	80.0	80.0	81.0	80.0	80.0	80.0	80.0	80.0
15:6:51:0	82.0	82.0	82.0	84.0	84.0	84.0	86.0	88.0	88.0	88.0	88.0	88.0	88.0	88.0
15:6:56:0	88.0	88.0	88.0	88.0	88.0	87.0	87.0	87.0	87.0	87.0	85.0	85.0	85.0	85.0	84.0	84.0	84.0
15:7:1:0	82.0	82.0	82.0	82.0	82.0	82.0	82.0	82.0	82.0	82.0	82.0	82.0	82.0	82.0	82.0	82.0	82.0	80.0
15:7:6:0	80.0	79.0	78.0	78.0	78.0	78.0	77.0	77.0	77.0	77.0	77.0	77.0	77.0
15:7:11:0	77.0	78.0	78.5	79.0	79.0	80.0	80.0	80.0	81.0	81.0
15:7:16:0	80.0	80.0	80.0	79.0	79.0	79.0	79.0	78.0	78.0	78.0	76.0	76.0	76.0	76.0
15:7:21:0	77.0	78.0	78.0	78.0	80.0	80.0	80.0	80.0	80.0	80.0	81.0	81.0	81.0
15:7:26:0	80.5	80.0	80.0	79.0	79.0	79.0	79.0	79.0
15:7:31:0	79.0	79.0	80.0	80.0	80.0	82.0	82.0	82.0	83.0	83.0	85.0	85.0
15:7:36:0	85.0	85.0	85.0	85.0	86.0	86.0	87.0	87.0	88.0	88.0	90.0	90.0
15:7:41:0	90.0	91.0	91.0	92.0	93.0	93.0	93.0	93.0	92.0
15:7:46:0	92.0	92.0	92.0	90.0	90.0	90.0	90.0	89.0	89.0	89.0	89.0	89.0	87.0	87.0	87.0	87.0	86.0
15:7:51:0	86.0	86.0	86.0	86.0	86.0	86.0	86.0	85.0	85.0
15:7:56:0	85.0	85.0	83.0	83.0	81.0	81.0	79.0	79.0	79.0	77.0	77.0	76.0
15:8:1:0	76.0	76.0	77.0	77.0	78.0	78.0	79.0	79.0	79.0	80.0	80.0	80.0	80.0
15:8:6:0	80.0	80.0	80.0	80.0	79.0	79.0	79.0	79.0	79.0	79.0	79.0	79.0	79.0	79.5
15:8:11:0	80.0	80.0	80.0	80.0	80.0	80.0	80.0	80.0	80.0	80.0	79.0	79.0	79.0	78.0	78.0
15:8:16:0	78.0	78.0	78.0	79.0	79.0	81.0	81.0	81.0	81.0	82.0
15:8:21:0	82.0	84.0	84.0	85.0	85.0	85.0	86.0	86.0	86.0	85.0	85.0
15:8:26:0	85.0	84.0	84.0	84.0	84.0	84.0	84.0	84.0	85.0	85.0	85.0	85.0
15:8:31:0	85.0	85.0	85.0	85.0	85.0	85.0	84.0	84.0	84.0	84.0	84.0	84.0
15:8:36:0	83.0	83.0	83.0	82.0	82.0	82.0	82.0	82.0	82.0	82.0
15:8:41:0	82.0	82.0	82.0	82.0	82.0	82.0	82.0	82.0	82.0	82.0
15:8:46:0	82.0	82.0	82.0	82.0	82.0	82.0	82.0	83.0	83.0
15:8:51:0	83.0	83.0	84.0	84.0	84.0	83.0	83.0	83.0	83.0
15:8:56:0	83.0	81.0	81.0	81.0	81.0	81.0	81.0	81.0	81.0	82.0	82.0	82.0	82.0	82.0	82.0	82.0	82.0
15:9:1:0	82.0	83.0	83.0	82.0	82.0	82.0	82.0	81.0	81.0	80.0	80.0	80.0
15:9:6:0	80.0	80.0	80.0	80.0	80.0	80.0	80.0	80.0	81.0	81.0	81.0
15:9:11:0	81.0	81.0	81.0	81.0	81.0	81.0	81.0	81.0	81.0	81.0	81.0	81.0	81.0
15:9:16:0	81.0	81.0	81.0	81.0	81.0	81.0	81.0	81.0	81.0	81.0
15:9:21:0	82.0	82.0	82.0	82.0	82.0	83.0	83.0	83.0	83.0
15:9:26:0	84.0	84.0	83.0	83.0	82.0	82.0	81.0
15:9:31:0	81.0	81.0	81.0	81.0	81.0	81.5	82.0	82.0	82.0	82.0	82.0	83.0	83.0	83.0	83.0
15:9:36:0	82.0	82.0	82.0	82.0	80.5	79.0	79.0	79.0	78.5
15:9:41:0	78.0	78.0	78.0	79.0	79.0	81.0	81.0	84.0	84.0	84.0	84.0	84.0	85.0	85.0
15:9:46:0	86.0	86.0	86.0	84.0	83.0	82.0
15:9:51:0	82.0	82.0	82.0	83.0	83.0	83.0	85.0	85.0	85.0	85.0	85.0	85.0
15:9:56:0	85.0	85.0	84.0	84.0	84.0	83.0	83.0	83.0	83.0	83.0	82.0	82.0	82.0	82.0	82.0	82.0	82.0	84.0
15:10:1:0	84.0	84.0	84.0	85.0	85.0	87.0	87.0	87.0	87.0	87.0	87.0	87.0	86.0
15:10:6:0	86.0	86.0	85.0	83.0	83.0	83.8	84.6
15:10:11:0	85.39999999999999	86.19999999999999	86.99999999999999	87.0	87.0	87.0	87.0	87.0
15:10:16:0	85.0	85.0	85.0	84.0	84.0	84.0	84.0	84.0	80.0	80.0	80.0	78.0	78.0	78.0
15:10:21:0	78.0	78.0	81.0	81.0	81.0	83.0	83.0	83.0	84.0	84.0	84.0	84.0	84.0	84.0
15:10:26:0	84.0	82.0	80.0	80.0	80.0	80.0	79.0	79.0	79.0	79.0	79.0	78.0	78.0
15:10:31:0	78.0	78.0	79.0	79.0	79.0	79.0	80.0	80.0	80.66666666666667	81.33333333333334	82.00000000000001	82.0	83.0
15:10:36:0	84.5	86.0	86.0	86.0	88.0	88.0	89.0	89.0	89.0	88.0	88.0
15:10:41:0	88.0	88.0	88.0	88.0	88.0	86.0	86.0	86.0	86.0	85.0	85.0	85.0	85.0	83.0	83.0	83.0	83.0	81.0
15:10:46:0	81.0	81.0	81.0	79.0	79.0	79.0	79.0	79.0	79.0	79.0	79.0	79.0	79.0	79.0	80.0	80.0	80.0	80.0
15:10:51:0	82.0	82.0	82.0	82.0	84.0	84.0	84.0	87.0	87.0	87.0	87.0	90.0	90.0	90.0	90.0	93.0	93.0	93.0	93.0	93.0
15:10:56:0	96.0	96.0	96.0	96.0	95.0	95.0	94.0	94.0	94.0	92.0	91.0	91.0
15:11:1:0	91.0	90.0	90.0	90.0	90.0	88.0	88.0	88.0	87.0	87.0	87.0	87.0	85.0	85.0	85.0	85.0	83.0	83.0	83.0
15:11:6:0	83.0	82.0	82.0	82.0	82.0	82.0	82.0	82.0	82.0	81.0	81.0	81.0	81.0	81.0	81.0	80.0	80.0	80.0
15:11:11:0	80.0	79.0	79.0	79.0	79.0	78.0	78.0	78.0	78.0	76.0	76.0	76.0	76.0	74.0	74.0	74.0	74.0	74.0	74.0	74.0
