16:51:1:0	83.0	83.0	83.0	83.0	83.0	84.0	84.0	84.0	84.0	85.0	85.0	85.0	85.0	86.0	86.0	86.0	86.0	87.0	87.0
16:51:6:0	87.0	88.0	88.0	88.0	87.0	87.0	87.0	87.0	87.0	87.0	87.0	86.0	86.0	86.0	86.0	86.0
16:51:11:0	86.0	86.0	86.0	86.0	86.0	87.0	87.0	87.0	87.0	87.0	87.0	87.0	87.0	87.0	87.0	87.0
16:51:16:0	87.0	87.0	87.0	86.0	86.0	86.0	85.0	85.0	84.0	84.0	84.0	84.0	84.0
16:51:21:0	84.0	84.0	84.0	85.0	85.0	85.0	85.0	85.0	85.0	85.0	86.0	86.0	86.0	86.0	85.0	85.0	85.0	85.0	84.0
16:51:26:0	84.0	84.0	83.0	83.0	83.0	83.0	83.0	82.0	82.0	82.0	82.0	82.0	82.0	82.0	82.0	82.0
16:51:31:0	83.0	83.0	83.0	83.0	83.0	83.0	83.0	83.0	83.0	83.0	83.0	83.0	83.0	83.0
16:51:36:0	83.0	83.0	83.0	82.0	82.0	82.0	82.0	81.0	81.0	81.0	81.0	80.0	80.0	80.0	80.0	80.0	80.0	80.0	80.0
16:51:41:0	80.0	80.0	80.0	80.0	80.0	80.0	80.0	80.0	80.0	80.0	80.0	80.0	80.0	81.0	81.0	81.0	81.0	82.0	82.0	82.0
16:51:46:0	82.0	84.0	84.0	84.0	84.0	84.0	84.0	84.0	84.0	84.0	84.0	84.0	84.0	84.0	82.0	82.0	82.0	81.0	81.0
16:51:51:0	81.0	80.0	80.0	80.0	79.0	79.0	79.0	79.0	79.0	79.0	79.0	79.0	79.0	79.0	79.0	80.0	80.0
16:51:56:0	80.0	80.0	81.0	81.0	81.0	82.0	82.0	82.0	86.0	86.0	86.0	86.0	87.0	87.0	87.0	89.0
16:52:1:0	89.0	89.0	89.0	90.0	90.0	90.0	90.0	92.0	92.0	92.0	92.0	92.0	92.0	92.0	92.0	92.0	92.0	92.0	91.0
16:52:6:0	91.0	91.0	91.0	91.0	90.0	90.0	90.0	90.0	89.0	89.0	89.0	89.0	88.0	88.0	88.0	86.0	86.0	86.0	86.0
16:52:11:0	85.0	85.0	85.0	83.0	83.0	83.0	83.0	82.0	82.0	82.0	82.0	80.0	80.0	80.0	80.0	80.0	80.0
16:52:16:0	81.0	81.0	81.0	81.0	82.0	82.0	82.0	82.0	84.0	84.0	84.0	84.0	84.0	85.0	85.0	85.0	85.0	85.0
16:52:21:0	85.0	84.0	84.0	84.0	83.0	83.0	81.0	81.0	80.0	80.0	80.0	80.0	80.0	80.0
16:52:26:0	80.0	81.0	81.0	81.0	81.0	81.0	81.0	81.0	82.0	82.0	82.0	82.0	82.0	82.0	82.0	82.0	82.0	82.0	82.0
16:52:31:0	82.0	83.0	83.0	83.0	83.0	83.0	83.0	83.0	83.0	83.0	83.0	83.0	83.0	83.0	83.0	83.0	84.0	84.0
16:52:36:0	84.0	84.0	84.0	84.0	84.0	84.0	84.0	84.0	84.0	83.0	83.0	83.0	83.0	83.0	83.0	83.0	82.0	82.0
16:52:41:0	82.0	82.0	82.0	82.0	82.0	82.0	82.0	82.0	82.0	82.0	82.0	83.0	83.0	83.0	84.0
16:52:46:0	84.0	84.0	84.0	84.0	84.0	84.0	84.0	84.0	84.0	84.0	84.0	84.0	84.0	84.0	83.0	83.0	83.0	83.0
16:52:51:0	83.0	83.0	83.0	83.0	84.0	84.0	84.0	84.0	85.0	85.0	85.0	85.0	87.0	87.0	87.0	87.0	88.0	88.0	88.0
16:52:56:0	88.0	88.0	88.0	88.0	88.0	88.0	88.0	88.0	88.0	87.0	87.0	87.0	85.0	85.0	85.0	84.0	84.0	84.0	84.0
16:53:1:0	82.0	82.0	82.0	82.0	80.0	80.0	80.0	80.0	79.0	79.0	79.0	79.0	79.0	79.0	79.0	79.0	79.0	80.0	80.0	80.0
16:53:6:0	80.0	81.0	81.0	81.0	81.0	80.0	80.0	80.0	80.0	80.0	80.0	80.0	80.0	80.0	80.0	80.0
16:53:11:0	80.0	80.0	80.0	80.0	80.0	80.0	80.0	81.0	81.0	82.0	82.0	82.0	82.0	83.0	83.0
16:53:16:0	84.0	84.0	84.0	84.0	84.0	85.0	85.0	85.0	85.0	85.0	85.0	85.0	85.0	85.0	85.0	85.0	85.0	84.0	84.0
16:53:21:0	84.0	84.0	83.0	83.0	83.0	82.0	82.0	82.0	82.0	81.0	81.0	82.0	82.0	82.0	83.0
16:53:26:0	83.0	83.0	84.0	84.0	84.0	84.0	85.0	85.0	85.0	86.0	86.0	86.0	86.0	86.0	85.0	85.0	85.0	85.0
16:53:31:0	84.0	84.0	84.0	83.0	83.0	83.0	83.0	83.0	83.0	83.0	83.0	84.0	84.0	84.0	84.0	84.0
16:53:36:0	84.0	84.0	84.0	84.0	85.0	85.0	85.0	85.0	83.0	83.0	83.0	83.0	82.0	82.0	82.0	82.0	82.0	82.0	82.0	82.0
16:53:41:0	82.0	82.0	82.0	83.0	83.0	83.0	83.0	85.0	85.0	85.0	86.0	86.0	86.0	86.0	86.0	86.0
16:53:46:0	86.0	86.0	86.0	86.0	86.0	85.0	85.0	85.0	85.0	85.0	85.0	85.0	84.0	84.0	84.0	84.0	84.0	84.0	84.0
16:53:51:0	84.0	83.0	83.0	83.0	83.0	83.0	83.0	83.0	83.0	83.0	83.0	83.0	82.0	82.0	82.0	82.0
16:53:56:0	82.0	82.0	81.0	81.0	81.0	80.0	80.0	80.0	78.0	78.0	78.0	78.0	77.0	77.0	77.0	77.0	77.0	77.0
16:54:1:0	77.0	77.0	77.0	77.0	77.0	77.0	77.0	77.0	77.0	77.0	78.0	78.0	78.0	78.0	78.0	78.0	78.0	78.0	78.0
16:54:6:0	78.0	78.0	78.0	78.0	78.0	78.0	80.0	80.0	81.0	81.0	81.0	83.0	83.0	83.0	83.0
16:54:11:0	83.0	83.0	83.0	83.0	83.0	83.0	84.0	84.0	84.0	84.0	85.0	85.0	85.0	85.0	85.0	86.0	86.0	86.0	86.0
16:54:16:0	88.0	88.0	88.0	89.0	89.0	89.0	89.0	89.0	89.0	90.0	90.0	90.0	90.0	90.0
16:54:21:0	89.0	89.0	89.0	89.0	89.0	89.0	87.0	87.0	86.0	86.0	86.0	84.0	84.0	84.0	84.0
16:54:26:0	83.0	83.0	83.0	81.0	81.0	81.0	79.0	79.0	79.0	79.0	78.0	78.0	78.0	78.0	79.0	79.0
16:54:31:0	79.0	81.0	81.0	82.0	82.0	82.0	83.0	83.0	83.0	83.0	83.0	83.0	83.0	82.0	82.0	82.0
16:54:36:0	82.0	81.0	81.0	81.0	81.0	80.0	80.0	80.0	80.0	79.0	79.0	79.0	79.0	78.0	77.0
16:54:41:0	77.0	78.0	78.0	80.0	80.0	80.0	80.0	82.0	82.0	82.0	82.0	82.0	82.0
16:54:46:0	82.0	82.0	82.0	82.0	82.0	82.0	80.0	80.0	80.0	80.0	79.0	79.0	79.0	79.0	78.0	78.0	78.0	78.0
16:54:51:0	78.0	78.0	78.0	78.0	78.0	78.0	78.0	78.0	78.0	79.0	79.0	80.0	80.0	80.0
16:54:56:0	80.0	80.0	80.0	80.0	80.0	79.0	79.0	79.0	79.0	77.0	77.0	77.0	77.0	76.0	76.0	76.0	76.0
16:55:1:0	75.0	75.0	75.0	75.0	75.0	75.0	75.0	75.0	76.0	76.0	76.0	78.0	78.0	78.0	79.0	79.0
16:55:6:0	79.0	80.0	80.0	80.0	80.0	80.0	80.0	80.0	80.0	80.0	79.0	79.0	79.0	79.0	79.0
16:55:11:0	79.0	79.0	79.0	79.0	79.0	79.0	79.0	79.0	79.0	79.0	79.0	79.0	79.0	79.0	79.0	80.0	80.0	80.0
16:55:16:0	80.0	81.0	81.0	81.0	81.0	81.0	81.0	81.0	81.0	81.0	81.0	81.0	81.0	81.0	81.0	81.0	81.0	81.0
16:55:21:0	81.0	81.0	81.0	81.0	81.0	81.0	81.0	81.0	81.0	82.0	82.0	82.0	82.0	83.0	83.0	84.0
16:55:26:0	84.0	84.0	84.0	84.0	84.0	84.0	84.0	84.0	83.0	83.0	82.0	82.0	82.0	80.0
16:55:31:0	80.0	80.0	79.0	79.0	79.0	79.0	79.0	79.0	79.0	80.0	80.0	80.0	80.0	82.0	82.0	82.0	83.0
16:55:36:0	83.0	83.0	83.0	84.0	84.0	84.0	84.0	85.0	85.0	85.0	85.0	85.0	85.0	85.0	84.0	84.0	84.0
16:55:41:0	83.0	83.0	83.0	83.0	82.0	82.0	82.0	82.0	81.0	81.0	81.0	81.0	80.0	80.0	80.0	80.0	79.0	79.0	79.0	79.0
16:55:46:0	79.0	79.0	79.0	79.0	79.0	79.0	79.0	79.0	79.0	79.0	79.0	79.0	80.0	80.0	80.0	80.0	80.0	80.0	80.0
16:55:51:0	80.0	79.0	79.0	79.0	79.0	79.0	79.0	79.0	79.0	79.0	79.0	79.0	79.0	79.0	79.0
16:55:56:0	79.0	80.0	80.0	80.0	80.0	80.0	80.0	80.0	80.0	80.0	80.0	80.0	80.0	80.0	80.0	80.0	80.0	79.0	79.0	79.0
16:56:1:0	79.0	79.0	79.0	79.0	79.0	80.0	80.0	80.0	80.0	80.0	80.0	80.0	80.0	80.0	81.0	81.0	81.0	81.0	80.0	80.0
16:56:6:0	80.0	80.0	80.0	80.0	80.0	80.0	79.0	79.0	79.0	80.0	80.0	80.0	80.0	81.0	81.0	81.0	81.0	81.0	82.0
16:56:11:0	82.0	82.0	82.0	82.0	82.0	82.0	82.0	82.0	82.0	82.0	82.0	82.0	82.0	82.0	82.0	82.0	82.0	80.0
16:56:16:0	80.0	80.0	80.0	80.0	80.0	80.0	80.0	80.0	80.0	80.0	80.0	81.0	81.0	81.0	81.0	80.0
16:56:21:0	80.0	80.0	80.0	80.0	80.0	80.0	81.0	81.0	81.0	81.0	81.0	81.0	83.0	83.0
16:56:26:0	84.0	84.0	84.0	85.0	85.0	85.0	87.0	87.0	87.0	88.0	88.0	88.0	88.0	90.0	90.0	90.0
16:56:31:0	90.0	91.0	91.0	91.0	91.0	91.0	91.0	91.0	92.0	92.0	92.0	92.0	92.0	92.0	92.0	92.0	92.0
16:56:36:0	92.0	92.0	92.0	92.0	92.0	91.0	91.0	91.0	91.0	91.0	89.0	88.0	88.0	88.0
16:56:41:0	88.0	86.0	86.0	86.0	86.0	86.0	85.0	85.0	85.0	85.0	85.0	85.0	85.0	86.0	87.0
16:56:46:0	87.0	87.5	88.0	88.0	89.0	89.0	90.0	90.0	91.0
16:56:51:0	91.0	91.0	91.0	91.0	91.0	91.0	89.0	89.0	89.0	89.0	88.0	88.0	88.0
16:56:56:0	86.0	86.0	86.0	86.0	86.0	86.0	87.0	87.0	87.0	87.0	88.0	88.0	88.0	89.0	89.0	89.0	88.0
16:57:1:0	88.0	88.0	88.0	88.0	87.0	87.0	86.0	86.0	86.0	85.0
16:57:6:0	85.0	84.0	84.0	84.0	84.0	84.0	84.0	84.0	84.0	84.0	84.0	84.0	84.0	84.0	84.0	84.0
16:57:11:0	84.0	84.0	84.0	84.0	84.0	84.0	84.0	84.0	84.0	84.0	84.0	84.0	84.0	84.0	84.0	84.0	83.0	83.0
16:57:16:0	83.0	83.0	83.0	83.0	83.0	83.0	83.0	83.0	83.0	83.0	83.0	83.0	83.0	83.0	83.0	83.0	83.0	83.0	83.0
16:57:21:0	83.0	83.0	83.0	83.0	83.0	83.0	83.0	83.0	83.0	83.0	83.0	83.0	83.0	84.0	84.0	84.0	84.0	83.0	83.0
16:57:26:0	83.0	83.0	83.0	83.0	83.0	82.0	82.0	82.0	82.0	82.0	82.0	82.0	82.0	82.0	82.0	82.0	82.0	82.0
16:57:31:0	82.0	82.0	82.0	82.0	82.0	83.0	83.0	83.0	83.0	83.0	83.0	83.0	83.0	83.0	83.0	83.0
16:57:36:0	83.0	83.0	83.0	84.0	84.0	84.0	85.0	85.0	85.0	85.0	86.0	86.0	86.0	86.0	86.0	86.0	86.0	86.0	86.0	87.0
16:57:41:0	87.0	87.0	87.0	87.0	86.0	86.0	86.0	86.0	85.0	85.0	85.0	85.0	84.0	84.0	84.0	82.0
16:57:46:0	82.0	82.0	82.0	82.0	80.0	80.0	80.0	80.0	78.0	78.0	78.0	78.0	77.0	77.0	77.0	77.0	77.0	77.0
16:57:51:0	78.0	78.0	78.0	78.0	78.0	78.0	78.0	78.0	78.0	78.0	78.0	77.0	77.0	77.0	76.0	76.0	76.0
16:57:56:0	76.0	76.0	76.0	76.0	77.0	77.0	77.0	77.0	78.0	78.0	78.0	78.0	80.0	80.0	80.0	80.0	80.0	83.0	83.0	83.0
16:58:1:0	83.0	84.0	84.0	84.0	84.0	85.0	85.0	85.0	85.0	86.0	86.0	86.0	86.0	86.0	86.0	86.0	87.0	87.0
16:58:6:0	88.0	88.0	88.0	88.0	88.0	88.0	88.0	88.0	88.0	88.0	88.0	88.0	87.0	87.0	87.0	87.0	87.0
16:58:11:0	87.0	87.0	87.0	87.0	87.0	86.0	86.0	86.0	86.0	86.0	85.0	85.0	85.0	85.0
16:58:16:0	85.0	85.0	84.0	84.0	84.0	84.0	84.0	84.0	84.0	84.0	84.0	83.0	83.0	83.0	83.0	83.0	83.0	83.0	83.0	82.0
16:58:21:0	82.0	82.0	82.0	82.0	82.0	82.0	81.0	81.0	81.0	81.0	81.0	81.0	81.0	81.0	81.0
16:58:26:0	82.0	82.0	82.0	82.0	82.0	82.0	82.0	83.0	83.0	83.0	83.0	82.0	82.0	82.0	82.0	81.0	81.0	80.0
16:58:31:0	80.0	80.0	80.0	80.0	79.0	79.0	79.0	79.0	79.0	79.0	80.0	80.0	80.0	80.0	80.0
16:58:36:0	81.0	81.0	81.0	81.0	81.0	81.0	81.0	81.0	81.0	81.0	81.0	81.0	81.0	81.0	81.0
16:58:41:0	81.0	81.0	81.0	81.0	81.0	81.0	81.0	81.0	81.0	82.0	82.0	82.0	82.0	82.0	82.0	82.0	82.0	83.0	83.0	83.0
16:58:46:0	83.0	83.0	83.0	83.0	83.0	84.0	84.0	84.0	84.0	84.0	84.0	84.0	84.0	84.0	84.0	84.0	85.0	85.0
16:58:51:0	85.0	85.0	85.0	85.0	85.0	85.0	86.0	86.0	86.0	86.0	86.0	86.0	86.0	86.0	86.0	86.0
16:58:56:0	86.0	86.0	86.0	86.0	86.0	86.0	86.0	86.0	86.0	86.0	86.0	86.0	86.0	86.0	86.0	86.0	86.0	86.0	86.0
16:59:1:0	86.0	86.0	86.0	87.0	87.0	87.0	87.0	86.0	86.0	86.0	86.0	86.0	86.0	86.0	86.0	85.0
16:59:6:0	85.0	85.0	85.0	83.0	83.0	83.0	83.0	82.0	82.0	82.0	82.0	82.0	82.0	82.0	82.0	82.0	82.0	82.0	82.0	82.0
16:59:11:0	82.0	82.0	82.0	82.0	82.0	82.0	82.0	83.0	83.0	83.0	83.0	82.0	82.0	82.0	82.0	82.0	82.0	82.0
16:59:16:0	81.0	81.0	81.0	81.0	81.0	80.0	80.0	80.0	80.0	80.0	80.0	80.0	80.0	80.0	80.0	80.0	80.0	80.0	80.0	80.0
16:59:21:0	80.0	80.0	80.0	81.0	81.0	81.0	82.0	82.0	82.0	82.0	82.0	82.0	83.0
16:59:26:0	83.0	83.0	83.0	83.0	83.0	83.0	83.0	82.0	82.0	82.0	82.0	82.0	82.0	82.0	82.0	81.0	81.0
16:59:31:0	81.0	81.0	81.0	81.0	81.0	81.0	81.0	81.0	81.0	82.0	82.0	82.0	82.0	82.0	82.0	82.0	82.0	82.0	82.0	82.0
16:59:36:0	82.0	82.0	82.0	82.0	81.0	81.0	81.0	81.0	81.0	81.0	81.0	81.0	81.0	81.0	82.0	82.0
16:59:41:0	82.0	82.0	83.0	83.0	83.0	83.0	84.0	84.0	84.0	84.0	84.0	84.0	84.0	85.0	85.0	85.0
16:59:46:0	85.0	85.0	85.0	85.0	84.0	84.0	84.0	84.0	82.0	82.0	82.0	81.0	81.0	81.0	81.0	80.0
16:59:51:0	80.0	80.0	81.0	81.0	81.0	81.0	83.0	83.0	83.0	83.0	85.0	85.0	85.0	85.0	86.0
16:59:56:0	87.0	87.0	87.0	87.0	87.0	88.0	88.0	88.0	88.0	88.0	88.0	88.0	88.0	88.0	88.0	88.0	88.0	88.0	88.0	88.0
17:0:1:0	88.0	88.0	88.0	88.0	88.0	88.0	88.0	88.0	88.0	88.0	88.0	88.0	88.0	88.0	88.0	88.0	88.0	88.0	88.0	88.0
17:0:6:0	88.0	88.0	88.0	88.0	86.0	86.0	86.0	86.0	85.0	85.0	84.0	84.0	83.0	83.0
17:0:11:0	83.0	82.0	82.0	82.0	82.0	82.0	82.0	82.0	82.0	82.0	82.0	82.0	82.0	82.0	82.0	82.0	82.0	82.0
17:0:16:0	82.0	82.0	83.0	83.0	83.0	83.0	83.0	83.0	83.0	83.0	83.0	83.0	83.0	83.0	83.0	83.0	83.0	83.0	84.0
17:0:21:0	84.0	84.0	84.0	84.0	84.0	84.0	83.0	83.0	83.0	83.0	83.0	83.0	83.0	83.0	83.0	83.0	83.0	83.0
17:0:26:0	83.0	83.0	83.0	83.0	83.0	83.0	83.0	83.0	83.0	83.0	83.0	83.0	83.0	83.0	83.0	84.0
17:0:31:0	84.0	84.0	86.0	86.0	86.0	87.0	87.0	87.0	87.0	87.0	88.0	88.0	88.0
17:0:36:0	88.0	88.0	88.0	88.0	89.0	89.0	89.0	89.0	89.0	89.0	89.0	88.0	88.0	88.0	87.0	87.0	87.0
17:0:41:0	86.0	86.0	86.0	86.0	86.0	86.0	86.0	86.0	85.0	85.0	85.0	84.0	84.0	84.0	84.0	84.0	84.0	84.0
17:0:46:0	84.0	84.0	84.0	84.0	83.0	83.0	83.0	83.0	83.0	83.0	83.0	83.0	82.0	82.0	82.0	82.0	82.0	82.0
17:0:51:0	82.0	82.0	82.0	82.0	82.0	84.0	84.0	84.0	84.0	84.0	84.0	84.0	84.0	84.0	84.0	84.0	84.0	83.0
17:0:56:0	83.0	83.0	81.0	81.0	81.0	80.0	80.0	80.0	80.0	80.0	80.0	82.0	82.0	83.0	83.0
