10:54:24:0	59.0	59.0	59.0	59.0	59.0	59.0	59.0	59.0	59.0	61.0	61.0	61.0	61.0	61.0	61.0	62.0	62.0	62.0
10:54:29:0	62.0	64.0	64.0	64.0	64.0	65.0	65.0	65.0	65.0	65.0	67.0	67.0	67.0	68.0	68.0	68.0	68.0	70.0	70.0	70.0
10:54:34:0	70.0	71.0	71.0	71.0	71.0	71.0	71.0	71.0	71.0	71.0	71.0	71.0	71.0	70.0	70.0	70.0	70.0	69.0
10:54:39:0	69.0	69.0	67.0	67.0	67.0	67.0	67.0	67.0	67.0	67.0	67.0	67.0	67.0	67.0	67.0	66.0	66.0
10:54:44:0	66.0	66.0	66.0	66.0	66.0	66.0	66.0	66.0	66.0	66.0	67.0	67.0	67.0	67.0	68.0	68.0	68.0	68.0	68.0	68.0
10:54:49:0	68.0	68.0	69.0	69.0	69.0	69.0	69.0	69.0	69.0	69.0	69.0	69.0	69.0	69.0	69.0	69.0	69.0	69.0	69.0	69.0
10:54:54:0	69.0	69.0	69.0	69.0	69.0	69.0	68.0	68.0	68.0	68.0	68.0	68.0	68.0	68.0	68.0	68.0	68.0	68.0	68.0
10:54:59:0	70.0	70.0	70.0	70.0	72.0	72.0	72.0	72.0	73.0	73.0	73.0	73.0	74.0	74.0	74.0	74.0	74.0	74.0
10:55:4:0	74.0	72.0	72.0	72.0	71.0	71.0	71.0	71.0	71.0	71.0	71.0	70.0	70.0	70.0	69.0	69.0	69.0	69.0
10:55:9:0	69.0	69.0	69.0	69.0	70.0	70.0	71.0	71.0	71.0	71.0	73.0	73.0	73.0	73.0	75.0	75.0	75.0
10:55:14:0	75.0	75.0	75.0	75.0	75.0	75.0	75.0	75.0	75.0	73.0	73.0	73.0	73.0	72.0	72.0	72.0	72.0	71.0	71.0
10:55:19:0	71.0	71.0	71.0	71.0	71.0	71.0	71.0	71.0	71.0	71.0	72.0	72.0	72.0	72.0	72.0	74.0	74.0	74.0	74.0	75.0	75.0
10:55:24:0	75.0	75.0	75.0	75.0	75.0	74.0	74.0	74.0	74.0	73.0	73.0	73.0	73.0	71.0	71.0	71.0	72.0
10:55:29:0	72.0	72.0	73.0	73.0	73.0	73.0	74.0	74.0	74.0	74.0	74.0	74.0	74.0	74.0	73.0	73.0	73.0	73.0	72.0
10:55:34:0	72.0	72.0	72.0	72.0	72.0	72.0	72.0	71.0	71.0	71.0	71.0	70.0	70.0	70.0	70.0	70.0	70.0	70.0	70.0	70.0
10:55:39:0	70.0	70.0	70.0	70.0	70.0	70.0	70.0	71.0	71.0	71.0	71.0	71.0	72.0	72.0	72.0	72.0	73.0	73.0	73.0	73.0
10:55:44:0	74.0	74.0	74.0	74.0	73.0	73.0	73.0	73.0	73.0	73.0	73.0	73.0	72.0	72.0	72.0	72.0	72.0	72.0	72.0	72.0
10:55:49:0	72.0	72.0	72.0	72.0	73.0	73.0	73.0	75.0	75.0	75.0	76.0	76.0	76.0	76.0	75.0	75.0
10:55:54:0	75.0	75.0	75.0	75.0	75.0	74.0	74.0	74.0	74.0	73.0	73.0	73.0	73.0	72.0	72.0	72.0	72.0	71.0	71.0	71.0
10:55:59:0	71.0	70.0	70.0	70.0	70.0	70.0	70.0	70.0	70.0	70.0	71.0	71.0	71.0	71.0	72.0	72.0	72.0	72.0
10:56:4:0	73.0	73.0	73.0	73.0	73.0	73.0	73.0	73.0	73.0	72.0	72.0	72.0	72.0	72.0	72.0	72.0	72.0	72.0	72.0
10:56:9:0	72.0	72.0	72.0	72.0	72.0	72.0	72.0	72.0	72.0	72.0	72.0	72.0	72.0	72.0	72.0	72.0	72.0	72.0
10:56:14:0	72.0	72.0	73.0	73.0	73.0	73.0	73.0	73.0	73.0	73.0	73.0	73.0	73.0	73.0	73.0	73.0	73.0	74.0
10:56:19:0	74.0	74.0	74.0	75.0	75.0	75.0	75.0	75.0	76.0	76.0	76.0	76.0	75.0	75.0	75.0	75.0	75.0	75.0	75.0
10:56:24:0	74.0	74.0	74.0	74.0	73.0	73.0	73.0	73.0	73.0	73.0	73.0	73.0	72.0	72.0	72.0	72.0	73.0	73.0	73.0	73.0
10:56:29:0	74.0	74.0	74.0	74.0	74.0	74.0	74.0	74.0	74.0	74.0	74.0	73.0	73.0	73.0	73.0	73.0	73.0	73.0
10:56:34:0	73.0	73.0	73.0	73.0	73.0	73.0	73.0	74.0	74.0	74.0	74.0	74.0	74.0	74.0	74.0	74.0
10:56:39:0	74.0	74.0	74.0	74.0	74.0	74.0	74.0	74.0	74.0	74.0	74.0	74.0	74.0	76.0	76.0	76.0	77.0	77.0	77.0
10:56:44:0	77.0	77.0	77.0	77.0	77.0	76.0	76.0	76.0	76.0	76.0	75.0	75.0	75.0	75.0	75.0	75.0	75.0	75.0	74.0	74.0
10:56:49:0	74.0	74.0	74.0	74.0	74.0	74.0	75.0	75.0	75.0	75.0	76.0	76.0	76.0	76.0	76.0	76.0	76.0	76.0	76.0
10:56:54:0	76.0	76.0	76.0	76.0	76.0	76.0	76.0	76.0	76.0	76.0	76.0	75.0	75.0	75.0	75.0	75.0	75.0	75.0	75.0	75.0
10:56:59:0	74.0	74.0	74.0	74.0	74.0	74.0	74.0	74.0	74.0	74.0	74.0	74.0	74.0	74.0	74.0	74.0
10:57:4:0	74.0	74.0	74.0	74.0	74.0	74.0	74.0	74.0	73.0	73.0	73.0	73.0	74.0	74.0	74.0	74.0	74.0	74.0	74.0
10:57:9:0	74.0	74.0	74.0	74.0	74.0	74.0	74.0	74.0	74.0	74.0	74.0	74.0	74.0	74.0	74.0	74.0	75.0	75.0	75.0
10:57:14:0	75.0	75.0	75.0	75.0	76.0	76.0	76.0	76.0	75.0	75.0	75.0	75.0	75.0	75.0	75.0	75.0	75.0	75.0	75.0	75.0
10:57:19:0	75.0	73.0	73.0	73.0	73.0	72.0	72.0	72.0	72.0	72.0	72.0	72.0	71.0	71.0	71.0	71.0
10:57:24:0	71.0	71.0	71.0	71.0	71.0	72.0	72.0	72.0	72.0	72.0	72.0	72.0	72.0	72.0	72.0	71.0	71.0
10:57:29:0	71.0	71.0	70.0	70.0	70.0	70.0	70.0	70.0	70.0	70.0	70.0	70.0	70.0	71.0	71.0	71.0	71.0	72.0	72.0
10:57:34:0	72.0	72.0	73.0	73.0	73.0	73.0	74.0	74.0	74.0	74.0	75.0	75.0	75.0	75.0	75.0	75.0	75.0	75.0	75.0	76.0
10:57:39:0	76.0	76.0	76.0	76.0	76.0	76.0	76.0	76.0	76.0	76.0	76.0	76.0	76.0	76.0	76.0	76.0	76.0	76.0	76.0
10:57:44:0	75.0	75.0	75.0	75.0	76.0	76.0	76.0	76.0	75.0	75.0	75.0	75.0	76.0	76.0	76.0	76.0	77.0	77.0	77.0
10:57:49:0	77.0	77.0	77.0	76.0	76.0	76.0	75.0	75.0	75.0	75.0	74.0	74.0	74.0	74.0	73.0	73.0	73.0	73.0
10:57:54:0	72.0	72.0	72.0	72.0	72.0	72.0	72.0	72.0	73.0	73.0	73.0	73.0	73.0	74.0	74.0	74.0	74.0	75.0	75.0	75.0
10:57:59:0	75.0	77.0	77.0	77.0	77.0	78.0	78.0	78.0	78.0	77.0	77.0	77.0	77.0	76.0	76.0	76.0	76.0	76.0	75.0	75.0
10:58:4:0	75.0	75.0	74.0	74.0	74.0	74.0	74.0	74.0	74.0	75.0	75.0	75.0	75.0	76.0	76.0	76.0	76.0	77.0	77.0	77.0
10:58:9:0	77.0	77.0	76.0	76.0	76.0	76.0	76.0	76.0	76.0	76.0	76.0	76.0	76.0	76.0	76.0	76.0
10:58:14:0	76.0	76.0	76.0	76.0	76.0	76.0	76.0	77.0	77.0	77.0	77.0	79.0	79.0	79.0	79.0	79.0	79.0	79.0	79.0
10:58:19:0	78.0	78.0	78.0	76.0	76.0	76.0	75.0	75.0	75.0	75.0	73.0	73.0	73.0	73.0	73.0	72.0	72.0	72.0	72.0	71.0
10:58:24:0	71.0	71.0	71.0	70.0	70.0	70.0	70.0	71.0	71.0	71.0	71.0	72.0	72.0	72.0	72.0	72.0	72.0	72.0	72.0	72.0
10:58:29:0	72.0	72.0	72.0	72.0	72.0	72.0	72.0	72.0	72.0	72.0	72.0	72.0	72.0	72.0	72.0	72.0	72.0	72.0	72.0	72.0
10:58:34:0	72.0	72.0	72.0	72.0	72.0	73.0	73.0	73.0	73.0	73.0	73.0	72.0	72.0	72.0	72.0	71.0	71.0	71.0
10:58:39:0	71.0	70.0	70.0	70.0	70.0	70.0	70.0	70.0	70.0	71.0	71.0	71.0	71.0	72.0	72.0	72.0	72.0	72.0	72.0	72.0
10:58:44:0	72.0	71.0	71.0	71.0	71.0	71.0	71.0	71.0	71.0	72.0	72.0	72.0	72.0	72.0	72.0	72.0	72.0	72.0	72.0	72.0
10:58:49:0	72.0	72.0	72.0	72.0	72.0	72.0	72.0	72.0	72.0	72.0	73.0	73.0	73.0	73.0	73.0	73.0	73.0	73.0	73.0
10:58:54:0	73.0	73.0	73.0	73.0	73.0	73.0	73.0	75.0	75.0	75.0	75.0	75.0	75.0	75.0	75.0	75.0	75.0	75.0	74.0	74.0
10:58:59:0	74.0	72.0	72.0	72.0	72.0	71.0	71.0	71.0	71.0	70.0	70.0	70.0	70.0	69.0	69.0	69.0	69.0	69.0
10:59:4:0	69.0	69.0	69.0	68.0	68.0	68.0	68.0	67.0	67.0	67.0	67.0	67.0	67.0	67.0	68.0	68.0	68.0
10:59:9:0	68.0	68.0	68.0	68.0	69.0	69.0	69.0	69.0	70.0	70.0	70.0	70.0	70.0	70.0	70.0	70.0	72.0	72.0	72.0	72.0	72.0
10:59:14:0	72.0	72.0	72.0	72.0	73.0	73.0	73.0	73.0	74.0	74.0	74.0	74.0	73.0	73.0	73.0	73.0	72.0	72.0	72.0
10:59:19:0	72.0	72.0	72.0	72.0	72.0	72.0	72.0	72.0	72.0	74.0	74.0	74.0	75.0	75.0	75.0	77.0	77.0
10:59:24:0	77.0	78.0	78.0	78.0	78.0	77.0	77.0	77.0	77.0	77.0	76.0	76.0	76.0	76.0	74.0	74.0	74.0	74.0	74.0	74.0
10:59:29:0	74.0	74.0	73.0	73.0	73.0	73.0	73.0	73.0	73.0	73.0	73.0	73.0	73.0	73.0	72.0	72.0	72.0	72.0	72.0	72.0	72.0
10:59:34:0	72.0	72.0	71.0	71.0	71.0	71.0	71.0	70.0	70.0	70.0	70.0	71.0	71.0	71.0	71.0	71.0
10:59:39:0	71.0	71.0	71.0	72.0	72.0	72.0	72.0	73.0	73.0	73.0	73.0	74.0	74.0	74.0	74.0	74.0	74.0	74.0	74.0	73.0
10:59:44:0	73.0	73.0	73.0	73.0	73.0	73.0	72.0	72.0	72.0	71.0	71.0	70.0	70.0	70.0	70.0
10:59:49:0	70.0	70.0	70.0	71.0	72.0	72.0	72.0	72.0	72.0	74.0	74.0	74.0	74.0	76.0	76.0	76.0	76.0
10:59:54:0	76.0	76.0	76.0	76.0	75.0	75.0	75.0	75.0	74.0	74.0	74.0	74.0	73.0	73.0	73.0	73.0	71.0	71.0	71.0	71.0
10:59:59:0	71.0	70.0	70.0	70.0	70.0	70.0	70.0	70.0	70.0	70.0	70.0	70.0	70.0	70.0	70.0	70.0	70.0	71.0	71.0	71.0	71.0
11:0:4:0	72.0	72.0	72.0	72.0	72.0	74.0	74.0	74.0	74.0	76.0	76.0	76.0	75.0	75.0	75.0	75.0	74.0	74.0	74.0
11:0:9:0	74.0	73.0	73.0	73.0	70.0	70.0	70.0	70.0	70.0	70.0	70.0	70.0	70.0	70.0	70.0	70.0	70.0
11:0:14:0	70.0	70.0	70.0	70.0	70.0	70.0	70.0	70.0	70.0	70.0	70.0	70.0	70.0	70.0	70.0	70.0	70.0	70.0	70.0	70.0
11:0:19:0	70.0	70.0	70.0	70.0	70.0	70.0	70.0	70.0	70.0	70.0	69.0	69.0	69.0	69.0	69.0	69.0	69.0	69.0	69.0	69.0
11:0:24:0	69.0	69.0	69.0	69.0	69.0	69.0	69.0	68.0	68.0	68.0	68.0	67.0	67.0	67.0	67.0	68.0	68.0	68.0	68.0	68.0
11:0:29:0	68.0	68.0	69.0	69.0	69.0	69.0	70.0	70.0	70.0	71.0	71.0	71.0	71.0	71.0	71.0
11:0:34:0	72.0	72.0	72.0	72.0	72.0	72.0	72.0	73.0	73.0	73.0	73.0	73.0	73.0	73.0	73.0	73.0	73.0	73.0	73.0	73.0
11:0:39:0	72.0	72.0	72.0	72.0	72.0	72.0	72.0	72.0	72.0	72.0	72.0	72.0	74.0	74.0	74.0	74.0	74.0	74.0	74.0	74.0
11:0:44:0	74.0	74.0	74.0	74.0	74.0	73.0	73.0	73.0	74.0	74.0	74.0	74.0	75.0	75.0	75.0	75.0	76.0	76.0	76.0
11:0:49:0	76.0	76.0	76.0	76.0	76.0	76.0	76.0	76.0	76.0	76.0	74.0	74.0	74.0	74.0	73.0	73.0	73.0	73.0	71.0	71.0	71.0
11:0:54:0	71.0	69.0	69.0	69.0	67.0	67.0	67.0	66.0	66.0	66.0	66.0	66.0	66.0	66.0	66.0
11:0:59:0	66.0	66.0	67.0	67.0	67.0	67.0	69.0	69.0	69.0	69.0	70.0	70.0	70.0	70.0	70.0	71.0	71.0	71.0	71.0	71.0
11:1:4:0	71.0	71.0	71.0	71.0	71.0	71.0	71.0	71.0	71.0	71.0	71.0	71.0	71.0	71.0	71.0	70.0	70.0	70.0	70.0	69.0	69.0
11:1:9:0	69.0	69.0	69.0	70.0	70.0	70.0	70.0	70.0	70.0	72.0	72.0	73.0	73.0	73.0	73.0	74.0
11:1:14:0	74.0	74.0	74.0	76.0	76.0	76.0	76.0	76.0	76.0	76.0	76.0	76.0	76.0	76.0	74.0	74.0	74.0	74.0
11:1:19:0	73.0	73.0	73.0	72.0	72.0	72.0	73.0	73.0	73.0	73.0	74.0	74.0	74.0	75.0	75.0	75.0
11:1:24:0	75.0	75.0	75.0	75.0	75.0	75.0	75.0	75.0	74.0	74.0	74.0	74.0	74.0	74.0	74.0	74.0	74.0	73.0	73.0	73.0
11:1:29:0	73.0	72.0	72.0	72.0	71.0	71.0	71.0	71.0	70.0	70.0	70.0	70.0	69.0	69.0	69.0	69.0	69.0	69.0	69.0
11:1:34:0	69.0	69.0	69.0	69.0	69.0	69.0	70.0	70.0	70.0	70.0	71.0	71.0	71.0	71.0	71.0	71.0	70.0	70.0
11:1:39:0	70.0	70.0	71.0	71.0	71.0	71.0	71.0	71.0	71.0	71.0	71.0	71.0	71.0	71.0	71.0	71.0	71.0	71.0
11:1:44:0	71.0	71.0	71.0	71.0	70.0	70.0	70.0	70.0	70.0	70.0	70.0	70.0	70.0	70.0	70.0	70.0	70.0
11:1:49:0	70.0	70.0	70.0	71.0	71.0	71.0	71.0	71.0	71.0	71.0	71.0	71.0	71.0	71.0	71.0	70.0	70.0	70.0	70.0	70.0
11:1:54:0	69.0	69.0	69.0	69.0	69.0	69.0	69.0	70.0	70.0	70.0	70.0	70.0	70.0	70.0	70.0	70.0	70.0	70.0	70.0
11:1:59:0	70.0	70.0	70.0	70.0	70.0	70.0	70.0	70.0	70.0	70.0	70.0	70.0	70.0	70.0	70.0	70.0	71.0	71.0	71.0	71.0
11:2:4:0	71.0	71.0	71.0	71.0	71.0	71.0	71.0	71.0	71.0	71.0	71.0	72.0	72.0	72.0	72.0	72.0
11:2:9:0	72.0	73.0	73.0	73.0	73.0	73.0	73.0	73.0	73.0	73.0	73.0	73.0	72.0	72.0	72.0	72.0	72.0	71.0
11:2:14:0	71.0	71.0	70.0	70.0	70.0	70.0	70.0	70.0	70.0	70.0	70.0	70.0	70.0	70.0	70.0	70.0	70.0	70.0	70.0	70.0	70.0
11:2:19:0	70.0	70.0	70.0	70.0	70.0	70.0	71.0	71.0	71.0	71.0	71.0	71.0	71.0	71.0	71.0	71.0	71.0	71.0	72.0	72.0
11:2:24:0	72.0	74.0	74.0	74.0	74.0	76.0	76.0	76.0	76.0	76.0	77.0	77.0	77.0	77.0	77.0	77.0	77.0	77.0	76.0
11:2:29:0	76.0	76.0	76.0	74.0	74.0	73.0	73.0	73.0	73.0	73.0	73.0	73.0	74.0	74.0	74.0	74.0	73.0
11:2:34:0	73.0	73.0	73.0	74.0	74.0	74.0	74.0	73.0	73.0	73.0	73.0	73.0	73.0	73.0	73.0	73.0	73.0	73.0	73.0	73.0
11:2:39:0	72.0	72.0	72.0	72.0	72.0	72.0	72.0	72.0	72.0	72.0	72.0	72.0	72.0	72.0	72.0	72.0	73.0	73.0	73.0	73.0
11:2:44:0	73.0	73.0	73.0	73.0	74.0	74.0	74.0	74.0	74.0	73.0	72.0	72.0	72.0	72.0	71.0	71.0	71.0	71.0
11:2:49:0	70.0	70.0	70.0	70.0	69.0	69.0	69.0	69.0	69.0	69.0	69.0	69.0	69.0	71.0	71.0	71.0	72.0	72.0	72.0
11:2:54:0	73.0	73.0	73.0	75.0	75.0	75.0	76.0	76.0	76.0	76.0	76.0	76.0	76.0	76.0	76.0	75.0	75.0
11:2:59:0	75.0	75.0	74.0	74.0	74.0	74.0	73.0	73.0	73.0	73.0	73.0	73.0	73.0	73.0	72.0	72.0	72.0	72.0	72.0
11:3:4:0	72.0	72.0	72.0	72.0	72.0	72.0	72.0	73.0	73.0	73.0	73.0	74.0	74.0	74.0	74.0	74.0	74.0	74.0	74.0
11:3:9:0	73.0	73.0	73.0	73.0	73.0	73.0	73.0	73.0	73.0	73.0	72.0	72.0	72.0	72.0	72.0	72.0	72.0	72.0	72.0
11:3:14:0	72.0	72.0	72.0	73.0	73.0	73.0	73.0	73.0	73.0	73.0	73.0	73.0	73.0	73.0	73.0	73.0	73.0	73.0
11:3:19:0	73.0	73.0	73.0	73.0	72.0	72.0	72.0	72.0	71.0	71.0	71.0	71.0	71.0	71.0	71.0	71.0	71.0	71.0	71.0
11:3:24:0	71.0	71.0	71.0	71.0	71.0	71.0	71.0	71.0	72.0	72.0	72.0	72.0	72.0	72.0	72.0	72.0	73.0	73.0	73.0	73.0
11:3:29:0	73.0	73.0	73.0	73.0	73.0	74.0	74.0	74.0	74.0	74.0	74.0	74.0	73.0	73.0	73.0	73.0	72.0	72.0	72.0
11:3:34:0	72.0	72.0	72.0	72.0	72.0	71.0	71.0	71.0	71.0	72.0	72.0	72.0	72.0	72.0	72.0	72.0	72.0	72.0	72.0	72.0	72.0
11:3:39:0	72.0	73.0	73.0	73.0	73.0	74.0	74.0	75.0	75.0	75.0	75.0	75.0	75.0	75.0	75.0
11:3:44:0	75.0	75.0	75.0	75.0	75.0	75.0	75.0	75.0	75.0	75.0	75.0	75.0	75.0	75.0	76.0	76.0	76.0	76.0	77.0
11:3:49:0	77.0	77.0	77.0	77.0	77.0	77.0	77.0	77.0	77.0	77.0	77.0	76.0	76.0	76.0	76.0	75.0	75.0	75.0	75.0	74.0	74.0
11:3:54:0	74.0	74.0	73.0	73.0	73.0	73.0	73.0	72.0	72.0	72.0	72.0	72.0	72.0	72.0	72.0	72.0	72.0	72.0	72.0	72.0
11:3:59:0	72.0	72.0	72.0	72.0	72.0	72.0	72.0	72.0	72.0	72.0	74.0	74.0	74.0
11:4:4:0	75.0	75.0	75.0	74.0	74.0	74.0	74.0	74.0	74.0	74.0	74.0	73.0	73.0	73.0	73.0
11:4:9:0	73.0	73.0	73.0	73.0	73.0	73.0	73.0	73.0	73.0	73.0	73.0	73.0	73.0	73.0	73.0	73.0	73.0	73.0	73.0	73.0
11:4:14:0	73.0	73.0	73.0	73.0	73.0	73.0	73.0	73.0	73.0	73.0	73.0	73.0	73.0	74.0	74.0	74.0	74.0	75.0	75.0
11:4:19:0	75.0	76.0	76.0	76.0	76.0	77.0	77.0	77.0	77.0	77.0	77.0	77.0	77.0	76.0	76.0	76.0	76.0	75.0	75.0
