18:48:15:0	66.0	65.0	65.0	65.0	65.0	65.0	65.0	67.0	67.0	67.0	67.0	67.0	67.0	67.0	67.0	66.0	66.0	66.0	66.0
18:48:20:0	65.0	65.0	65.0	65.0	65.0	65.0	65.0	65.0	65.0	67.0	67.0	67.0	70.0	70.0	70.0	72.0	72.0
18:48:25:0	72.0	72.0	72.0	72.0	72.0	72.0	72.0	72.0	72.0	72.0	71.0	71.0	71.0	71.0	71.0	71.0	71.0	71.0	71.0	71.0
18:48:30:0	71.0	71.0	71.0	71.0	71.0	71.0	72.0	72.0	72.0	72.0	73.0	73.0	73.0	73.0	73.0	74.0	74.0	74.0	74.0	75.0
18:48:35:0	75.0	75.0	75.0	75.0	75.0	75.0	75.0	75.0	75.0	74.0	74.0	74.0	74.0	73.0	73.0	73.0	73.0	73.0	71.0
18:48:40:0	71.0	71.0	71.0	70.0	70.0	70.0	70.0	71.0	71.0	71.0	71.0	73.0	73.0	73.0	75.0	75.0	75.0	75.0	76.0
18:48:45:0	76.0	76.0	76.0	77.0	77.0	77.0	76.0	76.0	76.0	76.0	76.0	75.0	75.0	75.0	75.0
18:48:50:0	73.0	73.0	73.0	73.0	72.0	72.0	72.0	72.0	70.0	70.0	70.0	70.0	68.0	68.0	69.0	69.0	69.0
18:48:55:0	69.0	69.0	69.0	69.0	71.0	71.0	71.0	71.0	72.0	72.0	72.0	72.0	72.0	72.0	72.0	72.0	72.0	72.0	72.0	72.0
18:49:0:0	72.0	71.0	71.0	71.0	71.0	70.0	70.0	70.0	68.0	68.0	68.0	68.0	67.0	67.0	67.0	67.0	66.0	66.0	66.0
18:49:5:0	66.0	66.0	66.0	66.0	66.0	66.0	67.0	67.0	67.0	67.0	68.0	68.0	68.0	68.0	69.0	69.0	69.0	70.0	70.0	70.0
18:49:10:0	70.0	71.0	71.0	71.0	71.0	70.0	70.0	70.0	70.0	68.0	68.0	68.0	68.0	68.0
18:49:15:0	68.0	69.0	69.0	69.0	69.0	70.0	70.0	70.0	70.0	71.0	71.0	71.0	71.0	71.0	72.0	72.0	72.0	72.0	72.0
18:49:20:0	72.0	72.0	72.0	73.0	73.0	73.0	73.0	73.0	73.0	73.0	73.0	73.0	73.0	73.0	73.0	71.0	71.0	71.0	71.0	71.0
18:49:25:0	70.0	70.0	70.0	70.0	70.0	70.0	70.0	70.0	70.0	70.0	70.0	70.0	70.0	70.0	70.0	71.0	71.0	71.0
18:49:30:0	71.0	71.0	71.0	72.0	72.0	72.0	72.0	72.0	72.0	72.0	72.0	72.0	72.0	71.0	71.0	71.0	71.0
18:49:35:0	69.0	69.0	69.0	69.0	68.0	68.0	68.0	68.0	68.0	68.0	68.0	68.0	68.0	69.0	69.0	69.0	69.0	70.0	70.0	70.0
18:49:40:0	70.0	70.0	70.0	70.0	70.0	71.0	71.0	71.0	71.0	71.0	71.0	71.0	71.0	71.0	71.0	71.0	71.0	71.0	72.0	72.0	72.0
18:49:45:0	72.0	74.0	74.0	74.0	74.0	78.0	78.0	78.0	78.0	78.0	78.0	78.0	78.0	78.0	78.0	78.0	78.0	76.0	76.0	76.0
18:49:50:0	76.0	76.0	75.0	75.0	75.0	75.0	74.0	74.0	74.0	74.0	74.0	74.0	74.0	74.0	74.0	74.0	74.0	74.0	75.0	75.0
18:49:55:0	75.0	75.0	75.0	75.0	75.0	74.0	74.0	74.0	74.0	73.0	73.0	73.0	73.0	73.0	73.0	73.0	73.0	73.0	73.0
18:50:0:0	73.0	73.0	72.0	72.0	72.0	72.0	71.0	71.0	71.0	71.0	70.0	70.0	70.0	70.0	70.0	69.0	69.0	69.0	69.0	69.0
18:50:5:0	69.0	69.0	69.0	70.0	70.0	70.0	70.0	72.0	72.0	72.0	72.0	75.0	75.0	75.0	75.0	76.0	76.0	76.0	76.0	76.0
18:50:10:0	76.0	76.0	76.0	76.0	75.0	75.0	75.0	75.0	75.0	75.0	75.0	75.0	73.0	73.0	73.0	73.0	71.0	71.0	71.0	71.0
18:50:15:0	69.0	69.0	69.0	69.0	69.0	69.0	69.0	69.0	69.0	70.0	70.0	70.0	71.0	71.0	71.0	72.0	72.0	72.0
18:50:20:0	71.0	71.0	71.0	71.0	70.0	70.0	70.0	70.0	68.0	68.0	68.0	68.0	68.0	68.0	68.0	68.0	68.0	69.0	69.0	69.0
18:50:25:0	69.0	71.0	71.0	71.0	71.0	72.0	72.0	72.0	72.0	73.0	73.0	73.0	73.0	75.0	75.0	75.0	75.0	75.0	75.0	75.0
18:50:30:0	75.0	75.0	74.0	74.0	74.0	74.0	74.0	74.0	74.0	74.0	73.0	73.0	73.0	73.0	73.0	73.0	73.0	73.0	74.0	74.0	74.0
18:50:35:0	74.0	74.0	74.0	74.0	74.0	74.0	74.0	74.0	74.0	74.0	75.0	75.0	75.0	75.0	76.0	76.0	76.0	76.0	76.0	76.0
18:50:40:0	76.0	76.0	75.0	75.0	75.0	75.0	75.0	74.0	74.0	74.0	73.0	73.0	73.0	73.0	73.0	73.0	73.0	75.0
18:50:45:0	75.0	75.0	75.0	78.0	78.0	78.0	78.0	78.0	78.0	78.0	78.0	79.0	79.0	79.0	79.0	79.0	78.0	78.0	78.0	78.0	77.0
18:50:50:0	77.0	77.0	77.0	75.0	75.0	75.0	75.0	73.0	73.0	73.0	73.0	72.0	72.0	72.0	72.0	72.0	72.0	72.0	72.0	72.0
18:50:55:0	72.0	72.0	72.0	72.0	73.0	73.0	73.0	73.0	73.0	73.0	73.0	73.0	73.0	73.0	73.0	73.0	72.0
18:51:0:0	70.0	70.0	69.0	69.0	69.0	69.0	67.0	67.0	67.0	67.0	65.0	65.0	65.0	65.0	63.0	63.0	63.0
18:51:5:0	63.0	63.0	63.0	63.0	65.0	65.0	67.0	67.0	67.0	68.0	68.0	68.0	68.0	70.0	70.0	70.0
18:51:10:0	70.0	70.0	70.0	70.0	70.0	70.0	70.0	70.0	70.0	69.0	69.0	69.0	69.0	67.0	67.0	67.0	67.0	67.0	67.0	67.0
18:51:15:0	67.0	67.0	68.0	68.0	68.0	68.0	69.0	69.0	69.0	69.0	71.0	71.0	71.0	71.0	73.0	73.0	73.0	73.0	74.0	74.0
18:51:20:0	74.0	74.0	74.0	75.0	75.0	75.0	75.0	74.0	74.0	74.0	73.0	73.0	73.0	73.0	71.0	71.0	71.0	71.0	69.0	69.0
18:51:25:0	69.0	69.0	70.0	70.0	70.0	70.0	72.0	72.0	72.0	72.0	74.0	74.0	74.0	76.0	76.0	76.0	78.0
18:51:30:0	78.0	78.0	78.0	79.0	79.0	79.0	79.0	79.0	79.0	79.0	79.0	79.0	79.0	79.0	78.0	78.0	78.0	78.0
18:51:35:0	78.0	78.0	78.0	78.0	76.0	76.0	76.0	76.0	75.0	75.0	75.0	75.0	73.0	73.0	73.0	73.0	72.0	72.0	72.0	72.0	72.0
18:51:40:0	73.0	73.0	73.0	73.0	74.0	74.0	74.0	74.0	75.0	75.0	75.0	75.0	75.0	75.0	75.0	75.0	75.0	75.0	75.0	75.0
18:51:45:0	74.0	74.0	74.0	74.0	74.0	72.0	72.0	72.0	72.0	71.0	71.0	71.0	71.0	69.0	69.0	69.0	69.0	68.0	68.0	68.0
18:51:50:0	68.0	69.0	69.0	69.0	69.0	72.0	72.0	72.0	72.0	72.0	73.0	73.0	73.0	74.0	74.0	74.0	74.0	74.0	74.0
18:51:55:0	74.0	74.0	74.0	74.0	74.0	74.0	74.0	74.0	74.0	74.0	73.0	73.0	73.0	73.0	72.0	72.0	72.0	72.0	72.0	72.0	72.0
18:52:0:0	72.0	72.0	72.0	72.0	72.0	72.0	74.0	75.0	75.0	75.0	75.0	75.0	75.0	75.0	75.0	74.0	74.0
18:52:5:0	74.0	74.0	74.0	73.0	73.0	73.0	73.0	73.0	73.0	73.0	73.0	72.0	72.0	72.0	72.0	72.0	72.0	72.0	72.0	74.0
18:52:10:0	74.0	74.0	74.0	75.0	75.0	75.0	75.0	75.0	76.0	76.0	76.0	76.0	77.0	77.0	77.0	77.0	76.0	76.0	76.0	76.0
18:52:15:0	76.0	74.0	74.0	74.0	74.0	73.0	73.0	73.0	73.0	70.0	70.0	70.0	70.0	70.0	69.0	69.0	69.0	69.0
18:52:20:0	68.0	68.0	68.0	68.0	69.0	69.0	69.0	69.0	71.0	71.0	71.0	71.0	72.0	72.0	72.0	72.0	73.0	73.0	73.0	73.0
18:52:25:0	73.0	74.0	74.0	74.0	74.0	74.0	74.0	74.0	74.0	73.0	73.0	73.0	73.0	72.0	72.0	72.0	72.0	71.0	71.0	71.0	71.0
18:52:30:0	69.0	69.0	69.0	69.0	69.0	70.0	70.0	70.0	70.0	71.0	71.0	71.0	71.0	72.0	72.0	72.0	72.0	73.0	73.0	73.0
18:52:35:0	73.0	73.0	73.0	73.0	73.0	73.0	73.0	73.0	73.0	72.0	72.0	72.0	72.0	72.0	72.0	71.0	71.0
18:52:40:0	71.0	71.0	70.0	70.0	70.0	70.0	70.0	70.0	70.0	70.0	70.0	70.0	70.0	70.0	72.0	72.0	72.0	72.0	72.0	73.0	73.0
18:52:45:0	73.0	75.0	75.0	75.0	75.0	77.0	77.0	77.0	77.0	77.0	77.0	77.0	77.0	77.0	77.0	76.0	76.0
18:52:50:0	76.0	76.0	76.0	74.0	74.0	74.0	74.0	72.0	72.0	72.0	72.0	70.0	70.0	70.0	70.0	70.0	70.0	70.0	71.0
18:52:55:0	71.0	71.0	71.0	73.0	73.0	73.0	73.0	73.0	73.0	73.0	73.0	73.0	73.0	73.0	73.0	73.0	73.0	73.0	73.0	73.0
18:53:0:0	73.0	73.0	73.0	72.0	72.0	72.0	71.0	71.0	71.0	71.0	69.0	69.0	69.0	69.0	70.0	70.0	70.0	70.0
18:53:5:0	71.0	71.0	71.0	71.0	70.0	70.0	70.0	70.0	70.0	70.0	70.0	70.0	68.0	68.0	68.0	68.0	68.0	68.0	68.0	68.0
18:53:10:0	68.0	69.0	69.0	70.0	70.0	70.0	70.0	71.0	71.0	71.0	71.0	72.0	72.0	72.0	71.0	71.0	71.0
18:53:15:0	71.0	71.0	71.0	71.0	71.0	71.0	70.0	70.0	70.0	70.0	70.0	70.0	70.0	70.0	71.0	71.0	71.0	71.0	72.0	72.0	72.0
18:53:20:0	72.0	72.0	72.0	72.0	72.0	72.0	72.0	72.0	72.0	72.0	72.0	72.0	72.0	71.0	71.0	71.0
18:53:25:0	71.0	71.0	70.0	70.0	70.0	70.0	70.0	70.0	70.0	69.0	69.0	69.0	69.0	69.0	68.0	68.0	68.0	68.0
18:53:30:0	68.0	68.0	68.0	68.0	68.0	68.0	68.0	68.0	68.0	68.0	70.0	70.0	70.0	70.0	72.0	72.0	72.0	72.0	75.0	75.0
18:53:35:0	75.0	75.0	75.0	75.0	75.0	75.0	75.0	73.0	73.0	73.0	73.0	72.0	72.0	72.0	72.0	70.0	70.0	70.0	70.0	69.0
18:53:40:0	69.0	69.0	69.0	68.0	68.0	68.0	68.0	68.0	68.0	68.0	70.0	70.0	70.0	70.0	71.0	71.0	71.0	71.0
18:53:45:0	72.0	72.0	72.0	72.0	72.0	72.0	72.0	72.0	71.0	71.0	70.0	70.0	70.0	69.0	69.0	69.0
18:53:50:0	69.0	68.0	68.0	68.0	68.0	69.0	69.0	69.0	69.0	70.0	70.0	70.0	70.0	71.0	71.0	71.0	71.0	71.0	72.0	72.0	72.0
18:53:55:0	71.0	71.0	71.0	71.0	71.0	71.0	71.0	71.0	71.0	71.0	71.0	71.0	71.0	71.0	71.0	71.0	71.0	71.0	71.0
18:54:0:0	71.0	71.0	71.0	71.0	71.0	71.0	71.0	71.0	71.0	70.0	70.0	70.0	70.0	69.0	69.0	69.0	69.0	70.0	70.0
18:54:5:0	70.0	70.0	72.0	72.0	72.0	72.0	73.0	73.0	73.0	73.0	73.0	73.0	73.0	73.0	73.0	73.0	73.0	73.0	71.0	71.0
18:54:10:0	71.0	70.0	70.0	70.0	70.0	70.0	70.0	70.0	70.0	70.0	70.0	70.0	71.0	71.0	71.0	71.0	72.0
18:54:15:0	72.0	72.0	72.0	71.0	71.0	71.0	71.0	71.0	71.0	71.0	71.0	70.0	70.0	70.0	70.0	70.0	70.0	70.0	70.0	71.0
18:54:20:0	71.0	71.0	71.0	71.0	71.0	71.0	71.0	71.0	72.0	72.0	72.0	72.0	72.0	72.0	72.0	72.0	71.0	71.0	71.0	71.0	70.0
18:54:25:0	70.0	70.0	70.0	69.0	69.0	69.0	69.0	69.0	69.0	69.0	69.0	69.0	70.0	70.0	70.0	70.0	70.0	70.0
18:54:30:0	73.0	73.0	73.0	73.0	75.0	75.0	75.0	75.0	77.0	77.0	77.0	77.0	77.0	77.0	77.0	77.0	77.0	77.0
18:54:35:0	77.0	77.0	77.0	77.0	75.0	75.0	75.0	75.0	74.0	74.0	74.0	74.0	72.0	72.0	72.0	72.0	72.0	70.0	70.0
18:54:40:0	70.0	70.0	72.0	72.0	72.0	72.0	73.0	73.0	73.0	73.0	74.0	74.0	74.0	74.0	73.0	73.0	73.0	73.0	72.0	72.0	72.0
18:54:45:0	72.0	72.0	72.0	72.0	72.0	72.0	73.0	73.0	73.0	73.0	74.0	74.0	74.0	74.0	74.0	74.0	74.0	74.0	75.0	75.0
18:54:50:0	75.0	76.0	76.0	76.0	76.0	77.0	77.0	77.0	77.0	77.0	78.0	78.0	78.0	78.0	78.0	78.0	78.0	78.0	78.0
18:54:55:0	78.0	78.0	78.0	77.0	75.0	75.0	75.0	73.0	73.0	73.0	73.0	73.0	73.0	73.0	73.0	73.0
18:55:0:0	73.0	73.0	73.0	74.0	74.0	74.0	74.0	74.0	74.0	74.0	74.0	74.0	74.0	74.0	74.0	73.0	73.0	73.0	73.0	73.0
18:55:5:0	72.0	71.0	71.0	71.0	71.0	71.0	69.0	69.0	68.0	68.0	68.0	68.0	68.0	68.0	68.0	68.0
18:55:10:0	69.0	69.0	69.0	69.0	71.0	71.0	71.0	71.0	74.0	74.0	74.0	74.0	77.0	77.0	77.0	77.0	77.0	77.0	77.0	77.0
18:55:15:0	76.0	76.0	76.0	76.0	74.0	74.0	74.0	74.0	73.0	73.0	73.0	73.0	73.0	71.0	71.0	71.0	71.0	70.0	70.0
18:55:20:0	70.0	69.0	69.0	69.0	68.0	68.0	68.0	68.0	68.0	68.0	68.0	69.0	69.0	69.0	69.0	69.0	70.0	70.0
18:55:25:0	70.0	70.0	71.0	71.0	71.0	71.0	71.0	71.0	71.0	71.0	70.0	70.0	70.0	70.0	70.0	70.0	70.0	70.0	69.0	69.0
18:55:30:0	69.0	69.0	69.0	67.0	67.0	67.0	67.0	67.0	67.0	67.0	67.0	67.0	67.0	67.0	67.0	69.0	69.0	69.0	69.0	71.0	71.0
18:55:35:0	71.0	71.0	71.0	71.0	71.0	71.0	71.0	71.0	71.0	71.0	71.0	70.0	70.0	70.0	70.0	69.0	69.0	69.0	69.0	68.0
18:55:40:0	68.0	68.0	68.0	67.0	67.0	67.0	67.0	67.0	67.0	67.0	67.0	67.0	67.0	67.0	67.0	67.0	67.0	67.0	67.0
18:55:45:0	69.0	69.0	69.0	71.0	71.0	71.0	71.0	71.0	71.0	71.0	71.0	71.0	71.0	71.0	71.0	70.0	70.0	70.0	70.0	70.0
18:55:50:0	70.0	70.0	70.0	70.0	69.0	69.0	69.0	69.0	68.0	68.0	68.0	69.0	69.0	69.0	69.0	70.0	70.0	70.0	70.0
18:55:55:0	70.0	70.0	70.0	70.0	70.0	70.0	70.0	70.0	69.0	69.0	69.0	69.0	68.0	68.0	68.0	68.0	67.0	67.0	67.0
18:56:0:0	66.0	66.0	66.0	66.0	67.0	67.0	67.0	67.0	68.0	68.0	68.0	68.0	68.0	70.0	70.0	70.0	70.0	72.0	72.0	72.0
18:56:5:0	72.0	73.0	73.0	73.0	73.0	73.0	73.0	73.0	72.0	72.0	72.0	72.0	72.0	72.0	72.0
18:56:10:0	72.0	72.0	73.0	73.0	73.0	73.0	73.0	73.0	73.0	73.0	72.0	72.0	72.0	72.0	71.0	71.0	71.0	71.0	71.0	71.0
18:56:15:0	71.0	71.0	71.0	71.0	71.0	71.0	71.0	71.0	71.0	71.0	71.0	71.0	71.0	71.0	71.0	69.0	69.0	69.0	69.0	69.0
18:56:20:0	69.0	69.0	71.0	73.0	73.0	73.0	73.0	74.0	74.0	74.0	74.0	75.0
18:56:25:0	75.0	75.0	75.0	75.0	75.0	75.0	75.0	75.0	75.0	75.0	75.0	76.0	76.0	76.0	76.0	76.0	77.0	77.0	77.0
18:56:30:0	79.0	79.0	79.0	81.0	81.0	81.0	81.0	81.0	81.0	81.0	80.0	80.0	80.0	80.0	79.0	79.0	79.0	79.0
18:56:35:0	79.0	78.0	78.0	78.0	78.0	76.0	76.0	76.0	76.0	75.0	75.0	75.0	75.0	75.0	75.0	75.0	75.0	75.0	75.0	75.0	75.0
18:56:40:0	74.0	74.0	74.0	74.0	74.0	74.0	74.0	74.0	74.0	75.0	75.0	75.0	75.0	74.0	74.0	74.0	74.0	73.0	73.0	73.0
18:56:45:0	73.0	72.0	72.0	72.0	72.0	70.0	70.0	70.0	70.0	69.0	69.0	69.0	69.0	68.0	68.0	68.0	68.0	67.0	67.0
18:56:50:0	67.0	67.0	66.0	66.0	66.0	66.0	65.0	65.0	65.0	65.0	63.0	63.0	63.0	63.0	62.0	62.0
18:56:55:0	62.0	62.0	61.0	61.0	61.0	61.0	61.0	61.0	61.0	64.0	64.0	64.0	64.0	66.0	66.0	66.0	66.0	69.0	69.0
18:57:0:0	69.0	69.0	69.0	70.0	70.0	70.0	70.0	70.0	70.0	70.0	70.0	69.0	69.0	69.0	69.0	68.0	68.0	68.0	68.0	67.0
18:57:5:0	67.0	67.0	67.0	66.0	66.0	66.0	65.0	65.0	65.0	65.0	64.0	65.0	65.0	65.0	65.0	66.0
18:57:10:0	66.0	66.0	66.0	67.0	67.0	67.0	67.0	67.0	67.0	67.0	67.0	68.0	68.0	68.0	68.0	68.0	68.0	68.0	68.0	68.0
18:57:15:0	68.0	68.0	68.0	67.0	67.0	67.0	66.0	66.0	66.0	64.0	64.0	64.0	64.0	64.0	64.0	64.0
18:57:20:0	64.0	65.0	65.0	65.0	65.0	66.0	66.0	66.0	66.0	69.0	69.0	69.0	69.0	72.0	72.0	72.0	72.0	76.0	76.0	76.0
18:57:25:0	76.0	77.0	77.0	77.0	77.0	77.0	77.0	77.0	77.0	77.0	77.0	77.0	77.0	75.0	75.0	75.0	75.0	74.0	74.0	74.0
18:57:30:0	74.0	73.0	73.0	73.0	73.0	73.0	73.0	73.0	73.0	74.0	74.0	74.0	74.0	74.0	74.0	74.0	74.0	74.0	74.0
18:57:35:0	74.0	74.0	74.0	74.0	74.0	74.0	73.0	73.0	73.0	73.0	73.0	73.0	73.0	73.0	72.0	72.0	72.0	72.0	71.0
18:57:40:0	71.0	71.0	71.0	71.0	71.0	70.0	70.0	70.0	69.0	69.0	69.0	69.0	67.0	67.0	67.0	67.0	66.0	66.0
18:57:45:0	66.0	66.0	66.0	66.0	66.0	66.0	66.0	68.0	68.0	68.0	68.0	70.0	70.0	70.0	70.0	71.0	71.0	71.0	71.0	71.0
18:57:50:0	71.0	71.0	71.0	71.0	71.0	71.0	71.0	71.0	71.0	71.0	71.0	71.0	71.0	71.0	71.0	71.0	70.0	70.0	70.0	70.0
18:57:55:0	70.0	70.0	70.0	70.0	70.0	70.0	70.0	70.0	69.0	69.0	69.0	69.0	69.0	69.0	69.0	69.0	69.0	69.0	69.0	69.0
18:58:0:0	68.0	68.0	68.0	68.0	69.0	69.0	69.0	69.0	70.0	70.0	70.0	70.0	71.0	71.0	71.0	73.0	73.0	73.0
18:58:5:0	73.0	75.0	75.0	75.0	75.0	75.0	75.0	75.0	75.0	75.0	75.0	75.0	75.0	75.0	75.0	75.0	75.0	75.0	75.0	75.0
18:58:10:0	75.0	76.0	76.0	76.0	76.0	76.0	78.0	78.0	78.0	78.0	80.0	80.0	80.0	80.0	81.0	81.0	81.0	81.0	82.0	82.0
