11:35:52:0	97.0	97.0	97.0	97.0	97.0	97.0	97.0	97.0	97.0	99.0	99.0	99.0	99.0	101.0	101.0	101.0	101.0	103.0
11:35:57:0	104.0	104.0	104.0	104.0	105.0	105.0	105.0	105.0	105.0	106.0	106.0	106.0	106.0	107.0	107.0	107.0	107.0	107.0	107.0
11:36:2:0	107.0	107.0	108.0	108.0	108.0	108.0	107.0	107.0	107.0	107.0	107.0	107.0	107.0	107.0	107.0	107.0	107.0	107.0	107.0
11:36:7:0	107.0	107.0	106.0	106.0	106.0	105.0	105.0	105.0	105.0	105.0	105.0	105.0	105.0	105.0	105.0	103.0
11:36:12:0	103.0	103.0	103.0	102.0	102.0	102.0	102.0	102.0	102.0	102.0	102.0	102.0	102.0	102.0	102.0	102.0	102.0	102.0
11:36:17:0	102.0	102.0	102.0	102.0	102.0	102.0	102.0	102.0	102.0	102.0	102.0	102.0	102.0	102.0	102.0	102.0	102.0	102.0	102.0
11:36:22:0	102.0	102.0	102.0	102.0	102.0	102.0	102.0	102.0	102.0	102.0	102.0	102.0	102.0	102.0	102.0	102.0	102.0	102.0
11:36:27:0	102.0	102.0	102.0	102.0	102.0	102.0	102.0	103.0	103.0	103.0	103.0	103.0	103.0	103.0	103.0	103.0	104.0	104.0
11:36:32:0	104.0	104.0	104.0	104.0	104.0	104.0	104.0	104.0	104.0	103.0	103.0	103.0	103.0	103.0
11:36:37:0	103.0	102.0	102.0	102.0	102.0	102.0	101.0	101.0	101.0	101.0	100.0	100.0	100.0	100.0	99.0	99.0	99.0	99.0	99.0	99.0	99.0
11:36:42:0	99.0	99.0	99.0	99.0	99.0	99.0	99.0	99.0	99.0	99.0	99.0	99.0	99.0	99.0	99.0	99.0	99.0	99.0	99.0	99.0
11:36:47:0	99.0	99.0	99.0	99.0	99.0	99.0	99.0	99.0	99.0	99.0	99.0	100.0	100.0	100.0	100.0	99.0
11:36:52:0	99.0	99.0	99.0	99.0	99.0	99.0	99.0	99.0	99.0	99.0	99.0	100.0	100.0	100.0	100.0	100.0	100.0	100.0	99.0
11:36:57:0	99.0	99.0	99.0	99.0	99.0	99.0	98.0	98.0	98.0	98.0	97.0	96.0	96.0
11:37:2:0	96.0	96.0	96.0	96.0	96.0	96.0	96.0	97.0	97.0	97.0	97.0	97.0	97.0	97.0	97.0	98.0	98.0	98.0
11:37:7:0	98.0	98.0	98.0	98.0	99.0	99.0	99.0	99.0	99.0	99.0	99.0	99.0	99.0	99.0	99.0	99.0	100.0	100.0	100.0	100.0
11:37:12:0	100.0	100.0	100.0	100.0	99.0	99.0	99.0	99.0	98.0	98.0	98.0	98.0	97.0	97.0	97.0	97.0	97.0	96.0	96.0	96.0
11:37:17:0	96.0	96.0	96.0	96.0	96.0	96.0	96.0	96.0	96.0	96.0	96.0	96.0	96.0	96.0
11:37:22:0	96.0	96.0	97.0	97.0	97.0	97.0	97.0	97.0	97.0	97.0	98.0	98.0	98.0	98.0	98.0	98.0	98.0	98.0	99.0	99.0	99.0
11:37:27:0	99.0	99.0	99.0	99.0	99.0	99.0	99.0	99.0	99.0	99.0	99.0	99.0	99.0	99.0	99.0	99.0	99.0	99.0	99.0	99.0
11:37:32:0	99.0	99.0	99.0	99.0	99.0	99.0	99.0	99.0	99.0	100.0	100.0	100.0	100.0	101.0	101.0	101.0	101.0
11:37:37:0	101.0	101.0	101.0	102.0	102.0	102.0	102.0	102.0	102.0	102.0	102.0	101.0	101.0	101.0	101.0	101.0	101.0	101.0	101.0	101.0
11:37:42:0	100.0	100.0	100.0	100.0	100.0	100.0	99.0	99.0	99.0	98.0	98.0	98.0	98.0	98.0	98.0	98.0
11:37:47:0	98.0	98.0	98.0	98.0	98.0	98.0	98.0	98.0	98.0	98.0	98.0	98.0	98.0	98.0	98.0	98.0	98.0	98.0
11:37:52:0	98.0	98.0	98.0	98.0	99.0	99.0	99.0	99.0	99.0	99.0	99.0	99.0	99.0	99.0	99.0	99.0	100.0	100.0	100.0
11:37:57:0	100.0	100.0	100.0	100.0	100.0	100.0	100.0	100.0	100.0	101.0	101.0	101.0	101.0	102.0	102.0	102.0	102.0	102.0	102.0	102.0	102.0
11:38:2:0	102.0	102.0	101.0	101.0	101.0	99.0	99.0	99.0	98.0	98.0	98.0	98.0	97.0	97.0
11:38:7:0	97.0	97.0	97.0	97.0	97.0	98.0	98.0	98.0	100.0	100.0	100.0	100.0	100.0	100.0	100.0	100.0	101.0	101.0
11:38:12:0	101.0	101.0	100.0	100.0	100.0	100.0	100.0	100.0	100.0	100.0	100.0	99.0	99.0	99.0	99.0	98.0	98.0	98.0	97.0
11:38:17:0	97.0	97.0	97.0	97.0	97.0	97.0	98.0	98.0	98.0	98.0	98.0	98.0	98.0	98.0	98.0	98.0	98.0	98.0	98.0	98.0
11:38:22:0	98.0	98.0	98.0	98.0	98.0	98.0	98.0	98.0	98.0	98.0	98.0	98.0	98.0	98.0	98.0	98.0	98.0	98.0	98.0	98.0
11:38:27:0	98.0	98.0	98.0	98.0	98.0	98.0	98.0	98.0	98.0	98.0	98.0	99.0	99.0	99.0	99.0	99.0	99.0
11:38:32:0	100.0	100.0	100.0	100.0	100.0	100.0	100.0	100.0	100.0	100.0	100.0	100.0	99.0	99.0	99.0	99.0	99.0	99.0	99.0	99.0
11:38:37:0	98.0	98.0	98.0	98.0	98.0	98.0	98.0	98.0	98.0	98.0	98.0	98.0	98.0	98.0	98.0	100.0	100.0
11:38:42:0	100.0	100.0	100.0	100.0	100.0	101.0	101.0	101.0	101.0	101.0	101.0	101.0	101.0	101.0	101.0	101.0	101.0
11:38:47:0	101.0	101.0	102.0	102.0	102.0	102.0	102.0	102.0	102.0	102.0	102.0	102.0	102.0	102.0	101.0	101.0	101.0	101.0	101.0	101.0	101.0
11:38:52:0	101.0	101.0	99.0	99.0	99.0	99.0	98.0	98.0	98.0	97.0	97.0	96.0	96.0	96.0	96.0	96.0
11:38:57:0	96.0	96.0	96.0	96.0	96.0	96.0	96.0	96.0	96.0	96.0	96.0	97.0	97.0	97.0	97.0	98.0	98.0	98.0	98.0	98.0
11:39:2:0	98.0	98.0	98.0	99.0	99.0	99.0	99.0	99.0	99.0	99.0	99.0	100.0	100.0	100.0	100.0	100.0	100.0	100.0
11:39:7:0	100.0	100.0	100.0	100.0	100.0	100.0	100.0	100.0	100.0	100.0	99.0	99.0	99.0	99.0	99.0	99.0	99.0	99.0	99.0
11:39:12:0	98.0	98.0	98.0	98.0	98.0	98.0	98.0	98.0	97.0	97.0	97.0	97.0	97.0	97.0	97.0	97.0	98.0	98.0	98.0	98.0
11:39:17:0	99.0	99.0	99.0	99.0	99.0	100.0	100.0	100.0	101.0	101.0	101.0	101.0	101.0	101.0	101.0	102.0	102.0	102.0
11:39:22:0	102.0	102.0	102.0	102.0	102.0	101.0	101.0	101.0	101.0	101.0	101.0	101.0	101.0	101.0	101.0	101.0	101.0	101.0	101.0
11:39:27:0	101.0	101.0	101.0	101.0	101.0	101.0	101.0	101.0	101.0	101.0	100.0	100.0	100.0	100.0	100.0	100.0	100.0
11:39:32:0	100.0	100.0	100.0	100.0	100.0	100.0	100.0	100.0	100.0	100.0	100.0	100.0	100.0	100.0	100.0	100.0	100.0	100.0	101.0	101.0
11:39:37:0	101.0	101.0	101.0	101.0	101.0	101.0	101.0	101.0	101.0	101.0	101.0	101.0	101.0	101.0	101.0	101.0	101.0
11:39:42:0	102.0	102.0	102.0	102.0	102.0	102.0	102.0	102.0	102.0	102.0	102.0	102.0	102.0	102.0	102.0	102.0	103.0
11:39:47:0	103.0	103.0	103.0	103.0	103.0	104.0	104.0	104.0	104.0	104.0	104.0	104.0	105.0	105.0	105.0	105.0
11:39:52:0	105.0	105.0	105.0	105.0	105.0	105.0	105.0	105.0	105.0	105.0	105.0	105.0	105.0	105.0	105.0	105.0	103.0	103.0	103.0	103.0	103.0
11:39:57:0	100.0	100.0	100.0	98.0	98.0	98.0	98.0	98.0	98.0	98.0	98.0	99.0	99.0	99.0	99.0	100.0	100.0	100.0	100.0
11:40:2:0	101.0	101.0	101.0	101.0	102.0	102.0	102.0	102.0	102.0	101.0	101.0	101.0	101.0	101.0
11:40:7:0	101.0	100.0	100.0	100.0	100.0	99.0	99.0	99.0	99.0	99.0	98.0	98.0	98.0	97.0	97.0	97.0	97.0	97.0	97.0
11:40:12:0	97.0	97.0	97.0	97.0	97.0	97.0	97.0	97.0	97.0	98.0	98.0	98.0	98.0	98.0	98.0	98.0	98.0	98.0	99.0	99.0
11:40:17:0	99.0	99.0	99.0	99.0	99.0	99.0	98.0	98.0	98.0	98.0	98.0	98.0	98.0	98.0	98.0	98.0	98.0	99.0
11:40:22:0	99.0	99.0	99.0	100.0	100.0	100.0	101.0	101.0	101.0	101.0	102.0	102.0	102.0	102.0	102.0	102.0	102.0
11:40:27:0	103.0	103.0	103.0	103.0	103.0	103.0	103.0	103.0	103.0	103.0	102.0	102.0	102.0	101.0	101.0	101.0	101.0
11:40:32:0	101.0	101.0	101.0	101.0	101.0	101.0	101.0	101.0	101.0	100.0	100.0	100.0	100.0	100.0	100.0
11:40:37:0	100.0	100.0	100.0	100.0	100.0	100.0	100.0	100.0	100.0	100.0	100.0	100.0	100.0	101.0	101.0	101.0	101.0
11:40:42:0	101.0	102.0	102.0	102.0	102.0	102.0	102.0	102.0	103.0	103.0	103.0	103.0	103.0	103.0	103.0	103.0	102.0	102.0	102.0	102.0
11:40:47:0	102.0	102.0	102.0	102.0	102.0	101.0	101.0	101.0	101.0	101.0	101.0	101.0	101.0	102.0	102.0	102.0	102.0	103.0	103.0
11:40:52:0	103.0	105.0	105.0	105.0	105.0	105.0	105.0	105.0	106.0	106.0	106.0	106.0	106.0	106.0	105.0	105.0
11:40:57:0	105.0	105.0	105.0	105.0	105.0	103.0	103.0	103.0	103.0	102.0	102.0	102.0	102.0	100.0	100.0	100.0	100.0	98.0	98.0
11:41:2:0	98.0	98.0	98.0	98.0	98.0	97.0	97.0	97.0	97.0	97.0	97.0	97.0	97.0	97.0	97.0	97.0	97.0	97.0	97.0
11:41:7:0	97.0	97.0	97.0	97.0	97.0	97.0	97.0	97.0	97.0	97.0	97.0	97.0	97.0	97.0	97.0	97.0	97.0	97.0
11:41:12:0	97.0	97.0	98.0	98.0	98.0	98.0	98.0	99.0	99.0	99.0	99.0	99.0	99.0	99.0	99.0	100.0	100.0	100.0	100.0
11:41:17:0	100.0	100.0	100.0	100.0	100.0	100.0	100.0	100.0	100.0	100.0	100.0	100.0	100.0	100.0	100.0
11:41:22:0	101.0	101.0	101.0	101.0	101.0	101.0	101.0	101.0	101.0	101.0	101.0	102.0	102.0	102.0	102.0	102.0	102.0	102.0	102.0
11:41:27:0	103.0	103.0	103.0	103.0	103.0	103.0	103.0	103.0	103.0	103.0	103.0	103.0	102.0	102.0	102.0	102.0	102.0	102.0	102.0
11:41:32:0	102.0	101.0	101.0	101.0	101.0	100.0	100.0	100.0	100.0	98.0	98.0	98.0	98.0	98.0	98.0	98.0	98.0	98.0	98.0
11:41:37:0	98.0	98.0	98.0	98.0	98.0	98.0	98.0	98.0	98.0	98.0	98.0	98.0	98.0	99.0	99.0	99.0	99.0	99.0
11:41:42:0	99.0	99.0	100.0	100.0	100.0	100.0	100.0	100.0	100.0	100.0	100.0	100.0	100.0	100.0	100.0
11:41:47:0	100.0	100.0	100.0	100.0	100.0	100.0	100.0	100.0	100.0	100.0	100.0	100.0	100.0	101.0	101.0	101.0	101.0	100.0	100.0
11:41:52:0	100.0	100.0	100.0	100.0	100.0	100.0	100.0	100.0	100.0	101.0	101.0	101.0	101.0	101.0	101.0	101.0
11:41:57:0	101.0	101.0	100.0	100.0	100.0	100.0	100.0	100.0	100.0	100.0	99.0	99.0	99.0	99.0	99.0	99.0	99.0	99.0
11:42:2:0	98.0	98.0	98.0	98.0	98.0	98.0	98.0	98.0	98.0	98.0	98.0	99.0	99.0	99.0	99.0	99.0
11:42:7:0	99.0	100.0	100.0	100.0	100.0	101.0	101.0	101.0	101.0	101.0	101.0	101.0	101.0	101.0	101.0	101.0	101.0	101.0	101.0
11:42:12:0	101.0	100.0	100.0	100.0	100.0	100.0	100.0	100.0	100.0	100.0	100.0	100.0	100.0	100.0	100.0	101.0	101.0	101.0
11:42:17:0	101.0	101.0	101.0	101.0	101.0	101.0	101.0	101.0	101.0	101.0	100.0	100.0	100.0	100.0	99.0	99.0	99.0	99.0	99.0	99.0
11:42:22:0	99.0	99.0	98.0	98.0	98.0	98.0	98.0	98.0	98.0	98.0	98.0	98.0	98.0	98.0	98.0	99.0	99.0	100.0	100.0
11:42:27:0	100.0	100.0	100.0	100.0	101.0	101.0	101.0	101.0	101.0	101.0	100.0	100.0	100.0	100.0
11:42:32:0	100.0	100.0	100.0	100.0	100.0	100.0	100.0	100.0	100.0	100.0	100.0	100.0	100.0	100.0	100.0	100.0	100.0	100.0	100.0
11:42:37:0	100.0	100.0	100.0	100.0	99.0	99.0	99.0	99.0	99.0	99.0	99.0	99.0	100.0	100.0	100.0	100.0	101.0	101.0	101.0	101.0	101.0
11:42:42:0	101.0	101.0	101.0	102.0	102.0	102.0	102.0	102.0	103.0	103.0	103.0	103.0	103.0	103.0	103.0	103.0	103.0	103.0	103.0
11:42:47:0	103.0	103.0	103.0	103.0	102.0	102.0	102.0	101.0	101.0	101.0	101.0	100.0	100.0	100.0	100.0	100.0
11:42:52:0	100.0	100.0	100.0	100.0	101.0	101.0	101.0	101.0	101.0	101.0	101.0	101.0	102.0	102.0	102.0	102.0	102.0	102.0
11:42:57:0	102.0	102.0	103.0	103.0	103.0	103.0	103.0	103.0	103.0	103.0	103.0	103.0	103.0	103.0	103.0	103.0	103.0	104.0	104.0	104.0
11:43:2:0	104.0	104.0	104.0	104.0	104.0	104.0	103.0	103.0	103.0	103.0	103.0	103.0	103.0	102.0	102.0	102.0	102.0	102.0
11:43:7:0	102.0	102.0	101.0	101.0	101.0	101.0	101.0	102.0	102.0	102.0	102.0	103.0	103.0	103.0
11:43:12:0	103.0	103.0	103.0	104.0	104.0	104.0	104.0	104.0	104.0	104.0	104.0	104.0	104.0	104.0	104.0	104.0
11:43:17:0	104.0	104.0	104.0	104.0	104.0	104.0	104.0	104.0	104.0	104.0	103.0	103.0	103.0	103.0	103.0	103.0	103.0	103.0	103.0
11:43:22:0	102.0	102.0	102.0	102.0	102.0	102.0	102.0	102.0	102.0	102.0	102.0	102.0	102.0	101.0	101.0	101.0	101.0
11:43:27:0	101.0	101.0	101.0	101.0	101.0	101.0	101.0	101.0	101.0	101.0	101.0	101.0	101.0	101.0	101.0	101.0	101.0	101.0	101.0	101.0
11:43:32:0	100.0	100.0	100.0	100.0	100.0	100.0	100.0	100.0	100.0	100.0	100.0	100.0	100.0	100.0	100.0	100.0	100.0	101.0	101.0	101.0
11:43:37:0	101.0	102.0	102.0	102.0	102.0	103.0	103.0	103.0	103.0	103.0	103.0	103.0	103.0	103.0	103.0	103.0
11:43:42:0	103.0	103.0	103.0	103.0	103.0	103.0	103.0	103.0	103.0	102.0	102.0	102.0	102.0	102.0	102.0	102.0	102.0
11:43:47:0	102.0	102.0	102.0	102.0	102.0	102.0	102.0	101.0	101.0	101.0	101.0	101.0	101.0	101.0	101.0	101.0	101.0	101.0	101.0	102.0	102.0
11:43:52:0	102.0	102.0	102.0	102.0	102.0	102.0	103.0	103.0	103.0	103.0	103.0	103.0	103.0	103.0	103.0	104.0	104.0	104.0	104.0	104.0
11:43:57:0	104.0	104.0	104.0	103.0	103.0	103.0	103.0	102.0	102.0	101.0	101.0	101.0	101.0	100.0	100.0	100.0
11:44:2:0	100.0	99.0	99.0	99.0	99.0	99.0	99.0	99.0	99.0	99.0	100.0	100.0	100.0	100.0	100.0	100.0	100.0	100.0	100.0
11:44:7:0	101.0	102.0	102.0	102.0	102.0	102.0	103.0	103.0	103.0	103.0	103.0	103.0	103.0	103.0	103.0	103.0	103.0	103.0
11:44:12:0	103.0	103.0	103.0	103.0	103.0	102.0	102.0	102.0	101.0	101.0	101.0	101.0	101.0	101.0	101.0	102.0	102.0	102.0
11:44:17:0	102.0	103.0	103.0	103.0	103.0	104.0	103.0	103.0	103.0	103.0	103.0	103.0	103.0	103.0	103.0	102.0	102.0
11:44:22:0	102.0	102.0	102.0	102.0	101.0	101.0	101.0	101.0	100.0	100.0	100.0	100.0	100.0
11:44:27:0	100.0	100.0	100.0	100.0	99.0	99.0	99.0	99.0	99.0	99.0	99.0	99.0	99.0	99.0	99.0	99.0	99.0	99.0
11:44:32:0	99.0	99.0	99.0	98.0	98.0	98.0	98.0	98.0	98.0	98.0	98.0	98.0	98.0	98.0	98.0	99.0	99.0	99.0
11:44:37:0	99.0	99.0	99.0	100.0	100.0	100.0	100.0	101.0	101.0	101.0	101.0	102.0	102.0	102.0	102.0	103.0	103.0	103.0	103.0	105.0
11:44:42:0	105.0	105.0	105.0	106.0	106.0	106.0	106.0	106.0	106.0	106.0	106.0	106.0	106.0	106.0	106.0	106.0	106.0	106.0	106.0
11:44:47:0	104.0	104.0	104.0	103.0	103.0	103.0	101.0	101.0	101.0	100.0	100.0	100.0	100.0	100.0	100.0
11:44:52:0	100.0	101.0	101.0	101.0	101.0	101.0	101.0	101.0	101.0	103.0	103.0	103.0	103.0	104.0	104.0	104.0	104.0	104.0	104.0	104.0	104.0
11:44:57:0	103.0	103.0	103.0	103.0	103.0	103.0	103.0	103.0	102.0	102.0	102.0	102.0	102.0	102.0	102.0	101.0	101.0	101.0
11:45:2:0	101.0	101.0	101.0	101.0	101.0	101.0	101.0	101.0	101.0	101.0	101.0	101.0	101.0	101.0	101.0	101.0	101.0	102.0	102.0
11:45:7:0	102.0	102.0	102.0	102.0	102.0	103.0	103.0	103.0	103.0	103.0	103.0	103.0	103.0	103.0	103.0	103.0	103.0	103.0
11:45:12:0	103.0	103.0	102.0	102.0	102.0	101.0	101.0	101.0	101.0	101.0	101.0	101.0	101.0	101.0	101.0	102.0	102.0
11:45:17:0	102.0	102.0	102.0	102.0	102.0	102.0	102.0	102.0	102.0	103.0	103.0	103.0	103.0	103.0	103.0	103.0	103.0	103.0
11:45:22:0	103.0	103.0	103.0	102.0	102.0	102.0	102.0	102.0	101.0	101.0	101.0	101.0	101.0	101.0	101.0	101.0	101.0	101.0	101.0	101.0
11:45:27:0	101.0	101.0	101.0	101.0	101.0	101.0	101.0	101.0	101.0	101.0	101.0	102.0	102.0	102.0	102.0	102.0	102.0	102.0	102.0	102.0
11:45:32:0	103.0	103.0	103.0	103.0	103.0	103.0	103.0	103.0	103.0	103.0	103.0	103.0	102.0	102.0	102.0	102.0	102.0
11:45:37:0	102.0	102.0	102.0	102.0	102.0	102.0	102.0	101.0	101.0	101.0	101.0	101.0	101.0	101.0	101.0	101.0	101.0
11:45:42:0	101.0	101.0	101.0	101.0	101.0	101.0	102.0	102.0	102.0	102.0	102.0	102.0	102.0	102.0	102.0	102.0	102.0	102.0	101.0	101.0	101.0
11:45:47:0	101.0	101.0	101.0	101.0	101.0	101.0	101.0	101.0	101.0	101.0	102.0	102.0	102.0	102.0	102.0	102.0	102.0	103.0
