21:47:44:0	91.0	91.0	91.0	91.0	91.0	91.0	91.0	91.0	91.0	92.0	92.0	92.0	92.0	92.0	92.0	92.0	92.0	92.0	92.0
21:47:49:0	92.0	92.0	92.0	91.0	91.0	91.0	91.0	90.0	90.0	90.0	90.0	88.0	88.0	88.0	88.0	87.0	87.0	85.0
21:47:54:0	85.0	85.0	85.0	85.0	83.0	83.0	83.0	83.0	81.0	79.0	79.0	79.0	79.0	77.0	77.0	77.0
21:47:59:0	75.0	75.0	75.0	75.0	75.0	75.0	75.0	75.0	75.0	75.0	75.0	75.0	75.0	76.0	76.0	76.0	76.0	77.0	77.0	77.0
21:48:4:0	77.0	77.0	77.0	76.0	76.0	76.0	76.0	72.0	72.0	72.0	72.0	72.0	70.0	70.0	70.0	70.0	69.0	69.0	69.0
21:48:9:0	69.0	69.0	69.0	69.0	69.0	69.0	69.0	69.0	69.0	70.0	70.0	70.0	70.0	70.0	70.0	70.0	71.0	71.0	71.0
21:48:14:0	71.0	71.0	71.0	71.0	71.0	71.0	71.0	71.0	72.0	72.0	72.0	72.0	72.0	72.0	72.0	72.0	72.0	72.0
21:48:19:0	72.0	73.0	73.0	73.0	73.0	74.0	74.0	74.0	76.0	76.0	76.0	79.0	79.0	79.0	79.0	81.0	81.0
21:48:24:0	81.0	81.0	83.0	83.0	83.0	83.0	84.0	84.0	84.0	84.0	84.0	84.0	84.0	83.0	83.0	83.0
21:48:29:0	82.0	82.0	82.0	80.0	80.0	80.0	80.0	78.0	78.0	78.0	78.0	78.0	78.0	78.0	78.0	78.0	78.0	78.0	78.0	78.0
21:48:34:0	78.0	78.0	78.0	78.0	78.0	78.0	78.0	77.0	77.0	77.0	76.0	76.0	76.0	76.0	74.0	74.0	74.0	73.0
21:48:39:0	73.0	73.0	73.0	73.0	72.0	72.0	72.0	72.0	72.0	72.0	72.0	72.0	72.0	72.0	72.0	72.0	72.0	72.0
21:48:44:0	73.0	73.0	73.0	73.0	73.0	73.0	73.0	73.0	73.0	74.0	74.0	74.0	74.0	74.0	74.0	74.0	75.0	75.0	75.0	75.0
21:48:49:0	75.0	75.0	75.0	75.0	74.0	74.0	74.0	74.0	73.0	73.0	73.0	73.0	73.0	73.0	73.0	73.0	73.0	73.0
21:48:54:0	73.0	73.0	73.0	73.0	73.0	73.0	73.0	73.0	73.0	74.0	74.0	74.0	74.0	74.0	74.0	74.0	74.0	74.0	75.0	75.0
21:48:59:0	75.0	75.0	75.0	75.0	75.0	75.0	75.0	75.0	75.0	75.0	74.0	74.0	74.0	74.0	73.0	73.0	73.0	73.0	72.0	72.0
21:49:4:0	72.0	72.0	72.0	72.0	72.0	72.0	72.0	72.0	72.0	72.0	72.0	72.0	72.0	72.0	72.0	72.0	72.0	72.0	73.0	73.0
21:49:9:0	73.0	73.0	73.0	73.0	73.0	73.0	73.0	73.0	73.0	73.0	73.0	73.0	73.0	73.0	73.0	72.0	72.0	72.0	72.0
21:49:14:0	72.0	72.0	72.0	72.0	72.0	72.0	72.0	73.0	73.0	73.0	73.0	73.0	73.0	73.0	73.0	73.0
21:49:19:0	73.0	73.0	73.0	73.0	73.0	73.0	73.0	72.0	72.0	72.0	72.0	72.0	72.0	72.0	72.0	72.0
21:49:24:0	72.0	72.0	72.0	72.0	72.0	72.0	72.0	72.0	73.0	73.0	73.0	73.0	73.0	73.0	73.0	73.0	73.0
21:49:29:0	74.0	74.0	74.0	74.0	74.0	74.0	74.0	74.0	74.0	75.0	75.0	75.0	75.0	76.0	76.0	76.0	76.0	77.0	77.0	77.0
21:49:34:0	77.0	78.0	78.0	78.0	78.0	78.0	78.0	78.0	78.0	77.0	77.0	77.0	76.0	76.0	76.0	74.0	74.0
21:49:39:0	74.0	72.0	72.0	72.0	71.0	71.0	71.0	71.0	72.0	72.0	72.0	72.0	73.0	73.0	73.0	73.0	73.0	74.0	74.0
21:49:44:0	74.0	74.0	76.0	76.0	76.0	76.0	77.0	77.0	77.0	77.0	80.0	80.0	80.0	82.0	82.0	82.0	83.0	83.0
21:49:49:0	83.0	83.0	83.0	83.0	83.0	83.0	83.0	83.0	83.0	83.0	83.0	82.0	82.0	82.0	82.0	81.0	81.0	81.0	81.0	81.0
21:49:54:0	81.0	81.0	81.0	82.0	82.0	82.0	82.0	83.0	83.0	83.0	83.0	83.0	85.0	85.0	85.0	85.0	86.0	86.0	86.0	87.0
21:49:59:0	87.0	87.0	87.0	87.0	87.0	87.0	87.0	87.0	87.0	87.0	86.0	86.0	86.0	84.0	84.0	84.0
21:50:4:0	83.0	83.0	83.0	81.0	81.0	81.0	81.0	79.0	79.0	79.0	79.0	77.0	77.0	77.0	77.0	74.0	74.0	74.0	74.0
21:50:9:0	74.0	72.0	72.0	72.0	72.0	70.0	70.0	70.0	70.0	69.0	69.0	69.0	69.0	69.0	69.0	69.0	70.0	70.0	70.0	70.0
21:50:14:0	71.0	71.0	71.0	71.0	72.0	72.0	72.0	72.0	72.0	72.0	72.0	72.0	72.0	72.0	72.0	72.0	72.0	72.0	72.0	72.0
21:50:19:0	72.0	70.0	70.0	70.0	70.0	70.0	70.0	70.0	70.0	72.0	72.0	72.0	72.0	73.0	73.0	73.0	75.0	75.0
21:50:24:0	75.0	76.0	76.0	76.0	76.0	77.0	77.0	77.0	77.0	77.0	77.0	78.0	78.0	78.0	78.0	78.0	78.0
21:50:29:0	78.0	78.0	78.0	78.0	78.0	78.0	79.0	79.0	79.0	79.0	79.0	79.0	79.0	79.0	79.0	79.0	79.0	79.0	79.0	79.0
21:50:34:0	79.0	79.0	79.0	79.0	79.0	79.0	80.0	80.0	80.0	81.0	81.0	81.0	81.0	81.0	81.0	81.0	81.0
21:50:39:0	81.0	81.0	81.0	81.0	81.0	81.0	81.0	79.0	79.0	79.0	79.0	79.0	78.0	78.0	78.0	78.0	77.0	77.0	77.0	77.0
21:50:44:0	77.0	77.0	77.0	77.0	78.0	78.0	78.0	78.0	78.0	78.0	78.0	79.0	79.0	79.0	79.0
21:50:49:0	80.0	80.0	80.0	80.0	82.0	82.0	82.0	84.0	84.0	84.0	86.0	86.0	86.0	87.0	87.0	87.0	87.0
21:50:54:0	87.0	86.0	86.0	86.0	86.0	84.0	84.0	84.0	84.0	83.0	83.0	83.0	83.0	81.0	81.0	81.0	81.0	79.0	79.0	79.0
21:50:59:0	79.0	77.0	77.0	77.0	77.0	77.0	76.0	76.0	76.0	76.0	76.0	76.0	76.0	76.0	76.0	76.0
21:51:4:0	76.0	76.0	76.0	76.0	76.0	76.0	76.0	76.0	76.0	76.0	76.0	76.0	76.0	76.0	76.0	76.0	76.0	76.0	76.0	76.0
21:51:9:0	76.0	75.0	75.0	75.0	75.0	75.0	75.0	75.0	75.0	74.0	74.0	74.0	74.0	74.0	74.0	74.0	74.0	74.0
21:51:14:0	75.0	75.0	75.0	75.0	75.0	76.0	76.0	76.0	76.0	76.0	76.0	76.0	77.0	77.0	77.0	77.0	77.0	77.0
21:51:19:0	77.0	77.0	77.0	78.0	78.0	78.0	78.0	78.0	78.0	78.0	78.0	78.0	78.0	78.0	78.0	78.0	78.0	78.0	78.0
21:51:24:0	78.0	78.0	78.0	78.0	78.0	78.0	78.0	78.0	78.0	78.0	78.0	78.0	78.0	78.0	78.0	78.0	78.0	78.0	78.0	78.0
21:51:29:0	78.0	78.0	78.0	78.0	77.0	77.0	77.0	77.0	77.0	77.0	77.0	77.0	77.0	77.0	77.0	77.0	77.0	77.0
21:51:34:0	77.0	77.0	77.0	77.0	77.0	77.0	77.0	77.0	77.0	77.0	77.0	77.0	78.0	78.0	78.0	79.0	79.0	79.0
21:51:39:0	79.0	79.0	79.0	79.0	79.0	79.0	79.0	79.0	79.0	79.0	79.0	78.0	78.0	78.0	77.0	77.0	77.0
21:51:44:0	77.0	76.0	76.0	76.0	76.0	76.0	76.0	76.0	76.0	77.0	77.0	77.0	77.0	78.0	78.0	78.0	78.0	79.0	79.0
21:51:49:0	79.0	79.0	80.0	80.0	80.0	80.0	82.0	82.0	82.0	82.0	85.0	85.0	85.0	85.0	85.0	87.0	87.0
21:51:54:0	87.0	87.0	87.0	87.0	87.0	87.0	87.0	87.0	87.0	87.0	87.0	87.0	87.0	87.0	87.0	87.0	87.0	86.0
21:51:59:0	86.0	86.0	86.0	86.0	86.0	86.0	86.0	84.0	84.0	84.0	83.0	83.0	83.0	81.0	81.0	81.0	79.0
21:52:4:0	79.0	79.0	77.0	77.0	77.0	75.0	75.0	75.0	75.0	75.0	75.0	75.0	75.0	75.0	75.0	75.0	75.0	76.0
21:52:9:0	76.0	76.0	76.0	77.0	77.0	77.0	77.0	77.0	79.0	79.0	79.0	79.0	80.0	80.0	80.0	80.0	80.0	80.0	80.0	80.0
21:52:14:0	80.0	80.0	80.0	80.0	80.0	80.0	80.0	80.0	80.0	80.0	80.0	80.0	80.0	80.0	80.0	80.0	80.0
21:52:19:0	80.0	81.0	81.0	81.0	81.0	81.0	81.0	81.0	81.0	81.0	81.0	81.0	81.0	82.0	82.0	82.0	82.0	82.0	82.0	82.0
21:52:24:0	82.0	82.0	82.0	82.0	82.0	82.0	82.0	82.0	82.0	82.0	81.0	81.0	81.0	80.0	80.0	80.0
21:52:29:0	80.0	80.0	80.0	80.0	80.0	81.0	81.0	81.0	81.0	81.0	81.0	81.0	81.0	81.0	81.0	81.0	81.0	81.0
21:52:34:0	81.0	81.0	80.0	80.0	80.0	80.0	80.0	80.0	80.0	80.0	80.0	80.0	80.0	80.0	80.0	80.0	80.0	80.0	80.0	80.0
21:52:39:0	80.0	80.0	80.0	80.0	80.0	80.0	80.0	80.0	80.0	80.0	80.0	79.0	79.0	79.0	78.0	78.0	78.0	78.0	78.0	77.0
21:52:44:0	77.0	77.0	77.0	75.0	75.0	75.0	75.0	74.0	74.0	74.0	74.0	73.0	73.0	73.0	73.0	74.0	74.0	74.0	74.0	75.0
21:52:49:0	75.0	75.0	75.0	77.0	77.0	79.0	79.0	79.0	82.0	82.0	82.0	82.0	85.0	85.0	85.0	85.0
21:52:54:0	86.0	86.0	86.0	86.0	87.0	87.0	87.0	87.0	87.0	87.0	87.0	87.0	87.0	87.0	87.0	87.0	87.0	88.0	88.0	88.0	88.0
21:52:59:0	89.0	89.0	89.0	89.0	90.0	90.0	90.0	90.0	90.0	90.0	90.0	88.0	88.0	88.0	88.0	87.0	87.0
21:53:4:0	87.0	86.0	86.0	86.0	86.0	83.0	83.0	83.0	83.0	82.0	82.0	82.0	82.0	82.0	82.0	82.0	82.0	82.0	82.0
21:53:9:0	82.0	82.0	82.0	82.0	82.0	82.0	82.0	82.0	82.0	82.0	83.0	83.0	83.0	83.0	83.0	83.0	83.0	82.0	82.0	82.0
21:53:14:0	82.0	82.0	82.0	82.0	80.0	80.0	80.0	79.0	79.0	79.0	79.0	78.0	78.0	78.0	78.0
21:53:19:0	78.0	78.0	80.0	80.0	80.0	80.0	82.0	82.0	82.0	82.0	82.0	83.0	83.0	83.0	83.0	84.0	84.0	84.0	84.0	85.0
21:53:24:0	85.0	85.0	85.0	84.0	84.0	84.0	84.0	84.0	84.0	84.0	84.0	84.0	84.0	84.0	84.0	84.0	84.0	84.0	84.0	84.0
21:53:29:0	85.0	85.0	85.0	85.0	85.0	85.0	86.0	86.0	86.0	86.0	86.0	86.0	86.0	86.0	86.0	86.0	86.0	86.0
21:53:34:0	86.0	86.0	86.0	86.0	87.0	87.0	87.0	87.0	88.0	88.0	88.0	88.0	88.0	89.0	89.0	89.0
21:53:39:0	88.0	88.0	88.0	88.0	87.0	87.0	87.0	87.0	87.0	85.0	85.0	85.0	84.0	84.0	84.0	84.0	84.0	84.0	84.0
21:53:44:0	84.0	85.0	85.0	85.0	85.0	87.0	87.0	87.0	87.0	89.0	89.0	89.0	89.0	89.0	90.0	90.0	90.0	90.0	90.0	90.0	90.0
21:53:49:0	90.0	89.0	89.0	89.0	88.0	88.0	88.0	88.0	86.0	86.0	86.0	86.0	84.0	84.0	84.0	84.0	83.0	83.0	83.0
21:53:54:0	83.0	83.0	82.0	82.0	82.0	82.0	82.0	82.0	82.0	82.0	82.0	82.0	83.0	83.0	83.0	83.0	83.0	83.0
21:53:59:0	83.0	83.0	82.0	82.0	82.0	82.0	82.0	82.0	82.0	82.0	82.0	82.0	82.0	82.0	82.0	82.0	82.0	82.0
21:54:4:0	82.0	82.0	83.0	83.0	83.0	83.0	83.0	83.0	83.0	83.0	84.0	84.0	84.0	83.0	83.0	83.0	83.0
21:54:9:0	83.0	83.0	83.0	82.0	82.0	82.0	82.0	82.0	82.0	82.0	82.0	82.0	83.0	83.0	83.0
21:54:14:0	83.0	83.0	83.0	83.0	84.0	84.0	84.0	84.0	84.0	84.0	84.0	84.0	83.0	83.0	83.0	83.0	83.0	83.0	83.0	83.0
21:54:19:0	84.0	84.0	84.0	84.0	84.0	85.0	85.0	85.0	85.0	87.0	87.0	87.0	87.0	88.0	88.0	88.0	88.0	88.0	88.0
21:54:24:0	88.0	88.0	88.0	86.0	86.0	86.0	86.0	85.0	85.0	85.0	83.0	83.0	83.0	83.0	81.0	81.0	81.0
21:54:29:0	81.0	80.0	80.0	80.0	80.0	78.0	78.0	78.0	78.0	77.0	77.0	77.0	77.0	77.0	77.0	77.0	77.0	77.0	77.0	77.0
21:54:34:0	77.0	77.0	77.0	77.0	77.0	77.0	76.0	76.0	76.0	75.0	75.0	75.0	74.0	74.0	74.0	74.0	73.0
21:54:39:0	73.0	73.0	72.0	72.0	72.0	72.0	72.0	72.0	72.0	72.0	73.0	73.0	73.0	73.0	73.0	73.0	73.0	73.0	74.0	74.0
21:54:44:0	74.0	74.0	74.0	74.0	74.0	74.0	75.0	75.0	75.0	75.0	76.0	76.0	76.0	76.0	76.0	76.0	76.0	77.0
21:54:49:0	77.0	77.0	77.0	77.0	77.0	77.0	77.0	77.0	77.0	77.0	77.0	77.0	77.0	77.0	77.0	77.0	77.0	77.0
21:54:54:0	77.0	77.0	77.0	78.0	78.0	78.0	78.0	80.0	80.0	80.0	80.0	81.0	81.0	81.0	81.0	81.0	82.0	82.0	82.0
21:54:59:0	82.0	82.0	81.0	81.0	81.0	81.0	80.0	80.0	80.0	80.0	78.0	78.0	78.0	78.0	76.0	76.0	76.0	76.0
21:55:4:0	76.0	75.0	75.0	75.0	75.0	73.0	73.0	73.0	73.0	73.0	73.0	73.0	73.0	73.0	73.0	73.0	73.0	75.0	75.0	75.0	75.0
21:55:9:0	76.0	76.0	76.0	76.0	76.0	76.0	76.0	76.0	76.0	77.0	77.0	77.0	77.0	77.0	77.0	77.0	78.0	78.0
21:55:14:0	78.0	78.0	78.0	78.0	78.0	78.0	78.0	78.0	78.0	78.0	78.0	78.0	77.0	77.0	77.0	77.0	75.0	75.0
21:55:19:0	75.0	75.0	75.0	75.0	75.0	75.0	75.0	75.0	75.0	75.0	75.0	75.0	75.0	75.0	75.0	74.0
21:55:24:0	74.0	74.0	74.0	74.0	74.0	74.0	74.0	74.0	74.0	74.0	73.0	73.0	73.0	73.0	73.0	73.0	73.0	73.0	73.0	73.0
21:55:29:0	73.0	73.0	73.0	73.0	73.0	73.0	73.0	73.0	73.0	73.0	73.0	73.0	73.0	73.0	73.0	73.0	73.0	73.0
21:55:34:0	73.0	73.0	73.0	73.0	73.0	73.0	73.0	74.0	74.0	74.0	74.0	74.0	74.0	76.0	76.0	76.0	76.0
21:55:39:0	76.0	76.0	76.0	76.0	75.0	75.0	75.0	75.0	74.0	74.0	74.0	72.0	72.0	72.0	72.0	72.0	72.0	72.0	72.0
21:55:44:0	72.0	72.0	72.0	72.0	73.0	73.0	73.0	73.0	74.0	74.0	74.0	74.0	74.0	74.0	74.0	74.0	75.0	75.0	75.0	75.0
21:55:49:0	75.0	74.0	74.0	74.0	74.0	74.0	74.0	74.0	74.0	73.0	73.0	73.0	73.0	73.0	73.0	73.0	73.0	75.0	75.0
21:55:54:0	75.0	77.0	77.0	77.0	80.0	80.0	80.0	80.0	82.0	82.0	82.0	84.0	84.0	84.0	84.0	84.0
21:55:59:0	84.0	82.0	82.0	82.0	81.0	81.0	81.0	81.0	79.0	79.0	79.0	79.0	77.0	77.0
21:56:4:0	77.0	77.0	75.0	75.0	75.0	75.0	73.0	73.0	73.0	73.0	73.0	73.0	73.0	73.0	73.0	73.0	73.0
21:56:9:0	73.0	73.0	73.0	73.0	73.0	73.0	73.0	73.0	73.0	73.0	74.0	74.0	74.0	74.0	74.0	74.0	74.0	74.0	74.0
21:56:14:0	74.0	74.0	74.0	74.0	74.0	74.0	74.0	74.0	75.0	75.0	75.0	75.0	76.0	76.0	76.0	76.0	76.0	76.0	76.0
21:56:19:0	76.0	76.0	76.0	75.0	75.0	75.0	74.0	74.0	74.0	74.0	73.0	73.0	73.0	73.0	73.0	73.0
21:56:24:0	74.0	74.0	74.0	74.0	74.0	74.0	74.0	74.0	74.0	74.0	74.0	74.0	74.0	74.0	74.0	76.0	76.0	76.0
21:56:29:0	76.0	77.0	77.0	77.0	77.0	78.0	78.0	78.0	78.0	78.0	78.0	78.0	78.0	77.0	77.0	77.0	77.0	76.0	76.0	76.0
21:56:34:0	76.0	75.0	75.0	75.0	74.0	74.0	74.0	73.0	73.0	73.0	72.0	72.0	72.0	72.0	72.0	72.0
21:56:39:0	72.0	73.0	73.0	73.0	73.0	73.0	73.0	73.0	73.0	73.0	74.0	74.0	74.0	74.0	75.0	75.0	75.0	75.0	75.0	75.0
21:56:44:0	75.0	75.0	76.0	76.0	76.0	76.0	76.0	76.0	76.0	76.0	76.0	76.0	76.0	76.0	76.0	76.0	75.0
21:56:49:0	75.0	75.0	75.0	75.0	75.0	75.0	75.0	75.0	75.0	75.0	75.0	75.0	75.0	75.0	76.0	76.0	76.0	76.0	76.0	77.0
21:56:54:0	77.0	77.0	77.0	78.0	78.0	78.0	79.0	79.0	79.0	79.0	79.0	79.0	79.0	79.0	79.0	79.0	78.0
21:56:59:0	78.0	78.0	78.0	78.0	77.0	77.0	77.0	77.0	76.0	76.0	76.0	76.0	75.0	75.0	75.0	75.0	74.0	74.0	74.0	74.0
21:57:4:0	73.0	73.0	73.0	73.0	73.0	73.0	73.0	73.0	74.0	74.0	74.0	74.0	74.0	76.0	76.0	76.0	76.0	77.0	77.0	77.0	77.0
21:57:9:0	77.0	77.0	77.0	77.0	77.0	77.0	77.0	76.0	76.0	76.0	74.0	74.0	74.0	73.0	73.0
21:57:14:0	73.0	72.0	72.0	72.0	72.0	73.0	73.0	73.0	74.0	74.0	74.0	74.0	74.0	74.0	74.0	75.0	75.0	75.0
21:57:19:0	75.0	75.0	74.0	74.0	74.0	74.0	74.0	74.0	74.0	74.0	74.0	74.0	74.0	74.0	75.0	75.0	75.0
21:57:24:0	75.0	76.0	76.0	76.0	76.0	76.0	77.0	77.0	77.0	77.0	77.0	77.0	77.0	76.0	76.0	76.0	76.0	75.0	75.0
21:57:29:0	75.0	75.0	73.0	73.0	73.0	73.0	71.0	71.0	71.0	71.0	70.0	70.0	70.0	70.0	70.0	70.0	70.0	70.0
21:57:34:0	71.0	71.0	72.0	72.0	73.0	73.0	75.0	75.0	75.0	77.0	77.0	77.0	77.0	78.0
21:57:39:0	78.0	78.0	78.0	79.0	79.0	80.0	80.0	80.0	80.0	81.0	81.0	81.0	81.0	82.0	82.0	82.0	82.0	84.0
