21:30:42:0	71.0	71.0	71.0	71.0	73.0	73.0	73.0	73.0	75.0	75.0	75.0	75.0	77.0	77.0	77.0	77.0	77.0	77.0	77.0
21:30:47:0	77.0	77.0	78.0	78.0	78.0	78.0	77.0	77.0	77.0	77.0	76.0	76.0	76.0	76.0	75.0	75.0	75.0	73.0	73.0
21:30:52:0	73.0	73.0	71.0	71.0	70.0	70.0	68.0	68.0	68.0	68.0	67.0	67.0	67.0	67.0	67.0	67.0
21:30:57:0	67.0	67.0	67.0	67.0	67.0	67.0	67.0	67.0	67.0	67.0	67.0	67.0	67.0	67.0	66.0	66.0	66.0	66.0	65.0
21:31:2:0	65.0	65.0	65.0	64.0	64.0	64.0	64.0	64.0	64.0	64.0	64.0	64.0	64.0	64.0	64.0	64.0
21:31:7:0	64.0	65.0	65.0	65.0	65.0	65.0	65.0	65.0	65.0	65.0	65.0	65.0	65.0	65.0	65.0	65.0	65.0	66.0
21:31:12:0	66.0	66.0	66.0	67.0	67.0	67.0	68.0	68.0	68.0	68.0	69.0	69.0	69.0	69.0	69.0	69.0	69.0	69.0
21:31:17:0	70.0	70.0	70.0	70.0	69.0	69.0	69.0	69.0	69.0	69.0	69.0	68.0	68.0	68.0	68.0	67.0	67.0	67.0
21:31:22:0	67.0	67.0	67.0	68.0	68.0	68.0	68.0	69.0	69.0	69.0	69.0	69.0	69.0	69.0	69.0	70.0	70.0
21:31:27:0	69.0	69.0	69.0	69.0	69.0	69.0	69.0	69.0	69.0	69.0	68.0	68.0	68.0	68.0	68.0	68.0
21:31:32:0	68.0	68.0	68.0	68.0	68.0	68.0	68.0	68.0	68.0	68.0	68.0	68.0	68.0	68.0	68.0	68.0
21:31:37:0	68.0	68.0	68.0	68.0	68.0	68.0	68.0	68.0	68.0	68.0	68.0	68.0	68.0	68.0	68.0
21:31:42:0	69.0	69.0	71.0	71.0	71.0	71.0	71.0	71.0	71.0	71.0	71.0	71.0	71.0	70.0	70.0	70.0	70.0	68.0
21:31:47:0	68.0	68.0	68.0	67.0	67.0	66.0	66.0	66.0	66.0	66.0	67.0	67.0	67.0
21:31:52:0	68.0	68.0	68.0	68.0	68.0	68.0	69.0	69.0	69.0	69.0	68.0	68.0	68.0	68.0
21:31:57:0	68.0	68.0	68.0	68.0	68.0	68.0	68.0	68.0	68.0	68.0	68.0	68.0	69.0	69.0
21:32:2:0	69.0	69.0	69.0	69.0	69.0	69.0	69.0	69.0	68.0	68.0	67.0	67.0	67.0	67.0	67.0	67.0
21:32:7:0	67.0	68.0	68.0	68.0	68.0	68.0	68.0	68.0	68.0	68.0	68.0	68.0	68.0	68.0	68.0
21:32:12:0	68.0	68.0	68.0	68.0	68.0	68.0	68.0	68.0	68.0	68.0	68.0	68.0	68.0	68.0
21:32:17:0	68.0	68.0	69.0	69.0	69.0	69.0	71.0	71.0	71.0	71.0	73.0	73.0	73.0	73.0	75.0	77.0
21:32:22:0	77.0	77.0	77.0	77.0	77.0	77.0	77.0	76.0	76.0	76.0	75.0	75.0	75.0	75.0	73.0	73.0	73.0	73.0	71.0
21:32:27:0	71.0	71.0	71.0	70.0	70.0	70.0	70.0	69.0	69.0	69.0	69.0	69.0	67.0	67.0	67.0	67.0	66.0	66.0	66.0	66.0
21:32:32:0	65.0	65.0	65.0	65.0	65.0	65.0	65.0	65.0	66.0	66.0	66.0	67.0	67.0	67.0
21:32:37:0	69.0	69.0	71.0	71.0	71.0	73.0	73.0	73.0	74.0	74.0	74.0	75.0	75.0	75.0	75.0
21:32:42:0	75.0	75.0	75.0	75.0	75.0	76.0	76.0	76.0	76.0	77.0	77.0	77.0	77.0	78.0	78.0	78.0	78.0	78.0	78.0
21:32:47:0	78.0	78.0	78.0	78.0	78.0	77.0	77.0	77.0	77.0	77.0	75.0	75.0	75.0	75.0	74.0	74.0	74.0	74.0	72.0	72.0	72.0
21:32:52:0	72.0	70.0	70.0	70.0	70.0	69.0	69.0	69.0	69.0	69.0	69.0	69.0	69.0	69.0	69.0	69.0	69.0	69.0	69.0	69.0
21:32:57:0	69.0	69.0	69.0	69.0	69.0	69.0	69.0	69.0	69.0	68.0	68.0	68.0	68.0	68.0	68.0	68.0	67.0
21:33:2:0	67.0	67.0	66.0	66.0	66.0	67.0	67.0	67.0	67.0	68.0	68.0	68.0	68.0	69.0	69.0	69.0	69.0	69.0	69.0
21:33:7:0	69.0	69.0	69.0	69.0	69.0	69.0	69.0	69.0	69.0	69.0	69.0	67.0	67.0	66.0	66.0	66.0	65.0
21:33:12:0	65.0	65.0	65.0	65.0	65.0	65.0	66.0	66.0	66.0	66.0	66.0	66.0	66.0	66.0	66.0	66.0	66.0	66.0
21:33:17:0	66.0	66.0	66.0	66.0	66.0	66.0	66.0	66.0	66.0	66.0	66.0	65.0	65.0	65.0	65.0	65.0	65.0
21:33:22:0	65.0	64.0	64.0	64.0	64.0	64.0	64.0	64.0	64.0	64.0	65.0	65.0	65.0	66.0	66.0	66.0
21:33:27:0	66.0	68.0	68.0	68.0	70.0	70.0	70.0	70.0	72.0	72.0	72.0	74.0	74.0	74.0	76.0	76.0	76.0
21:33:32:0	76.0	77.0	77.0	77.0	77.0	77.0	77.0	77.0	77.0	77.0	77.0	77.0	77.0	77.0	75.0	75.0	75.0	75.0	74.0
21:33:37:0	74.0	74.0	72.0	72.0	72.0	72.0	70.0	70.0	70.0	70.0	70.0	70.0	70.0	70.0	70.0	70.0	70.0	69.0	69.0
21:33:42:0	69.0	69.0	68.0	68.0	68.0	68.0	67.0	67.0	67.0	66.0	66.0	66.0	64.0	64.0	64.0	64.0	64.0
21:33:47:0	64.0	64.0	64.0	64.0	64.0	65.0	65.0	65.0	65.0	65.0	65.0	66.0	66.0	66.0	66.0	66.0
21:33:52:0	66.0	66.0	66.0	66.0	67.0	67.0	67.0	67.0	68.0	68.0	68.0	68.0	69.0	69.0	69.0	71.0	71.0	71.0	72.0
21:33:57:0	72.0	72.0	72.0	72.0	72.0	72.0	73.0	73.0	73.0	73.0	73.0	73.0	73.0	72.0	72.0	72.0	72.0
21:34:2:0	72.0	72.0	72.0	72.0	72.0	72.0	72.0	72.0	71.0	71.0	71.0	71.0	71.0	71.0	71.0	71.0	71.0	70.0	70.0	70.0
21:34:7:0	70.0	69.0	69.0	69.0	69.0	68.0	68.0	68.0	67.0	67.0	67.0	66.0	66.0	66.0	65.0	65.0
21:34:12:0	65.0	65.0	66.0	66.0	66.0	66.0	66.0	66.0	68.0	68.0	68.0	68.0	70.0	70.0	70.0	70.0	72.0	72.0	72.0
21:34:17:0	72.0	72.0	72.0	72.0	72.0	72.0	72.0	72.0	72.0	72.0	69.0	69.0	69.0	69.0	67.0	67.0	67.0	67.0	67.0	67.0
21:34:22:0	67.0	67.0	69.0	69.0	69.0	69.0	70.0	70.0	70.0	70.0	71.0	71.0	71.0	71.0	71.0	71.0	71.0	71.0	71.0	71.0
21:34:27:0	71.0	71.0	71.0	70.0	70.0	70.0	70.0	69.0	69.0	69.0	69.0	69.0	70.0	70.0	70.0	70.0	70.0
21:34:32:0	70.0	70.0	71.0	71.0	71.0	71.0	71.0	71.0	71.0	71.0	72.0	72.0	72.0	72.0	72.0	73.0
21:34:37:0	73.0	73.0	73.0	72.0	72.0	72.0	71.0	71.0	70.0	70.0	70.0	70.0	68.0	68.0	68.0	68.0
21:34:42:0	68.0	68.0	68.0	68.0	68.0	68.0	68.0	68.0	68.0	68.0	68.0	68.0	68.0	68.0	68.0	68.0	68.0
21:34:47:0	69.0	69.0	69.0	69.0	69.0	69.0	69.0	69.0	70.0	70.0	70.0	70.0	71.0	71.0	71.0	71.0	71.0	73.0	73.0
21:34:52:0	73.0	74.0	74.0	73.0	73.0	73.0	73.0	73.0	72.0	72.0	72.0	72.0
21:34:57:0	72.0	73.0	73.5	74.0	74.0	76.0	76.0	77.0
21:35:2:0	78.0	78.0	77.0	77.0	76.0	74.0	74.0	74.0	73.0	73.0
21:35:7:0	73.0	73.0	73.0	73.0	72.0	72.0	72.0	72.0	72.0	72.0	71.0	71.0	71.0	70.0
21:35:12:0	70.0	70.0	70.0	70.0	70.0	70.0	70.0	70.0	70.0	70.0	70.0	70.0	71.0	71.0	71.0	71.0	71.0
21:35:17:0	72.0	72.0	72.0	73.0	73.0	73.0	75.0	75.0	75.0	75.0	77.0	77.0	77.0	77.0	78.0	78.0	78.0	78.0
21:35:22:0	78.0	78.0	78.0	78.0	78.0	78.0	75.0	75.0	75.0	75.0	75.0	75.0	75.0	76.0	76.0	76.0
21:35:27:0	76.0	76.0	76.0	76.0	80.0	80.0	80.0	80.0	80.0	81.0	81.0	81.0	81.0	82.0	82.0	82.0	82.0	82.0	82.0	82.0
21:35:32:0	82.0	81.0	81.0	81.0	81.0	80.0	80.0	80.0	80.0	78.0	78.0	78.0	78.0	76.0	76.0	76.0	76.0	75.0	75.0
21:35:37:0	75.0	74.0	74.0	73.0	73.0	73.0	72.0	72.0	72.0	72.0	72.0	72.0	72.0
21:35:42:0	72.0	72.0	72.0	72.0	72.0	72.0	73.0	73.0	73.0	73.0	74.0	74.0	74.0	74.0	75.0	75.0	75.0	75.0	75.0
21:35:47:0	75.0	76.0	76.0	76.0	76.0	77.0	77.0	77.0	77.0	77.0	77.0	77.0	78.0	78.0	78.0	78.0	77.0	77.0
21:35:52:0	77.0	77.0	76.0	76.0	76.0	76.0	74.0	74.0	74.0	74.0	74.0	73.0	73.0	73.0	70.0
21:35:57:0	70.0	70.0	70.0	69.0	69.0	69.0	69.0	69.0	69.0	70.0	70.0	70.0	70.0	72.0	72.0	72.0	72.0	72.0
21:36:2:0	73.0	73.0	73.0	73.0	74.0	74.0	74.0	74.0	73.0	73.0	73.0	73.0	73.0	73.0	73.0	73.0	72.0	72.0	72.0	72.0
21:36:7:0	72.0	72.0	72.0	72.0	72.0	72.0	72.0	72.0	72.0	72.0	72.0	72.0	72.0	72.0	72.0	74.0	74.0
21:36:12:0	76.0	76.0	76.0	77.0	77.0	77.0	77.0	79.0	79.0	79.0	79.0	79.0	79.0	79.0	79.0	79.0	79.0
21:36:17:0	79.0	77.0	77.0	77.0	77.0	76.0	76.0	76.0	76.0	74.0	74.0	74.0	74.0	73.0	73.0	73.0	73.0	73.0	73.0	73.0
21:36:22:0	73.0	73.0	74.0	74.0	74.0	75.0	75.0	75.0	75.0	75.0	75.0	75.0	75.0	75.0	75.0	75.0	74.0	74.0	74.0
21:36:27:0	74.0	74.0	73.0	73.0	73.0	73.0	71.0	71.0	71.0	71.0	70.0	70.0	70.0	70.0	70.0	70.0	70.0	70.0	72.0
21:36:32:0	72.0	72.0	74.0	74.0	74.0	74.0	76.0	76.0	76.0	77.0	77.0	78.0	78.0	78.0	78.0	78.0
21:36:37:0	78.0	78.0	78.0	76.0	76.0	76.0	76.0	75.0	74.0	73.0	73.0	73.0	73.0	73.0	72.0	72.0	72.0	72.0	72.0
21:36:42:0	72.0	72.0	72.0	72.0	72.0	72.0	72.0	72.0	72.0	72.0	72.0	72.0	72.0	72.0	72.0	72.0
21:36:47:0	73.0	73.0	73.0	73.0	72.0	72.0	72.0	72.0	72.0	72.0	72.0	72.0	71.0	71.0	71.0	71.0	71.0	71.0	71.0	71.0
21:36:52:0	70.0	70.0	70.0	70.0	70.0	70.0	70.0	70.0	70.0	70.0	70.0	70.0	70.0	70.0	70.0	70.0	71.0	71.0
21:36:57:0	71.0	72.0	72.0	72.0	73.0	73.0	73.0	74.0	74.0	74.0	74.0	74.0	74.0	74.0	74.0	74.0	74.0
21:37:2:0	74.0	73.0	73.0	73.0	73.0	73.0	73.0	73.0	73.0	73.0	73.0	73.0	73.0	73.0	73.0	73.0	73.0
21:37:7:0	73.0	73.0	74.0	74.0	74.0	74.0	74.0	74.0	74.0	74.0	73.0	73.0	73.0	73.0	73.0	73.0	73.0	73.0	71.0	71.0
21:37:12:0	71.0	71.0	71.0	70.0	70.0	70.0	69.0	69.0	69.0	69.0	69.0	69.0	69.0	68.0	68.0	68.0	68.0	67.0	67.0
21:37:17:0	67.0	67.0	67.0	67.0	67.0	67.0	67.0	68.0	68.0	68.0	70.0	70.0	70.0	72.0	72.0
21:37:22:0	74.0	74.0	74.0	77.0	77.0	80.0	80.0	80.0	80.0	82.0	82.0	82.0	82.0	84.0	84.0	84.0	84.0
21:37:27:0	85.0	85.0	85.0	85.0	85.0	85.0	85.0	85.0	84.0	84.0	84.0	84.0	83.0	83.0	83.0	83.0	81.0	81.0	81.0	81.0	81.0
21:37:32:0	80.0	80.0	80.0	80.0	78.0	78.0	78.0	78.0	76.0	76.0	76.0	72.0	72.0	72.0	70.0	70.0	70.0	70.0
21:37:37:0	68.0	68.0	68.0	68.0	68.0	67.0	67.0	67.0	68.0	68.0	68.0	68.0	68.0	68.0	68.0	69.0	69.0
21:37:42:0	69.0	69.0	69.0	69.0	69.0	69.0	69.0	69.0	68.0	68.0	68.0	67.0	67.0	67.0	67.0	67.0	67.0
21:37:47:0	67.0	67.0	67.0	67.0	67.0	67.0	68.0	68.0	68.0	68.0	69.0	69.0	69.0	69.0	69.0	70.0	70.0	70.0	70.0	70.0
21:37:52:0	70.0	70.0	70.0	70.0	70.0	69.0	69.0	69.0	68.0	68.0	68.0	68.0	68.0	68.0	68.0	68.0	69.0	69.0
21:37:57:0	69.0	69.0	69.0	71.0	71.0	71.0	71.0	72.0	72.0	72.0	72.0	73.0	73.0	73.0	73.0	74.0	74.0	74.0	74.0	75.0
21:38:2:0	75.0	75.0	75.0	77.0	77.0	77.0	77.0	79.0	79.0	79.0	80.0	80.0	80.0	80.0	81.0	81.0	81.0	81.0
21:38:7:0	81.0	81.0	80.0	80.0	80.0	79.0	79.0	79.0	79.0	79.0	79.0	79.0	79.0	79.0	79.0	79.0	79.0
21:38:12:0	79.0	79.0	79.0	78.0	78.0	78.0	78.0	77.0	77.0	77.0	77.0	76.0	76.0	74.0	74.0	74.0
21:38:17:0	74.0	72.0	72.0	72.0	72.0	70.0	70.0	70.0	70.0	70.0	70.0	70.0	70.0	70.0	70.0	70.0	71.0	71.0	71.0
21:38:22:0	73.0	73.0	73.0	73.0	73.0	73.0	73.0	73.0	73.0	73.0	73.0	72.0	72.0	72.0	72.0	71.0	71.0
21:38:27:0	71.0	69.0	69.0	69.0	69.0	67.0	66.0	66.0	66.0	66.0	66.0	66.0	66.0	67.0	67.0
21:38:32:0	67.0	67.0	67.0	67.0	68.0	68.0	68.0	68.0	68.0	68.0	68.0	68.0	68.0	68.0	68.0	68.0	68.0
21:38:37:0	68.0	68.0	68.0	68.0	68.0	68.0	68.0	68.0	68.0	69.0	69.0	69.0	71.0	71.0	73.0
21:38:42:0	73.0	73.0	73.0	75.0	75.0	75.0	75.0	76.0	76.0	76.0	76.0	76.0	76.0	76.0	76.0	75.0	75.0	75.0	75.0	74.0
21:38:47:0	74.0	74.0	74.0	74.0	74.0	75.0	75.0	75.0	75.0	76.0	76.0	76.0	77.0	77.0
21:38:52:0	77.0	77.0	77.0	77.0	77.0	77.0	77.0	76.0	76.0	76.0	76.0	75.0	75.0	75.0	74.0	74.0
21:38:57:0	73.0	73.0	73.0	73.0	73.0	73.0	73.0	73.0	72.0	72.0	72.0	72.0	72.0	72.0	72.0	72.0	72.0	72.0	72.0
21:39:2:0	72.0	72.0	72.0	72.0	72.0	73.0	73.0	73.0	73.0	73.0	73.0	73.0	73.0	73.0	73.0	73.0	73.0	73.0
21:39:7:0	73.0	73.0	72.0	72.0	72.0	70.0	70.0	70.0	70.0	70.0	70.0	70.0	66.0	66.0	64.0	64.0
21:39:12:0	64.0	63.0	63.0	63.0	63.0	64.0	64.0	64.0	64.0	64.0	65.0	65.0	65.0	65.0	66.0	66.0	66.0	66.0	66.0	66.0
21:39:17:0	66.0	66.0	67.0	67.0	67.0	67.0	67.0	67.0	67.0	67.0	67.0	67.0	67.0	67.0	67.0	67.0	67.0
21:39:22:0	67.0	67.0	67.0	67.0	67.0	67.0	67.0	68.0	68.0	68.0	68.0	68.0	68.0	68.0	69.0	69.0	69.0	69.0	70.0
21:39:27:0	70.0	70.0	70.0	70.0	70.0	70.0	70.0	71.0	71.0	71.0	71.0	72.0	72.0	72.0	72.0	73.0	73.0	74.0
21:39:32:0	74.0	74.0	74.0	75.0	75.0	75.0	75.0	74.0	74.0	74.0	74.0	74.0	74.0	72.0	72.0	72.0	72.0
21:39:37:0	71.0	71.0	71.0	71.0	71.0	71.0	71.0	71.0	70.0	70.0	70.0	70.0	70.0	70.0	70.0	70.0	70.0	70.0	70.0
21:39:42:0	70.0	70.0	70.0	70.0	69.0	69.0	69.0	69.0	69.0	69.0	69.0	70.0	70.0	70.0	70.0	70.0	73.0	73.0	73.0
21:39:47:0	73.0	73.0	73.0	73.0	73.0	73.0	73.0	73.0	72.0	72.0	72.0	72.0	71.0	71.0	71.0	70.0	70.0	70.0
21:39:52:0	70.0	70.0	70.0	70.0	70.0	70.0	71.0	71.0	71.0	71.0	72.0	72.0	72.0	72.0	73.0	73.0	73.0	73.0	75.0
21:39:57:0	75.0	75.0	76.0	76.0	76.0	76.0	76.0	76.0	76.0	76.0	76.0	76.0	76.0	76.0	76.0	76.0	76.0	76.0	76.0
21:40:2:0	76.0	76.0	76.0	76.0	76.0	76.0	75.0	75.0	75.0	75.0	75.0	75.0	75.0	75.0	74.0	74.0	74.0	74.0
21:40:7:0	74.0	74.0	73.0	73.0	73.0	73.0	72.0	72.0	72.0	72.0	70.0	70.0	70.0	70.0	69.0	69.0	69.0	69.0	69.0
21:40:12:0	69.0	69.0	69.0	69.0	69.0	69.0	69.0	69.0	69.0	69.0	69.0	69.0	69.0	69.0	69.0	69.0	70.0
21:40:17:0	70.0	70.0	70.0	70.0	70.0	70.0	70.0	70.0	71.0	71.0	71.0	72.0	72.0	72.0	74.0	74.0	74.0	74.0
21:40:22:0	74.0	74.0	74.0	74.0	74.0	74.0	74.0	74.0	81.0	81.0	81.0	81.0	81.0	82.0	82.0	82.0	82.0	82.0	82.0
21:40:27:0	82.0	82.0	82.0	80.0	80.0	80.0	79.0	79.0	79.0	77.0	77.0	77.0	77.0	77.0	77.0	77.0
21:40:32:0	77.0	78.0	78.0	78.0	79.0	79.0	79.0	79.0	79.0	79.0	79.0	79.0	79.0	79.0	79.0
21:40:37:0	79.0	79.0	77.0	76.0	76.0	74.0	72.0	72.0	70.0	70.0
