Expected: 2, 2, 3
17:12:22.648
17:12:24.651:   [1, 0, 0],0, 0
17:12:26.652:   [1, 0, 1],2, 0
17:12:28.488:   Low
17:12:28.653:   [0, 0, 1],0, 1
17:12:30.654:   [1, 0, 1],0, 0
17:12:32.655:   [1, 0, 2],2, 0
17:12:33.823:   High
17:12:34.656:   [1, 0, 0],2, 1
17:12:36.658:   [1, 0, 1],2, 0
17:12:38.659:   [1, 1, 1],1, 0
17:12:39.736:   Low
17:12:40.660:   [0, 1, 1],0, 1
17:12:42.661:   [0, 2, 1],1, 0
17:12:43.800:   High
17:12:44.662:   [0, 3, 0],1, -1
17:12:46.663:   [0, 3, 1],2, 0
17:12:48.664:   [1, 3, 1],0, 0
17:12:50.665:   [1, 3, 2],2, 0
17:12:51.831:   High
17:12:52.665:   [1, 3, 0],2, 1
17:12:54.666:   [1, 4, 0],1, 0
17:12:56.666:   [1, 4, 1],2, 0
17:12:57.800:   Low
17:12:58.666:   [0, 4, 1],0, 1
17:13:00.666:   [1, 4, 1],0, 0
17:13:01.408:   Low
17:13:02.666:   [0, 4, 1],0, 1
17:13:04.666:   [1, 4, 1],0, 0
17:13:06.239:   Medium
17:13:06.666:   [1, 0, 1],1, -1
17:13:08.666:   [1, 1, 1],1, 0
17:13:10.667:   [1, 1, 2],2, 0
17:13:11.952:   High
17:13:12.667:   [1, 1, 0],2, 1
17:13:14.667:   [1, 1, 1],2, 0
17:13:15.960:   Medium
17:13:16.667:   [1, 0, 1],1, 1
17:13:18.667:   [1, 0, 2],2, 0
17:13:19.768:   Low
17:13:20.667:   [0, 0, 2],0, 1
17:13:22.667:   [1, 0, 2],0, 0
17:13:24.667:   [1, 1, 2],1, 0
17:13:25.751:   Medium
17:13:26.667:   [1, 0, 2],1, 1
17:13:28.668:   [1, 0, 3],2, 0
17:13:29.176:   High
17:13:30.668:   [1, 1, 0],1, 1
17:13:31.856:   Low
17:13:32.668:   [0, 1, 0],0, 1
17:13:34:   Medium
17:13:34.668:   [0, 0, 0],1, 1
17:13:36.668:   [0, 1, 0],1, 0
17:13:37.778:   Medium
17:13:38.668:   [0, 0, 0],1, 1
17:13:40.668:   [0, 1, 0],1, 0
17:13:42.668:   [0, 1, 1],2, 0
17:13:44.668:   [0, 1, 2],2, 0
17:13:45.688:   High
17:13:46.669:   [0, 1, 0],2, 1
17:13:48.669:   [0, 2, 0],1, 0
17:13:48.696:   Medium
17:13:50.669:   [1, 0, 0],0, 1
17:13:51.808:   Low
17:13:52.669:   [0, 0, 0],0, 1
17:13:54.669:   [0, 0, 1],2, 0
17:13:56.669:   [1, 0, 1],0, 0
17:13:58.669:   [1, 0, 2],2, 0
17:14:00.669:   [1, 1, 2],1, 0
17:14:01.919:   Medium
17:14:02.669:   [1, 0, 2],1, 1
17:14:03.808:   Low
17:14:04.670:   [0, 0, 2],0, 1
17:14:05.960:   High
17:14:06.670:   [0, 0, 0],2, 1
17:14:08.670:   [0, 1, 0],1, 0
17:14:10.670:   [0, 1, 1],2, 0
17:14:12.670:   [1, 1, 1],0, 0
17:14:13.696:   Low
17:14:14.670:   [0, 1, 1],0, 1
17:14:16.670:   [0, 2, 1],1, 0
17:14:18.670:   [0, 2, 2],2, 0
17:14:18.719:   Medium
17:14:19.719:   High
17:14:20.671:   [0, 0, 0],1, -1
17:14:22.080:   Medium
17:14:22.671:   [0, 0, 0],1, -1
17:14:24.671:   [1, 0, 0],0, 0
17:14:25.680:   Low
17:14:26.671:   [0, 0, 0],0, 1
17:14:28.671:   [1, 0, 0],0, 0
17:14:30.671:   [1, 0, 1],2, 0
17:14:32.671:   [1, 0, 2],2, 0
17:14:34.671:   [1, 1, 2],1, 0
17:14:35.807:   High
17:14:36.671:   [1, 1, 0],2, 1
17:14:37.832:   Low
17:14:38.672:   [0, 1, 0],0, 1
17:14:39.792:   Medium
17:14:40.672:   [0, 0, 0],1, 1
17:14:42.672:   [0, 1, 0],1, 0
17:14:43.568:   Medium
17:14:44.672:   [0, 0, 0],1, 1
17:14:46.672:   [1, 0, 0],0, 0
17:14:48.672:   [1, 0, 1],2, 0
17:14:50.672:   [1, 1, 1],1, 0
17:14:51.983:   Low
17:14:52.672:   [0, 1, 1],0, 1
17:14:54.672:   [0, 1, 2],2, 0
17:14:56.673:   [1, 1, 2],0, 0
17:14:57.808:   High
17:14:58.673:   [1, 1, 0],2, 1
17:15:00.673:   [1, 1, 1],2, 0
17:15:01.792:   Low
17:15:02.673:   [0, 1, 1],0, 1
17:15:04.673:   [1, 1, 1],0, 0
17:15:05.608:   Low
17:15:06.673:   [0, 1, 1],0, 1
17:15:08.673:   [1, 1, 1],0, 0
17:15:10.673:   [1, 1, 2],2, 0
17:15:12.487:   Low
17:15:12.674:   [0, 2, 2],1, -1
17:15:14.674:   [0, 3, 2],1, 0
17:15:15.616:   Low
17:15:16.674:   [0, 4, 2],1, -1
17:15:18.320:   High
17:15:18.674:   [0, 4, 0],2, 1
17:15:20.600:   Medium
17:15:20.674:   [0, 0, 0],1, -1
17:15:22.674:   [1, 0, 0],0, 0
17:15:23.704:   Low
17:15:24.674:   [0, 0, 0],0, 1
17:15:26.674:   [0, 1, 0],1, 0
17:15:27.863:   Medium
17:15:28.674:   [0, 0, 0],1, 1
17:15:30.675:   [0, 0, 1],2, 0
17:15:32.675:   [0, 1, 1],1, 0
17:15:34.675:   [1, 1, 1],0, 0
17:15:36.675:   [1, 1, 2],2, 0
17:15:37.640:   High
17:15:38.675:   [1, 1, 0],2, 1
17:15:40.440:   Medium
17:15:40.675:   [1, 0, 0],1, 1
17:15:42.675:   [1, 1, 0],1, 0
17:15:44.675:   [1, 1, 1],2, 0
17:15:46.675:   [1, 1, 2],2, 0
17:15:48.024:   Medium
17:15:48.676:   [1, 0, 2],1, 1
17:15:50.160:   High
17:15:50.676:   [1, 0, 0],2, 1
17:15:52.676:   [1, 0, 1],2, 0
17:15:53.864:   Low
17:15:54.676:   [0, 0, 1],0, 1
17:15:56.676:   [0, 1, 1],1, 0
17:15:58.676:   [1, 1, 1],0, 0
17:16:00.676:   [1, 1, 2],2, 0
17:16:01.847:   Medium
17:16:02.676:   [1, 0, 2],1, 1
17:16:03.783:   High
17:16:04.676:   [1, 0, 0],2, 1
17:16:06.677:   [1, 0, 1],2, 0
17:16:07.736:   Low
17:16:08.677:   [0, 0, 1],0, 1
17:16:10.677:   [0, 1, 1],1, 0
17:16:12.677:   [1, 1, 1],0, 0
17:16:13.856:   High
17:16:14.677:   [1, 1, 0],2, -1
17:16:15.728:   Low
17:16:16.677:   [0, 1, 0],0, 1
17:16:18.677:   [0, 1, 1],2, 0
17:16:20.677:   [1, 1, 1],0, 0
17:16:22.678:   [1, 2, 1],1, 0
17:16:23.744:   Medium
17:16:24.678:   [1, 0, 1],1, -1
17:16:26.678:   [1, 1, 1],1, 0
17:16:28.678:   [1, 1, 2],2, 0
17:16:30.104:   Medium
17:16:30.678:   [1, 0, 2],1, 1
17:16:32.192:   High
17:16:32.678:   [1, 0, 0],2, 1
17:16:34.678:   [1, 0, 1],2, 0
17:16:36.678:   [1, 1, 1],1, 0
17:16:37.679:   Medium
17:16:38.678:   [1, 0, 1],1, 1
17:16:40.679:   [1, 0, 2],2, 0
17:16:42.679:   [1, 1, 2],1, 0
17:16:43.616:   Medium
17:16:44.679:   [1, 0, 2],1, 1
17:16:46.679:   [1, 1, 2],1, 0
17:16:48.144:   Low
17:16:48.679:   [0, 1, 2],0, 1
17:16:50.679:   [0, 2, 2],1, 0
17:16:52.679:   [1, 2, 2],0, 0
17:16:53.671:   Low
17:16:54.679:   [0, 2, 2],0, 1
17:16:56.679:   [1, 2, 2],0, 0
17:16:57.792:   Low
17:16:58.680:   [0, 2, 2],0, 1
17:17:00.680:   [0, 3, 2],1, 0
17:17:00.784:   Medium
17:17:02.168:   High
17:17:02.680:   [0, 0, 0],2, 1
17:17:04.680:   [0, 0, 1],2, 0
17:17:06.680:   [1, 0, 1],0, 0
17:17:07.728:   Low
17:17:08.680:   [0, 0, 1],0, 1
17:17:10.680:   [0, 1, 1],1, 0
17:17:12.680:   [0, 1, 2],2, 0
17:17:14.680:   [1, 1, 2],0, 0
17:17:15.752:   Low
17:17:16.681:   [0, 1, 2],0, 1
17:17:18.681:   [1, 1, 2],0, 0
17:17:20.296:   High
17:17:20.681:   [1, 1, 0],2, 1
17:17:21.928:   Medium
17:17:22.681:   [1, 0, 0],1, 1
17:17:24.681:   [1, 0, 1],2, 0
17:17:26.681:   [1, 0, 2],2, 0
17:17:27.551:   Low
17:17:28.681:   [0, 0, 2],0, 1
17:17:29.543:   High
17:17:30.681:   [0, 0, 0],2, 1
17:17:32.682:   [0, 1, 0],1, 0
17:17:34.682:   [1, 1, 0],0, 0
17:17:36.682:   [1, 1, 1],2, 0
17:17:38.352:   Medium
17:17:38.682:   [1, 0, 1],1, 1
17:17:40.682:   [1, 1, 1],1, 0
17:17:42.248:   Low
17:17:42.682:   [0, 1, 1],0, 1
17:17:44.682:   [0, 1, 2],2, 0
17:17:45.791:   Medium
17:17:46.682:   [0, 0, 2],1, 1
17:17:48.682:   [0, 1, 2],1, 0
17:17:49.807:   Medium
17:17:50.683:   [0, 0, 2],1, 1
17:17:52.344:   High
17:17:52.683:   [0, 0, 0],2, 1
17:17:54.683:   [1, 0, 0],0, 0
17:17:56.683:   [1, 1, 0],1, 0
17:17:58.384:   Low
17:17:58.683:   [0, 1, 0],0, 1
17:18:00.683:   [0, 1, 1],2, 0
17:18:02.683:   [0, 1, 2],2, 0
17:18:04.683:   [1, 1, 2],0, 0
17:18:05.911:   High
17:18:06.683:   [1, 1, 0],2, 1
17:18:08.684:   [1, 1, 1],2, 0
17:18:10.684:   [1, 1, 2],2, 0
17:18:11.856:   Low
17:18:12.684:   [0, 1, 2],0, 1
17:18:13.840:   Medium
17:18:14.684:   [0, 0, 2],1, 1
17:18:16.684:   [1, 0, 2],0, 0
17:18:18.304:   High
17:18:18.684:   [1, 0, 0],2, 1
17:18:20.684:   [1, 1, 0],1, 0
17:18:22.684:   [1, 1, 1],2, 0
17:18:23.759:   Low
17:18:24.684:   [0, 1, 1],0, 1
17:18:26.685:   [1, 1, 1],0, 0
17:18:27.480:   Low
17:18:28.685:   [0, 1, 1],0, 1
17:18:30.685:   [0, 1, 2],2, 0
17:18:31.832:   Medium
17:18:32.685:   [0, 0, 2],1, 1
17:18:34.685:   [1, 0, 2],0, 0
17:18:35.688:   Low
17:18:36.685:   [0, 0, 2],0, 1
17:18:38.479:   High
17:18:38.685:   [0, 1, 0],1, -1
17:18:40.685:   [0, 1, 1],2, 0
17:18:42.686:   [0, 2, 1],1, 0
17:18:44.296:   Medium
17:18:44.686:   [0, 0, 1],1, -1
17:18:46.686:   [1, 0, 1],0, 0
17:18:48.686:   [1, 0, 2],2, 0
17:18:49.832:   High
17:18:50.686:   [1, 0, 0],2, 1
17:18:52.686:   [2, 0, 0],0, 0
17:18:53.296:   Low
17:18:54.686:   [0, 0, 1],2, 1
17:18:56.686:   [0, 0, 2],2, 0
17:18:57.671:   Medium
17:18:58.686:   [0, 0, 2],1, -1
17:19:00.687:   [0, 1, 2],1, 0
17:19:02.687:   [1, 1, 2],0, 0
17:19:04.120:   Medium
17:19:04.687:   [1, 0, 2],1, 1
17:19:05.800:   Low
17:19:06.687:   [0, 0, 2],0, 1
17:19:08.687:   [1, 0, 2],0, 0
17:19:09.944:   High
17:19:10.687:   [1, 0, 0],2, 1
17:19:12.687:   [1, 1, 0],1, 0
17:19:14.359:   Medium
17:19:14.687:   [1, 0, 0],1, 1
17:19:15.855:   Low
17:19:16.687:   [0, 0, 0],0, 1
17:19:16.726:   Low
17:19:18.688:   [0, 0, 0],0, -1
17:19:20.688:   [0, 0, 1],2, 0
17:19:22.688:   [0, 0, 2],2, 0
17:19:23.944:   Low
17:19:24.688:   [0, 0, 2],0, -1
17:19:26.688:   [1, 0, 2],0, 0
17:19:27.856:   Low
17:19:28.688:   [0, 0, 2],0, 1
17:19:30.095:   High
17:19:30.688:   [0, 0, 0],2, 1
17:19:32.688:   [0, 1, 0],1, 0
17:19:34.688:   [1, 1, 0],0, 0
17:19:36.689:   [1, 1, 1],2, 0
17:19:37.920:   Low
17:19:38.689:   [0, 1, 1],0, 1
17:19:40.689:   [1, 1, 1],0, 0
17:19:41.968:   Medium
17:19:42.689:   [1, 0, 1],1, 1
17:19:44.689:   [1, 1, 1],1, 0
17:19:46.689:   [1, 1, 2],2, 0
17:19:47.831:   Low
17:19:48.689:   [0, 1, 2],0, 1
17:19:50.689:   [1, 1, 2],0, 0
17:19:51.927:   High
17:19:52.690:   [1, 1, 0],2, 1
17:19:54.072:   Low
17:19:54.690:   [0, 1, 0],0, 1
17:19:56.690:   [0, 1, 1],2, 0
17:19:57.888:   Medium
17:19:58.690:   [0, 0, 1],1, 1
17:20:00.690:   [1, 0, 1],0, 0
17:20:02.690:   [1, 1, 1],1, 0
17:20:04.064:   Low
17:20:04.690:   [0, 1, 1],0, 1
17:20:05.887:   Medium
17:20:06.690:   [0, 0, 1],1, 1
17:20:08.690:   [0, 0, 2],2, 0
17:20:09.751:   High
17:20:10.691:   [0, 0, 0],2, 1
17:20:12.691:   [0, 0, 1],2, 0
17:20:14.691:   [1, 0, 1],0, 0
17:20:15.760:   Low
17:20:16.691:   [0, 0, 1],0, 1
17:20:18.691:   [1, 0, 1],0, 0
17:20:20.691:   [1, 0, 2],2, 0
17:20:22.691:   [1, 1, 2],1, 0
17:20:23.887:   High
17:20:24.691:   [1, 1, 0],2, 1
17:20:26.119:   Medium
17:20:26.691:   [1, 0, 0],1, 1
17:20:28.692:   [1, 0, 1],2, 0
17:20:29.704:   Low
17:20:30.692:   [0, 0, 1],0, 1
17:20:32.692:   [0, 1, 1],1, 0
17:20:34.692:   [0, 1, 2],2, 0
17:20:35.952:   High
17:20:36.692:   [0, 1, 0],2, 1
17:20:38.692:   [0, 1, 1],2, 0
17:20:40.692:   [0, 1, 2],2, 0
17:20:41.959:   Medium
17:20:42.692:   [0, 0, 2],1, 1
17:20:43.831:   High
17:20:44.692:   [0, 0, 0],2, 1
17:20:46.693:   [0, 0, 1],2, 0
17:20:48.693:   [1, 0, 1],0, 0
17:20:50.693:   [1, 1, 1],1, 0
17:20:51.648:   Low
17:20:52.693:   [0, 1, 1],0, 1
17:20:54.176:   Medium
17:20:54.693:   [0, 0, 1],1, 1
17:20:56.693:   [1, 0, 1],0, 0
17:20:58.693:   [1, 0, 2],2, 0
17:20:59.735:   Low
17:21:00.693:   [0, 0, 2],0, 1
17:21:02.352:   High
17:21:02.694:   [0, 0, 0],2, 1
17:21:04.694:   [0, 1, 0],1, 0
17:21:05.608:   Medium
17:21:06.694:   [0, 0, 0],1, 1
17:21:08.694:   [0, 1, 0],1, 0
17:21:10.694:   [1, 1, 0],0, 0
17:21:11.640:   Low
17:21:12.694:   [0, 1, 0],0, 1
17:21:14.694:   [1, 1, 0],0, 0
17:21:16.559:   Medium
17:21:16.694:   [1, 0, 0],1, 1
17:21:18.694:   [1, 0, 1],2, 0
17:21:20.695:   [1, 0, 2],2, 0
17:21:22.624:   Low
17:21:22.695:   [0, 0, 2],0, 1
17:21:24.576:   High
17:21:24.695:   [0, 0, 0],2, 1
17:21:26.695:   [0, 0, 1],2, 0
17:21:28.695:   [1, 0, 1],0, 0
17:21:30.695:   [2, 0, 1],0, 0
17:21:32.424:   Low
17:21:32.695:   [0, 0, 2],2, 1
17:21:34.695:   [1, 0, 2],0, 0
17:21:35.951:   High
17:21:36.695:   [1, 0, 0],2, 1
17:21:38.696:   [1, 1, 0],1, 0
17:21:39.664:   Low
17:21:40.696:   [0, 1, 0],0, 1
17:21:42.696:   [1, 1, 0],0, 0
17:21:43.368:   Low
17:21:44.696:   [0, 2, 0],1, -1
17:21:46.288:   Medium
17:21:46.696:   [0, 0, 0],1, -1
17:21:48.696:   [1, 0, 0],0, 0
17:21:49.631:   Low
17:21:50.696:   [0, 0, 0],0, 1
17:21:52.696:   [0, 0, 1],2, 0
17:21:53.847:   High
17:21:54.696:   [0, 0, 0],2, -1
17:21:56.697:   [1, 0, 0],0, 0
17:21:57.672:   Low
17:21:58.697:   [0, 0, 0],0, 1
17:22:00.697:   [0, 1, 0],1, 0
17:22:02.697:   [1, 1, 0],0, 0
17:22:04.048:   Medium
17:22:04.697:   [1, 0, 0],1, 1
17:22:06.697:   [1, 0, 1],2, 0
17:22:08.697:   [1, 0, 2],2, 0
17:22:09.831:   High
17:22:10.697:   [1, 0, 0],2, 1
17:22:12.698:   [1, 0, 1],2, 0
17:22:14.698:   [1, 1, 1],1, 0
17:22:16.698:   [1, 1, 2],2, 0
17:22:18.192:   Medium
17:22:18.698:   [1, 0, 2],1, 1
17:22:20.008:   Low
17:22:20.698:   [0, 0, 2],0, 1
17:22:22.024:   High
17:22:22.698:   [0, 0, 0],2, 1
Tone 1 count: 102
Tone 2 count: 93
Tone 3 count: 105
Correct: 114; False Positive: 19
