14:41:49:0	85.0	85.0	85.0	86.0	86.0	86.0	86.0	86.0	86.0	86.0	86.0	86.0	86.0	86.0
14:41:54:0	86.0	86.0	86.0	86.0	85.0	85.0	85.0	84.0	84.0	84.0	84.0	82.0	82.0	82.0	82.0	81.0	81.0	81.0
14:41:59:0	81.0	80.0	80.0	80.0	80.0	79.0	79.0	79.0	79.0	79.0	79.0	79.0	79.0	78.0	78.0	78.0	78.0	78.0
14:42:4:0	78.0	78.0	78.0	78.0	78.0	79.0	79.0	79.0	79.0	79.0	79.0	79.0	79.0	79.0	79.0	79.0	79.0	79.0
14:42:9:0	79.0	79.0	79.0	79.0	79.0	79.0	79.0	79.0	80.0	80.0	80.0	80.0	80.0	80.0	80.0	80.0	80.0	80.0
14:42:14:0	80.0	80.0	80.0	79.0	79.0	79.0	79.0	79.0	79.0	79.0	78.0	78.0	78.0	78.0	78.0	78.0	78.0
14:42:19:0	78.0	78.0	78.0	79.0	79.0	79.0	79.0	79.0	80.0	80.0	80.0	80.0	81.0	81.0	81.0	81.0	81.0	81.0	81.0	81.0	81.0
14:42:24:0	81.0	81.0	81.0	81.0	81.0	81.0	81.0	81.0	81.0	81.0	81.0	81.0	82.0	82.0	82.0	82.0	82.0	82.0
14:42:29:0	82.0	82.0	82.0	82.0	82.0	82.0	82.0	82.0	82.0	82.0	81.0	81.0	81.0	81.0	81.0	81.0	81.0
14:42:34:0	81.0	80.0	80.0	80.0	80.0	80.0	80.0	80.0	80.0	80.0	81.0	81.0	81.0	81.0	81.0
14:42:39:0	80.0	80.0	80.0	80.0	80.0	80.0	80.0	80.0	80.0	80.0	80.0	80.0	80.0	80.0
14:42:44:0	80.0	81.0	81.0	81.0	81.0	82.0	82.0	82.0	82.0	82.0	82.0	82.0	82.0	82.0	82.0	82.0	82.0	82.0	82.0
14:42:49:0	82.0	82.0	81.0	81.0	81.0	81.0	80.0	80.0	80.0	80.0	80.0	80.0	80.0	80.0	80.0	79.0	79.0	79.0	79.0	80.0
14:42:54:0	80.0	80.0	80.0	80.0	80.0	80.0	80.0	81.0	81.0	81.0	81.0	81.0	81.0	81.0	81.0	81.0	81.0	82.0
14:42:59:0	82.0	82.0	82.0	82.0	82.0	82.0	82.0	82.0	82.0	82.0	82.0	82.0	82.0	82.0	82.0
14:43:4:0	82.0	82.0	83.0	83.0	83.0	83.0	83.0	83.0	83.0	83.0	83.0	83.0	83.0	83.0	83.0	83.0	83.0
14:43:9:0	82.0	82.0	82.0	82.0	82.0	82.0	82.0	82.0	82.0	82.0	82.0	82.0	82.0	82.0	82.0	82.0	82.0
14:43:14:0	82.0	82.0	82.0	82.0	81.0	81.0	81.0	81.0	81.0	81.0	81.0	82.0	82.0	82.0	82.0	82.0	82.0	82.0
14:43:19:0	82.0	82.0	82.0	82.0	82.0	82.0	82.0	82.0	82.0	82.0	82.0	82.0	82.0	82.0	82.0	83.0	83.0	83.0
14:43:24:0	83.0	84.0	84.0	84.0	86.0	86.0	86.0	86.0	86.0	86.0	86.0	86.0	85.0	85.0
14:43:29:0	85.0	84.0	84.0	84.0	83.0	83.0	83.0	83.0	83.0	82.0	82.0	82.0	82.0	82.0	82.0	82.0	82.0	83.0	83.0
14:43:34:0	83.0	83.0	83.0	83.0	83.0	83.0	83.0	83.0	83.0	83.0	83.0	83.0	83.0	83.0	83.0	83.0	83.0	83.0	84.0
14:43:39:0	84.0	84.0	84.0	84.0	84.0	84.0	84.0	85.0	85.0	85.0	85.0	84.0	84.0	84.0	84.0	83.0
14:43:44:0	83.0	83.0	83.0	83.0	82.0	82.0	82.0	82.0	82.0	82.0	83.0	84.0	84.5
14:43:49:0	85.0	85.0	85.0	86.0	86.0	86.0	86.0	86.0	86.0	86.0	86.0	86.0	86.0
14:43:54:0	86.0	86.0	86.0	86.0	86.0	86.0	86.0	86.0	86.0	87.0	87.0	88.0	88.0	88.0
14:43:59:0	89.0	89.0	89.0	89.0	89.0	89.0	89.0	89.0	90.0	90.0	90.0	90.0	89.0	89.0	89.0	89.0	89.0	89.0	89.0	89.0
14:44:4:0	89.0	87.0	87.0	85.0	85.0	85.0	85.0	84.0	84.0	84.0	83.0	83.0	82.0	82.0	82.0
14:44:9:0	82.0	81.0	81.0	81.0	81.0	81.0	81.0	81.0	81.0	81.0	81.0	81.0	81.0	80.0
14:44:14:0	80.0	80.0	79.0	79.0	79.0	77.0	77.0	77.0	77.0	77.0	77.0	77.0	78.0	78.0	78.0	78.0	80.0	80.0
14:44:19:0	80.0	80.0	82.0	82.0	82.0	82.0	83.0	83.0	83.0	83.0	84.0	84.0	84.0	84.0
14:44:24:0	84.0	84.0	84.0	84.0	84.0	84.0	84.0	84.0	84.0	84.0	84.0	84.0
14:44:29:0	84.0	84.0	84.0	84.0	84.0	84.0	84.0	84.0	84.0	84.0	84.0	83.0	83.0	83.0	83.0
14:44:34:0	83.0	83.0	82.0	82.0	82.0	82.0	82.0	81.0	81.0	81.0	81.0	81.0	81.0
14:44:39:0	81.0	81.0	81.0	82.0	82.0	82.0	82.0	82.0	82.0	82.0	82.0	82.0	82.0	82.0
14:44:44:0	82.0	82.0	82.0	82.0	82.0	82.0	82.0	82.0	82.0	82.0	82.0	82.0	82.0	82.0	83.0	83.0
14:44:49:0	83.0	83.0	82.0	82.0	82.0	81.0	81.0	81.0	81.0	80.0	80.0	80.0	80.0	80.0	80.0
14:44:54:0	80.0	80.0	80.0	80.0	80.0	80.0	80.0	80.0	80.0	80.0	80.0	80.0	80.0	80.0	81.0	81.0
14:44:59:0	81.0	81.0	82.0	82.0	82.0	82.0	82.0	83.0	83.0	83.0	83.0	83.0	83.0	83.0	83.0
14:45:4:0	83.0	83.0	83.0	82.0	82.0	82.0	81.0	81.0	81.0	81.0	81.0	81.0	81.0	81.0	81.0
14:45:9:0	81.0	81.0	81.0	82.0	82.0	82.0	84.0	84.0	84.0	84.0	84.0	84.0	84.0	84.0	84.0	84.0	84.0	84.0
14:45:14:0	85.0	85.0	85.0	85.0	84.0	84.0	84.0	84.0	84.0	84.0	84.0	83.0	83.0	83.0	83.0	82.0	82.0	82.0	82.0
14:45:19:0	82.0	82.0	82.0	82.0	82.0	82.0	82.0	82.0	82.0	82.0	82.0	82.0	82.0	82.0	82.0	82.0	83.0	83.0	83.0
14:45:24:0	83.0	83.0	83.0	84.0	84.0	83.0	83.0	83.0	83.0	83.0	83.0	83.0	82.0
14:45:29:0	81.0	81.0	80.0	80.0	80.0	80.0	81.0	81.0	81.0	81.0	81.0	81.3076923076923
14:45:34:0	81.61538461538461	81.92307692307692	82.23076923076923	82.53846153846153	82.84615384615384
14:45:39:0	83.15384615384615	83.46153846153845	83.76923076923076	84.07692307692307	84.38461538461537
14:45:44:0	84.69230769230768	84.99999999999999	85.0	85.0	84.0	84.0	84.0	84.0	85.0
14:45:49:0	85.0	85.75	86.5	87.25	88.0	88.0	88.0	88.0
14:45:54:0	87.5	87.0	87.0	87.0	87.0	87.0	87.0	87.0	87.0	85.0	85.0	85.0	85.0	84.0	84.0	84.0	84.0
14:45:59:0	84.0	84.0	84.0	84.0	84.0	84.0	84.0	84.0	84.0	84.0	84.0	84.0	84.0	84.0	84.0	84.0	84.0	84.0	84.0
14:46:4:0	84.0	84.0	84.0	84.0	84.0	84.0	84.0	84.0	84.0	84.0	84.0	84.0	84.0	83.0	83.0	83.0	82.0	82.0	82.0
14:46:9:0	82.0	80.0	80.0	80.0	79.0	79.0	79.0	78.0	78.0	78.0	78.0	79.0	79.0	79.0	80.0
14:46:14:0	80.0	81.0	81.0	81.0	83.0	83.0	83.0	83.0	84.0	84.0	84.0	84.0	84.0	84.0	82.0	82.0
14:46:19:0	82.0	82.0	81.0	81.0	81.0	81.0	79.0	79.0	79.0	79.0	77.0	76.0	76.0	76.0	76.0	76.0
14:46:24:0	76.0	76.0	77.0	77.0	77.0	79.0	79.0	79.0	79.0	80.0	80.0	80.0	82.0	82.0	82.0
14:46:29:0	82.0	82.0	82.0	82.0	82.0	82.0	82.0	82.0	81.0	81.0	81.0	81.0	81.0	81.0	81.0	81.0
14:46:34:0	81.0	81.0	81.0	81.0	81.0	81.0	81.0	81.0	82.0	82.0	82.0	82.0	82.0	83.0	83.0	83.0	83.0
14:46:39:0	83.0	83.0	83.0	84.0	84.0	84.0	84.0	84.0	84.0	84.0	82.0	82.0	82.0
14:46:44:0	82.0	81.0	81.0	81.0	80.0	80.0	80.0	80.0	80.0	80.0	80.0	80.0	80.0	80.0	81.0	81.0	81.0	81.0
14:46:49:0	81.0	81.0	81.0	81.0	81.0	82.0	82.0	82.0	82.0	83.0	83.0	83.0	83.0	83.0	83.0	83.0	84.0	84.0	84.0
14:46:54:0	84.0	84.0	84.0	84.0	84.0	84.0	84.0	84.0	84.0	84.0	84.0	84.0	84.0	84.0	84.0	84.0	84.0
14:46:59:0	84.0	84.0	84.0	84.0	84.0	84.0	84.0	84.0	84.0	84.0	84.0	84.0	84.0	84.0	84.0
14:47:4:0	84.0	84.0	84.0	84.0	84.0	84.0	84.0	84.0	84.0	84.0	84.0	84.0	84.0	84.0	84.0	84.0	84.0	84.0	84.0	84.0
14:47:9:0	84.0	84.0	84.0	84.0	84.0	84.0	84.0	83.0	83.0	83.0	83.0	83.0	83.0
14:47:14:0	82.0	82.0	82.0	82.0	82.0	82.0	82.0	83.0	83.0	83.0	84.0	84.0	84.0	85.0	85.0	85.0
14:47:19:0	85.0	85.0	85.0	85.0	85.0	85.0	85.0	83.0	83.0	83.0	82.0	82.0	82.0
14:47:24:0	82.0	82.0	82.0	82.0	83.0	83.0	83.0	83.2	83.4	83.60000000000001
14:47:29:0	83.80000000000001	84.00000000000001	84.0	83.0	83.0	83.0	83.0	83.0	82.0	82.0	82.0	82.0
14:47:34:0	82.0	81.0	81.0	81.0	81.0	81.0	81.0	81.0	81.0	80.0	80.0	80.0	80.0	80.0	80.0
14:47:39:0	80.0	81.0	81.0	81.0	81.0	82.0	82.0	82.0	82.0	83.0	83.66666666666667
14:47:44:0	84.33333333333334	85.00000000000001	85.0	85.0	85.0	84.0	84.0
14:47:49:0	82.0	82.0	82.0	82.0	82.0	82.0	82.0	82.0	82.0	82.0	83.0	83.0	84.0
14:47:54:0	84.0	84.0	84.0	85.0	85.0	85.0	85.0	84.0	84.0	84.0	84.0	84.0	84.0	84.0
14:47:59:0	83.85714285714286	83.71428571428572	83.57142857142858	83.42857142857144	83.2857142857143
14:48:4:0	83.14285714285717	83.00000000000003	83.0	85.0	85.0	85.5	86.0	86.0
14:48:9:0	86.0	86.0	86.0	86.0	85.0	85.0	84.5	84.0
14:48:14:0	83.5	83.0	83.0	82.0	82.0	82.0	82.0	82.0
14:48:19:0	82.0	82.0	82.0	82.0	82.0	82.0	82.0	82.0	83.0	83.0	83.0	83.0
14:48:24:0	83.0	83.0	83.0	83.0	83.0	83.0	83.0	83.0	83.0	83.0	83.0
14:48:29:0	83.0	83.0	82.5	82.0	81.5	81.0	81.0	80.0
14:48:34:0	80.0	80.0	79.0	79.0	79.0	79.0	79.0	79.0	80.0	80.0	80.0	80.0	81.0	81.0	81.0	82.0
14:48:39:0	82.0	82.0	82.0	82.0	82.0	82.0	82.0	83.0	83.0	83.0	83.0	83.0	83.0	83.0	84.0	84.0	84.0	84.0
14:48:44:0	83.0	83.0	83.0	82.5	82.0	82.0	82.0	81.5	81.0	81.0
14:48:49:0	80.0	80.0	80.0	80.0	80.0	80.0	80.0	80.0	80.0
14:48:54:0	80.0	80.0	80.0	80.0	80.0	80.0	80.0	80.0	80.0	80.0	80.0	80.0	80.0	80.0	80.0
14:48:59:0	80.0	80.0	81.0	81.0	82.0	82.0	82.0	82.0	82.0	83.0	83.0	83.0
14:49:4:0	83.0	82.0	82.0	82.0	82.0	82.0	82.0	82.0	81.0	81.0	81.0	80.0	80.0	80.0	80.0	80.0
14:49:9:0	80.0	80.0	81.0	81.0	81.0	81.0	81.0	81.0	81.0	81.0	80.25	79.5
14:49:14:0	78.75	78.0	78.0	78.0	78.0	78.0	78.0	78.0	78.0	79.0	79.0	79.0
14:49:19:0	80.0	80.0	81.0	81.0	81.0	81.0	82.0	82.0	82.0	82.0	83.0	83.0	83.0	83.0	85.0	85.0	85.0	85.0	85.0
14:49:24:0	85.0	85.0	85.0	85.0	85.0	85.0	84.0	84.0	84.0	83.0	83.0	83.0	82.0	82.0	82.0
14:49:29:0	82.0	82.0	82.0	82.0	82.0	82.0	83.0	83.0	83.0	84.0	84.0	84.0	84.0	84.0	84.0	84.0
14:49:34:0	83.0	83.0	83.0	83.0	83.0	83.0	83.0	83.0	83.0	83.0	83.0	83.0
14:49:39:0	83.0	83.0	83.0	83.0	83.0	83.0	83.0	83.0	83.0	83.0	82.0	82.0	82.0	82.0	82.0	81.0	81.0
14:49:44:0	81.0	81.0	81.0	81.0	81.0	81.0	80.0	80.0	80.0	80.0	80.0	80.0	81.0	81.0	81.0	81.0
14:49:49:0	81.0	81.0	81.0	81.0	81.0	81.0	81.0	81.0	81.0	81.0	81.0	81.0	81.0	81.0	81.0	81.0	81.0	81.0
14:49:54:0	81.0	81.0	80.0	80.0	80.0	80.0	80.0	80.0	80.0	80.0	80.0	80.0	80.0	80.0	80.0	81.0	81.0
14:49:59:0	81.0	81.0	81.0	82.0	82.0	82.0	82.0	82.0	82.0	82.0	82.0	81.0	81.0	81.0
14:50:4:0	80.0	80.0	80.0	79.0	79.0	79.0	78.0	78.0	78.0	78.0	79.0	79.0	79.0	80.0	80.0	80.0	80.0	80.0
14:50:9:0	81.0	81.0	81.0	81.0	81.0	81.0	81.0	80.0	80.0	80.0	80.0	80.0	80.0	80.0	80.0	79.0	79.0	79.0
14:50:14:0	79.0	79.0	79.0	79.0	79.0	79.0	79.0	79.0	79.0	79.0	79.0	80.0	80.0	80.0	81.0	81.0	81.0
14:50:19:0	81.0	82.0	82.0	82.0	82.0	82.0	82.0	82.0	82.0	81.0	81.0	81.0	81.0	80.0	80.0	80.0
14:50:24:0	80.0	79.0	79.0	79.0	79.0	79.0	79.0	79.0	79.0	80.0	80.0	80.0	80.0	80.0	82.0	82.0
14:50:29:0	82.0	82.0	82.0	82.0	83.0	83.0	83.0	83.0	83.0	83.0	83.0	83.0	83.0	83.0	83.0	83.0
14:50:34:0	83.0	83.0	83.0	83.0	83.0	83.0	83.0	82.0	82.0	82.0	82.0	82.0	82.0	82.0	81.0	81.0	81.0	81.0	80.0	80.0
14:50:39:0	80.0	80.0	80.0	80.0	80.0	80.0	80.0	80.0	80.0	80.0	80.0	80.0	80.0	80.0	80.0	81.0
14:50:44:0	81.0	81.0	81.0	81.0	81.0	81.0	81.0	81.0	81.0	81.0	81.0	81.0	81.0	80.0	80.0	80.0	80.0
14:50:49:0	80.0	80.0	80.0	80.0	80.0	80.0	80.0	80.0	80.0	80.0	80.0
14:50:54:0	80.0	80.0	80.0	80.0	80.0	81.0	81.0	81.0	81.0	81.0	82.0	82.0	82.0	82.0	82.0
14:50:59:0	82.0	82.0	82.0	82.0	83.0	83.0	83.0	83.0	83.0	83.0	83.0	83.0	83.0	84.0	84.0	84.0	84.0	84.0	84.0	84.0
14:51:4:0	84.0	84.0	84.0	84.0	84.0	83.0	83.0	83.0	83.0	83.0	83.0	83.0	83.0	83.0	83.0	83.0	83.0	84.0	84.0
14:51:9:0	84.0	84.0	84.0	84.0	84.0	83.0	83.0	83.0	82.0	82.0	82.0	79.0	79.0	79.0	79.0	79.0	79.0
14:51:14:0	79.0	79.0	79.0	79.0	79.0	80.0	80.0	80.0	80.0	80.0	80.0	80.0	80.0	80.0	80.0	80.0	80.0
14:51:19:0	80.0	80.0	80.0	80.0	80.0	80.0	80.0	80.0	80.0	80.0	80.0	80.0	80.0	80.0	81.0	81.0
14:51:24:0	81.0	81.0	81.0	81.0	81.0	81.0	81.0	81.28571428571429	81.57142857142858	81.85714285714288
14:51:29:0	82.14285714285717	82.42857142857146	82.71428571428575	83.00000000000004	83.0	83.0	85.0	85.0	85.0
14:51:34:0	87.0	87.0	87.0	87.0	88.0	88.0	88.0	88.0	89.0	89.0	89.0	89.0	89.0	89.0	89.0	89.0	89.0	89.0
14:51:39:0	89.0	90.0	90.0	90.0	90.0	90.0	90.0	90.0	89.0	89.0	89.0	89.0	89.0	89.0	89.0	89.0	87.0	87.0	87.0
14:51:44:0	87.0	86.0	86.0	86.0	83.0	83.0	83.0	83.0	81.0	81.0	81.0	80.0	80.0	80.0	80.0	79.0	79.0	79.0
