11:49:1:0	73.0	75.0	75.0	75.0	75.0	78.0	78.0	78.0	78.0	78.0	79.0	79.0	79.0	79.0	80.0	80.0	80.0	80.0	80.0
11:49:6:0	80.0	80.0	80.0	80.0	80.0	80.0	80.0	79.0	79.0	79.0	79.0	79.0	79.0	79.0	79.0	79.0	79.0	79.0	79.0	79.0	78.0
11:49:11:0	78.0	78.0	77.0	77.0	77.0	77.0	75.0	74.0	74.0	74.0	74.0	72.0	72.0	72.0	72.0	72.0
11:49:16:0	70.0	70.0	70.0	70.0	69.0	69.0	69.0	69.0	69.0	68.0	68.0	68.0	67.0	67.0
11:49:21:0	67.0	67.0	67.0	67.0	66.0	66.0	66.0	66.0	65.0	65.0	65.0	64.0	64.0	64.0	64.0	64.0	64.0	64.0	64.0
11:49:26:0	64.0	64.0	64.0	64.0	63.0	63.0	63.0	63.0	63.0	63.0	63.0	63.0	63.0	62.0	62.0	62.0	62.0	62.0	62.0	62.0
11:49:31:0	62.0	62.0	62.0	62.0	62.0	62.0	62.0	62.0	62.0	63.0	63.0	63.0	63.0	64.0	64.0	64.0	64.0	64.0
11:49:36:0	64.0	64.0	65.0	65.0	65.0	67.0	67.0	67.0	67.0	70.0	70.0	70.0	70.0	71.0	71.0	71.0	71.0	71.0	71.0
11:49:41:0	71.0	72.0	72.0	72.0	72.0	72.0	72.0	71.0	71.0	71.0	71.0	71.0	71.0	70.0	70.0
11:49:46:0	70.0	70.0	70.0	70.0	70.0	70.0	70.0	70.0	70.0	70.0	70.0	70.0	70.0	70.0	70.0	69.0	69.0	69.0	69.0
11:49:51:0	69.0	69.0	69.0	69.0	69.0	69.0	69.0	68.0	68.0	68.0	68.0	68.0	68.0	68.0	68.0	68.0	67.5
11:49:56:0	67.0	67.0	67.0	67.0	67.0	66.0	66.0	66.0	66.0	65.0	65.0	65.0	65.0	65.0	65.0	65.0	65.0	65.0	65.0	65.0
11:50:1:0	65.0	65.0	65.0	65.0	66.0	66.0	66.0	66.0	67.0	67.0	67.0	67.0	67.0	67.0	67.0	67.0
11:50:6:0	67.0	67.0	67.0	67.0	67.0	67.0	67.0	67.0	67.0	67.0	67.0	67.0	67.0	68.0	68.0	68.0	68.0	68.0	68.0
11:50:11:0	68.0	70.0	70.0	70.0	70.0	70.0	70.0	70.0	70.0	71.0	71.0	71.0	72.0	72.0	72.0	72.0	72.0
11:50:16:0	72.0	73.0	73.0	73.0	73.0	73.0	73.0	73.0	73.0	73.0	73.0	73.0	73.0	73.0	73.0	73.0	73.0	74.0	74.0
11:50:21:0	74.0	74.0	75.0	75.0	75.0	76.0	76.0	76.0	76.0	76.0	76.0	76.0	76.0	77.0	77.0	77.0	77.0	76.0	76.0
11:50:26:0	76.0	76.0	76.0	76.0	76.0	76.0	75.0	75.0	74.0	74.0	73.0	73.0	73.0	73.0	73.0	73.0
11:50:31:0	73.0	73.0	73.0	73.0	73.0	73.0	73.0	73.0	73.0	73.0	73.0	73.0	73.0	73.0	73.0	73.0	73.0
11:50:36:0	73.0	73.0	73.0	73.0	73.0	73.0	73.0	72.0	72.0	72.0	72.0	72.0	72.0	72.0	72.0	71.0	71.0	71.0
11:50:41:0	71.0	71.0	71.0	71.0	71.0	71.0	71.0	71.0	71.0	71.0	71.0	70.0	70.0	70.0	70.0	70.0	70.0	70.0	70.0
11:50:46:0	70.0	69.0	69.0	69.0	69.0	68.0	68.0	68.0	68.0	68.0	68.0	69.0	69.0	69.0	69.0	69.0
11:50:51:0	69.0	70.0	70.0	70.0	70.0	70.0	70.0	71.0	71.0	71.0	71.0	71.0	71.0	71.0	71.0	71.0
11:50:56:0	71.0	70.0	70.0	70.0	70.0	69.0	69.0	69.0	69.0	68.0	68.0	68.0	68.0	68.0	68.0	68.0	68.0	68.0	68.0
11:51:1:0	68.0	68.0	68.0	68.0	68.0	68.0	68.0	68.0	68.0	68.0	68.0	68.0	68.0	68.0	68.0	68.0	68.0	67.0	67.0
11:51:6:0	67.0	67.0	67.0	67.0	67.0	67.0	67.0	67.0	67.0	67.0	67.0	67.0	67.0	67.0	67.0	67.0	67.0	67.0	67.0
11:51:11:0	67.0	67.0	67.0	67.0	67.0	67.0	67.0	67.0	67.0	67.0	67.0	67.0	67.0	67.0	67.0	67.0	67.0	67.0	67.0
11:51:16:0	67.0	67.0	69.0	69.0	69.0	69.0	69.0	69.0	69.0	70.0	70.0	70.0	70.0	70.0	70.0	70.0	70.0
11:51:21:0	70.0	70.0	70.0	71.0	71.0	71.0	71.0	71.0	71.0	71.0	71.0	71.0	71.0	71.0	71.0	71.0	70.0	70.0	70.0	70.0
11:51:26:0	70.0	70.0	70.0	69.0	69.0	69.0	69.0	69.0	69.0	69.0	69.0	69.0	69.0	69.0	69.0	69.0	69.0	69.0	69.0
11:51:31:0	69.0	69.0	69.0	69.0	69.0	69.0	69.0	69.0	69.0	69.0	69.0	69.0	69.0	69.0	70.0	70.0	70.0
11:51:36:0	70.0	71.0	71.0	71.0	71.0	72.0	72.0	72.0	72.0	73.0	73.0	73.0	74.0	74.0	74.0	74.0	74.0
11:51:41:0	74.0	75.0	75.0	75.0	75.0	74.0	74.0	74.0	74.0	74.0	74.0	74.0	74.0	74.0	74.0	74.0	75.0	75.0
11:51:46:0	75.0	75.0	75.0	75.0	76.0	76.0	76.0	76.0	77.0	77.0	77.0	77.0	77.0	77.0	77.0	77.0	77.0	75.0
11:51:51:0	75.0	75.0	75.0	74.0	74.0	74.0	74.0	73.0	73.0	73.0	73.0	73.0	73.0	73.0	73.0	73.0	73.0	73.0	73.0	74.0
11:51:56:0	74.0	74.0	74.0	75.0	75.0	75.0	76.0	76.0	76.0	77.0	77.0	77.0	77.0	77.0	77.0	77.0	76.0
11:52:1:0	76.0	76.0	76.0	75.0	75.0	75.0	75.0	74.0	74.0	74.0	74.0	74.0	74.0	74.0	74.0	74.0	74.0
11:52:6:0	74.0	74.0	74.0	74.0	73.0	73.0	73.0	73.0	73.0	73.0	73.0	73.0	73.0	72.0	72.0	72.0	72.0	72.0	72.0	72.0	72.0
11:52:11:0	72.0	72.0	72.0	72.0	72.0	72.0	72.0	72.0	72.0	72.0	72.0	72.0	72.0	71.0	71.0	71.0
11:52:16:0	71.0	71.0	71.0	71.0	71.0	71.0	71.0	71.0	71.0	71.0	71.0	71.0	71.0	71.0	72.0	72.0	72.0
11:52:21:0	72.0	73.0	73.0	73.0	73.0	73.0	75.0	75.0	75.0	75.0	76.0	76.0	76.0	76.0	76.0	76.0	76.0	76.0	76.0	76.0
11:52:26:0	76.0	76.0	76.0	76.0	76.0	76.0	76.0	76.0	75.0	75.0	75.0	75.0	75.0	75.0	75.0	74.0
11:52:31:0	74.0	74.0	74.0	74.0	74.0	73.0	73.0	73.0	73.0	73.0	73.0	73.0	73.0	73.0	73.0	73.0	73.0	73.0	73.0
11:52:36:0	73.0	73.0	73.0	73.0	73.0	73.0	73.0	73.0	73.0	73.0	73.0	73.0	73.0	73.0	73.0	73.0	73.0	73.0	73.0
11:52:41:0	73.0	73.0	73.0	73.0	73.0	73.0	73.0	73.0	73.0	73.0	73.0	73.0	73.0	73.0	73.0	73.0	72.0	72.0	72.0
11:52:46:0	72.0	72.0	72.0	72.0	72.0	72.0	72.0	72.0	73.0	73.0	73.0	73.0	73.0	73.0	73.0	74.0	74.0	74.0
11:52:51:0	76.0	76.0	76.0	78.0	78.0	78.0	78.0	79.0	79.0	79.0	79.0	79.0	79.0	79.0	77.0	77.0	77.0
11:52:56:0	77.0	76.0	76.0	76.0	76.0	76.0	76.0	76.0	76.0	76.0	76.0	76.0	76.0	76.0	76.0	76.0	76.0	76.0	76.0	76.0
11:53:1:0	76.0	76.0	76.0	76.0	76.0	75.0	75.0	75.0	75.0	74.0	74.0	74.0	74.0	74.0	74.0	74.0	74.0	73.0	73.0	73.0
11:53:6:0	73.0	73.0	73.0	73.0	73.0	73.0	73.0	74.0	74.0	74.0	74.0	74.0	74.0	74.0	74.0	74.0	74.0
11:53:11:0	74.0	74.0	74.0	74.0	74.0	74.0	74.0	74.0	74.0	74.0	74.0	74.0	74.0	73.0
11:53:16:0	73.0	73.0	73.0	73.0	73.0	73.0	73.0	73.0	73.0	73.0	74.0	74.0	74.0	74.0	74.0
11:53:21:0	74.0	74.0	74.0	75.0	75.0	75.0	75.0	76.0	76.0	76.0	76.0	76.0	76.0	76.0	76.0	76.0
11:53:26:0	76.0	76.0	76.0	76.0	76.0	76.0	76.0	76.0	76.0	76.0	76.0	75.0	75.0	75.0	75.0	75.0	75.0	75.0
11:53:31:0	74.0	74.0	74.0	74.0	74.0	74.0	74.0	74.0	74.0	74.0	75.0	75.0	75.0	75.0	76.0	76.0	76.0	76.0
11:53:36:0	76.0	76.0	76.0	76.0	77.0	77.0	77.0	77.0	77.0	77.0	77.0	77.0	77.0	77.0	77.0
11:53:41:0	77.0	77.0	77.0	77.0	77.0	77.0	77.0	77.0	78.0	78.0	78.0	78.0	77.0	77.0	77.0	77.0	77.0	77.0	77.0
11:53:46:0	77.0	77.0	76.0	76.0	76.0	76.0	75.0	75.0	75.0	75.0	74.0	74.0	74.0	74.0	74.0	74.0	74.0	74.0	74.0	74.0	74.0
11:53:51:0	74.0	74.0	75.0	75.0	75.0	75.0	75.0	75.0	75.0	75.0	76.0	76.0	76.0	76.0	76.0	76.0	76.0	76.0	76.0	76.0
11:53:56:0	76.0	76.0	76.0	76.0	76.0	76.0	76.0	76.0	75.0	75.0	75.0	75.0	74.0	74.0	74.0	74.0
11:54:1:0	74.0	74.0	74.0	75.0	75.0	75.0	76.0	76.0	77.0	77.0	77.0	77.0	77.0	77.0	77.0	77.0	77.0
11:54:6:0	77.0	77.0	77.0	77.0	77.0	77.0	77.0	76.0	76.0	76.0	76.0	76.0	76.0	76.0	76.0	76.0	76.0	76.0	76.0	76.0
11:54:11:0	76.0	76.0	76.0	76.0	76.0	76.0	76.0	76.0	77.0	77.0	77.0	77.0	78.0	78.0	78.0	78.0	78.0	78.0	78.0
11:54:16:0	78.0	78.0	78.0	78.0	78.0	78.0	78.0	78.0	78.0	76.0	76.0	76.0	76.0	75.0	75.0	75.0	75.0	74.0	74.0	74.0
11:54:21:0	74.0	74.0	74.0	74.0	74.0	74.0	74.0	74.0	74.0	75.0	75.0	75.0	75.0	75.0	75.0	75.0	76.0	76.0	76.0
11:54:26:0	76.0	76.0	76.0	76.0	76.0	76.0	76.0	76.0	76.0	76.0	76.0	76.0	76.0	76.0	76.0	76.0	76.0
11:54:31:0	76.0	76.0	75.0	75.0	75.0	75.0	74.0	74.0	74.0	74.0	74.0	74.0	74.0	74.0	72.0	72.0	72.0	72.0	71.0	71.0
11:54:36:0	71.0	71.0	71.0	70.0	70.0	70.0	70.0	70.0	70.0	70.0	70.0	71.0	71.0	71.0	71.0	71.0	71.0	71.0	71.0	72.0	72.0
11:54:41:0	72.0	72.0	72.0	72.0	72.0	72.0	71.0	71.0	71.0	71.0	71.0	71.0	71.0	71.0	71.0	71.0	71.0	71.0	71.0	72.0
11:54:46:0	72.0	72.0	72.0	72.0	72.0	73.0	73.0	74.0	74.0	74.0	75.0
11:54:51:0	75.0	75.0	75.0	76.0	76.0	76.0	76.0	76.0	76.0	76.0	76.0	77.0	77.0	77.0	77.0	77.0	77.0	77.0	77.0	77.0
11:54:56:0	78.0	78.0	78.0	78.0	77.0	77.0	77.0	77.0	77.0	77.0	77.0	77.0	77.0	77.0	77.0	77.0	78.0	78.0	78.0
11:55:1:0	78.0	78.0	78.0	78.0	78.0	78.0	78.0	78.0	77.0	77.0	77.0	77.0	76.0	76.0	76.0	76.0	75.0	75.0	75.0
11:55:6:0	75.0	74.0	74.0	74.0	74.0	75.0	75.0	75.0	75.0	76.0	76.0	76.0	76.0	76.0	76.0	76.0	76.0	76.0	76.0	76.0
11:55:11:0	76.0	76.0	76.0	76.0	75.0	75.0	75.0	75.0	75.0	75.0	75.0	75.0	75.0	75.0	75.0	75.0
11:55:16:0	75.0	75.0	76.0	76.0	76.0	76.0	75.0	75.0	75.0	75.0	75.0	75.0	75.0	75.0	74.0	74.0	74.0	74.0	74.0
11:55:21:0	74.0	74.0	74.0	74.0	74.0	74.0	75.0	75.0	75.0	75.0	75.0	75.0	75.0	75.0	76.0	76.0	76.0	76.0	77.0
11:55:26:0	77.0	77.0	77.0	78.0	78.0	78.0	78.0	78.0	78.0	78.0	78.0	78.0	79.0	79.0	79.0	79.0	79.0	79.0	79.0	79.0	79.0
11:55:31:0	79.0	79.0	79.0	79.0	79.0	79.0	79.0	80.0	80.0	80.0	80.0	80.0	80.0	80.0	80.0	80.0	81.0	81.0	81.0
11:55:36:0	81.0	81.0	81.0	82.0	82.0	82.0	82.0	82.0	82.0	82.0	82.0	82.0	81.0
11:55:41:0	81.0	80.0	80.0	80.0	80.0	78.0	78.0	78.0	78.0	77.0	77.0	77.0	77.0	75.0	75.0	75.0	75.0	73.0	73.0	73.0
11:55:46:0	73.0	72.0	72.0	72.0	72.0	71.0	71.0	71.0	70.0	70.0	70.0	70.0	70.0	70.0	70.0	70.0	70.0	70.0	70.0
11:55:51:0	70.0	70.0	70.0	70.0	70.0	70.0	70.0	70.0	70.0	71.0	71.0	71.0	71.0	71.0	71.0	71.0	71.0	71.0	72.0	72.0
11:55:56:0	72.0	72.0	72.0	72.0	72.0	73.0	73.0	73.0	73.0	73.0	73.0	73.0	73.0	73.0	73.0	73.0
11:56:1:0	73.0	73.0	73.0	74.0	74.0	74.0	75.0	75.0	75.0	75.0	76.0	76.0	76.0	76.0	76.0	76.0	76.0	76.0	77.0	77.0
11:56:6:0	77.0	77.0	77.0	76.0	76.0	76.0	76.0	76.0	76.0	76.0	76.0	76.0	76.0	76.0	76.0	76.0	76.0	76.0
11:56:11:0	76.0	76.0	76.0	76.0	76.0	76.0	76.0	76.0	76.0	76.0	76.0	76.0	76.0	76.0	76.0	76.0	75.0	75.0	75.0	75.0
11:56:16:0	75.0	75.0	75.0	75.0	74.0	74.0	74.0	74.0	73.0	73.0	73.0	74.0	74.0	74.0	74.0	75.0	75.0	75.0
11:56:21:0	76.0	76.0	76.0	77.0	77.0	77.0	77.0	78.0	78.0	78.0	78.0	78.0	78.0	79.0	79.0	79.0
11:56:26:0	79.0	79.0	79.0	79.0	79.0	79.0	79.0	80.0	80.0	80.0	80.0	80.0	80.0	80.0	81.0	81.0	81.0
11:56:31:0	81.0	81.0	81.0	81.0	81.0	81.0	81.0	81.0	81.0	81.0	81.0	81.0	81.0	81.0	79.0	79.0	79.0	79.0	78.0	78.0
11:56:36:0	78.0	76.0	76.0	76.0	75.0	75.0	75.0	74.0	74.0	74.0	74.0	74.0	74.0	74.0	74.0	75.0	75.0
11:56:41:0	75.0	75.0	77.0	77.0	77.0	77.0	79.0	79.0	79.0	79.0	79.0	79.0	79.0	79.0	81.0	81.0	81.0	81.0	81.0	80.0
11:56:46:0	80.0	80.0	80.0	78.0	78.0	78.0	77.0	77.0	77.0	75.0	75.0	75.0	74.0	74.0	74.0	74.0	74.0
11:56:51:0	74.0	74.0	74.0	74.0	74.0	74.0	74.0	74.0	74.0	74.0	74.0	74.0	74.0	74.0	74.0	73.0	73.0	73.0	73.0	73.0
11:56:56:0	73.0	73.0	73.0	73.0	73.0	73.0	73.0	73.0	73.0	73.0	73.0	73.0	73.0	73.0	73.0	73.0	74.0	74.0	74.0	74.0
11:57:1:0	74.0	74.0	74.0	74.0	75.0	75.0	75.0	75.0	75.0	75.0	75.0	74.0	74.0	74.0	74.0	74.0	74.0	74.0
11:57:6:0	74.0	74.0	74.0	74.0	74.0	74.0	74.0	74.0	74.0	74.0	74.0	75.0	75.0	75.0	75.0	75.0	75.0
11:57:11:0	75.0	76.0	76.0	75.0	75.0	75.0	74.0	74.0	74.0	74.0	73.0	73.0
11:57:16:0	73.0	72.0	72.0	72.0	72.0	72.0	72.0	72.0	72.0	72.0	72.0	72.0	72.0	72.0	72.0	72.0	72.0	72.0	72.0	72.0
11:57:21:0	72.0	73.0	73.0	73.0	73.0	73.0	73.0	73.0	73.0	73.0	73.0	73.0	73.0	73.0	74.0	74.0	74.0	74.0	74.0	74.0
11:57:26:0	74.0	74.0	74.0	74.0	74.0	74.0	74.0	74.0	74.0	74.0	74.0	74.0	74.0	74.0	74.0	74.0	74.0	75.0
11:57:31:0	75.0	75.0	75.0	75.0	75.0	75.0	76.0	76.0	76.0	75.0	75.0	75.0	75.0	75.0	75.0	74.0
11:57:36:0	74.0	74.0	74.0	74.0	74.0	74.0	73.0	73.0	73.0	73.0	73.0	73.0	73.0	73.0	73.0	73.0	73.0	73.0	73.0
11:57:41:0	73.0	73.0	73.0	73.0	73.0	73.0	73.0	73.0	73.0	73.0	73.0	73.0	73.0	73.0	73.0	73.0	73.0	73.0	73.0	73.0
11:57:46:0	73.0	74.0	74.0	74.0	74.0	74.0	74.0	74.0	74.0	74.0	74.0	74.0	74.0	74.0	74.0
11:57:51:0	74.0	74.0	74.0	74.0	75.0	75.0	75.0	75.0	75.0	75.0	75.0	75.0	75.0	75.0	75.0	75.0	75.0	75.0	75.0
11:57:56:0	75.0	75.0	74.0	74.0	74.0	74.0	74.0	74.0	74.0	74.0	74.0	74.0	74.0	74.0	75.0	75.0	75.0	75.0
11:58:1:0	75.0	75.0	75.0	75.0	75.0	75.0	75.0	75.0	75.0	74.0	74.0	74.0	74.0	73.0	73.0	73.0	73.0	73.0	73.0
11:58:6:0	73.0	73.0	73.0	73.0	73.0	73.0	73.0	73.0	73.0	73.0	73.0	73.0	73.0	73.0	73.0	73.0	73.0	73.0	73.0	73.0
11:58:11:0	73.0	73.0	73.0	73.0	73.0	73.0	73.0	74.0	74.0	74.0	74.0	74.0	74.0	74.0	75.0	75.0	75.0	75.0	74.0
11:58:16:0	74.0	74.0	74.0	74.0	74.0	74.0	74.0	73.0	73.0	73.0	73.0	72.0	72.0	72.0	72.0	71.0	71.0	71.0	71.0	71.0
11:58:21:0	71.0	71.0	71.0	71.0	71.0	71.0	71.0	71.0	72.0	72.0	72.0	74.0	74.0	74.0	76.0	76.0	76.0
11:58:26:0	77.0	77.0	77.0	78.0	78.0	78.0	78.0	78.0	78.0	78.0	78.0	78.0	78.0	78.0	78.0
11:58:31:0	76.0	76.0	76.0	76.0	75.0	75.0	75.0	75.0	75.0	75.0	75.0	75.0	75.0	76.0	76.0	76.0	76.0	78.0	78.0	78.0
11:58:36:0	78.0	78.0	78.0	78.0	78.0	79.0	79.0	79.0	79.0	78.0	78.0	78.0	78.0	78.0	78.0	77.0	77.0
11:58:41:0	77.0	77.0	77.0	77.0	75.0	75.0	75.0	75.0	74.0	74.0	74.0	72.0	72.0	72.0	71.0	71.0
11:58:46:0	71.0	70.0	70.0	70.0	69.0	69.0	69.0	69.0	69.0	69.0	69.0	69.0	69.0	69.0	69.0	69.0	69.0
11:58:51:0	69.0	70.0	70.0	70.0	70.0	70.0	70.0	70.0	70.0	70.0	70.0	70.0	70.0	70.0	70.0	70.0	70.0	70.0	70.0
11:58:56:0	70.0	70.0	70.0	70.0	70.0	70.0	70.0	71.0	71.0	71.0	71.0	72.0	72.0	72.0	72.0	72.0	72.0	72.0
