13:0:50:0	89.0	89.0	89.0	89.0	90.0	90.0	90.0	90.0	91.0	91.0	91.0	91.0	93.0	93.0	93.0	93.0	94.0	94.0	94.0	94.0
13:0:55:0	94.0	95.0	95.0	95.0	95.0	94.0	94.0	94.0	93.0	93.0	93.0	93.0	92.0	92.0	92.0	92.0	90.0	90.0
13:1:0:0	90.0	89.0	89.0	88.0	88.0	88.0	87.0	87.0	87.0	87.0	87.0	88.0	88.0
13:1:5:0	88.0	88.0	88.0	88.0	88.0	89.0	89.0	89.0	89.0	89.0	89.0	89.0	89.0	89.0	89.0	89.0	89.0	89.0	89.0	89.0
13:1:10:0	89.0	89.0	89.0	89.0	89.0	89.0	89.0	89.0	89.0	89.0	89.0	89.0	89.0	89.0	89.0	89.0	89.0	89.0	89.0	89.0
13:1:15:0	89.0	89.0	89.0	89.0	89.0	89.0	89.0	89.0	89.0	89.0	89.0	89.0	89.0	89.0	89.0	89.0	89.0	89.0	89.0	89.0
13:1:20:0	89.0	89.0	89.0	89.0	88.0	88.0	88.0	88.0	88.0	88.0	87.0	87.0	87.0	87.0	87.0
13:1:25:0	87.0	87.0	87.0	87.0	87.0	87.0	88.0	88.0	88.0	88.0	88.0	88.0	88.0	88.0	88.0	88.0
13:1:30:0	87.0	87.0	87.0	87.0	87.0	87.0	87.0	87.0	87.0	87.0	87.0	87.0	87.0	88.0	88.0	88.0	88.0	88.0	88.0	88.0
13:1:35:0	88.0	89.0	89.0	89.0	89.0	89.0	89.0	89.0	89.0	89.0	89.0	89.0	89.0	89.0	89.0	88.0	88.0	88.0	88.0
13:1:40:0	88.0	88.0	88.0	88.0	88.0	88.0	88.0	88.0	88.0	88.0	88.0	88.0	88.0	88.0	88.0	88.0	88.0	87.0	87.0
13:1:45:0	87.0	87.0	87.0	87.0	87.0	87.0	86.0	86.0	86.0	86.0	86.0	86.0	86.0	86.0	86.0	86.0	86.0
13:1:50:0	86.0	86.0	86.0	86.0	86.0	86.0	86.0	86.0	86.0	86.0	86.0	86.0	86.0	86.0	86.0	86.0	86.0	86.0	86.0
13:1:55:0	86.0	86.0	86.0	87.0	87.0	87.0	88.0	88.0	88.0	88.0	89.0	89.0	89.0	89.0	89.0	90.0
13:2:0:0	90.0	90.0	90.0	90.0	90.0	90.0	90.0	90.0	90.0	90.0	90.0	89.0	89.0	89.0	89.0	88.0	88.0	88.0	88.0
13:2:5:0	87.0	87.0	87.0	87.0	86.0	86.0	86.0	86.0	85.0	85.0	85.0	85.0	85.0	85.0	85.0	85.0	84.0	84.0	84.0	84.0
13:2:10:0	84.0	84.0	84.0	84.0	83.0	83.0	83.0	83.0	83.0	83.0	84.0	84.0	84.0	84.0	84.0	84.0
13:2:15:0	84.0	84.0	84.0	84.0	84.0	84.0	84.0	84.0	85.0	85.0	85.0	85.0	85.0	85.0	85.0	85.0	86.0	86.0
13:2:20:0	86.0	86.0	86.0	86.0	86.0	86.0	86.0	86.0	86.0	86.0	86.0	85.0	85.0	85.0	85.0	85.0	85.0
13:2:25:0	85.0	85.0	85.0	85.0	85.0	85.0	85.0	85.0	85.0	85.0	85.0	85.0	85.0	85.0	85.0	85.0	85.0	85.0	85.0
13:2:30:0	85.0	85.0	85.0	85.0	85.0	85.0	85.0	85.0	85.0	85.0	85.0	85.0	85.0	85.0	85.0	85.0	85.0	86.0	86.0
13:2:35:0	86.0	86.0	86.0	86.0	86.0	86.0	86.0	86.0	86.0	86.0	86.0	86.0	86.0	86.0	86.0	86.0	86.0
13:2:40:0	86.0	86.0	86.0	86.0	86.0	86.0	86.0	87.0	87.0	87.0	87.0	86.0	86.0	86.0	86.0	86.0	86.0	86.0	86.0	86.0
13:2:45:0	85.0	85.0	85.0	85.0	85.0	85.0	85.0	85.0	85.0	85.0	85.0	85.0	86.0	86.0	87.0	87.0	87.0	87.0	87.0
13:2:50:0	87.0	87.0	87.0	87.0	87.0	87.0	87.0	87.0	87.0	87.0	87.0	87.0	87.0	87.0	87.0	86.0	86.0	86.0
13:2:55:0	86.0	86.0	86.0	86.0	86.0	86.0	86.0	86.0	86.0	86.0	86.0	86.0	86.0	86.0	86.0	86.0	87.0	87.0	87.0
13:3:0:0	87.0	87.0	87.0	87.0	88.0	88.0	88.0	88.0	88.0	88.0	88.0	88.0	89.0	89.0	89.0	88.0	88.0
13:3:5:0	88.0	88.0	88.0	88.0	88.0	88.0	88.0	88.0	88.0	88.0	88.0	88.0	88.0	88.0	88.0	88.0	88.0	88.0	88.0
13:3:10:0	88.0	88.0	88.0	88.0	88.0	88.0	87.0	87.0	87.0	87.0	87.0	87.0	87.0	87.0	87.0	87.0	87.0	87.0	86.0	86.0
13:3:15:0	86.0	86.0	86.0	86.0	86.0	85.0	85.0	85.0	85.0	85.0	85.0	85.0	85.0	85.0	85.0	85.0	86.0	86.0
13:3:20:0	86.0	87.0	87.0	87.0	87.0	88.0	88.0	88.0	88.0	88.0	88.0	88.0	88.0	88.0	88.0	88.0	88.0	87.0
13:3:25:0	87.0	87.0	87.0	87.0	87.0	86.0	86.0	86.0	86.0	86.0	86.0	86.0	86.0	86.0	86.0	86.0
13:3:30:0	86.0	86.0	86.0	86.0	86.0	86.0	86.0	87.0	87.0	87.0	87.0	87.0	87.0	87.0	87.0	87.0	87.0	87.0
13:3:35:0	87.0	87.0	88.0	88.0	88.0	88.0	88.0	88.0	88.0	88.0	88.0	88.0	88.0	88.0	88.0	88.0
13:3:40:0	88.0	88.0	88.0	88.0	88.0	88.0	88.0	88.0	88.0	88.0	88.0	88.0	88.0	88.0	88.0	88.0	88.0	87.0	87.0	87.0
13:3:45:0	87.0	87.0	87.0	87.0	87.0	86.0	86.0	86.0	86.0	85.0	85.0	85.0	85.0	85.0	85.0	85.0	85.0	85.0
13:3:50:0	85.0	85.0	86.0	86.0	86.0	87.0	87.0	87.0	87.0	87.0	87.0	87.0	87.0	88.0	88.0	88.0	88.0	88.0
13:3:55:0	88.0	88.0	87.0	87.0	87.0	87.0	87.0	87.0	87.0	87.0	86.0	86.0	86.0	86.0	86.0	86.0	86.0	86.0	86.0	86.0
13:4:0:0	86.0	86.0	86.0	86.0	86.0	86.0	86.0	86.0	86.0	86.0	86.0	86.0	86.0	86.0	86.0	87.0	87.0	87.0	88.0
13:4:5:0	88.0	88.0	88.0	88.0	88.0	88.0	89.0	89.0	89.0	89.0	88.0	88.0	88.0	88.0	88.0	88.0	87.0
13:4:10:0	87.0	87.0	87.0	87.0	87.0	86.0	86.0	86.0	86.0	85.0	85.0	85.0	85.0	85.0	85.0	85.0
13:4:15:0	84.0	84.0	84.0	84.0	84.0	84.0	84.0	84.0	84.0	84.0	84.0	84.0	84.0	84.0	84.0	84.0	84.0	84.0	84.0	84.0
13:4:20:0	84.0	84.0	84.0	84.0	84.0	84.0	84.0	84.0	85.0	85.0	85.0	85.0	85.0	85.0	85.0	86.0	86.0	86.0	86.0
13:4:25:0	87.0	87.0	87.0	87.0	88.0	88.0	88.0	88.0	88.0	88.0	88.0	88.0	88.0	88.0	88.0	88.0	88.0	88.0	88.0	88.0
13:4:30:0	88.0	88.0	88.0	88.0	88.0	88.0	88.0	88.0	88.0	88.0	88.0	88.0	87.0	87.0	87.0	87.0	87.0
13:4:35:0	87.0	86.0	86.0	86.0	86.0	86.0	86.0	86.0	86.0	86.0	86.0	86.0	86.0	86.0	86.0	86.0	85.0
13:4:40:0	85.0	85.0	85.0	85.0	85.0	85.0	85.0	85.0	85.0	85.0	85.0	85.0	85.0	85.0	85.0	85.0	85.0	85.0	85.0	85.0
13:4:45:0	85.0	85.0	85.0	85.0	85.0	85.0	84.0	84.0	84.0	84.0	84.0	84.0	84.0	84.0	84.0	84.0	84.0	84.0
13:4:50:0	84.0	84.0	84.0	84.0	84.0	84.0	84.0	84.0	84.0	84.0	84.0	84.0	85.0	85.0	85.0	85.0	85.0	85.0	85.0	85.0
13:4:55:0	85.0	85.0	85.0	85.0	85.0	85.0	85.0	85.0	85.0	85.0	85.0	85.0	86.0	86.0	86.0	86.0	86.0	86.0	86.0	86.0
13:5:0:0	86.0	86.0	86.0	87.0	87.0	87.0	87.0	87.0	87.0	87.0	87.0	87.0	87.0	87.0
13:5:5:0	87.0	87.0	87.0	87.0	87.0	87.0	87.0	87.0	87.0	86.0	86.0	86.0	86.0	86.0	86.0	86.0	86.0	85.0	85.0	85.0
13:5:10:0	85.0	85.0	85.0	85.0	85.0	85.0	84.0	84.0	84.0	84.0	84.0	84.0	84.0	84.0	84.0	84.0	84.0	85.0	85.0	85.0
13:5:15:0	85.0	85.0	85.0	85.0	85.0	85.0	85.0	85.0	85.0	86.0	86.0	86.0	86.0	86.0	86.0	86.0	86.0	86.0	86.0	86.0
13:5:20:0	86.0	86.0	85.0	85.0	85.0	85.0	85.0	85.0	84.0	84.0	84.0	84.0	84.0	84.0	84.0
13:5:25:0	84.0	84.0	84.0	84.0	84.0	85.0	85.0	85.0	86.0	86.0	86.0	86.0	86.0	86.0	86.0	87.0
13:5:30:0	87.0	87.0	87.0	87.0	87.0	87.0	87.0	87.0	87.0	87.0	87.0	87.0	87.0	87.0	87.0	87.0	87.0	87.0	87.0	87.0	87.0
13:5:35:0	87.0	87.0	87.0	86.0	86.0	86.0	85.0	85.0	85.0	85.0	85.0	85.0	85.0	85.0	85.0	85.0	85.0
13:5:40:0	85.0	85.0	85.0	85.0	86.0	86.0	86.0	87.0	87.0	87.0	87.0	88.0	88.0	88.0	88.0	88.0	88.0
13:5:45:0	88.0	88.0	88.0	88.0	88.0	89.0	89.0	90.0	90.0	90.0	90.0	89.0	89.0	89.0	89.0	89.0	89.0
13:5:50:0	89.0	89.0	89.0	89.0	88.0	88.0	88.0	88.0	88.0	88.0	88.0	88.0	87.0	86.0
13:5:55:0	86.0	86.0	86.0	86.0	86.0	86.0	86.0	86.0	86.0	86.0	86.0	86.0	86.0	86.0	86.0	87.0	87.0
13:6:0:0	87.0	87.0	87.0	87.0	87.0	88.0	88.0	88.0	88.0	87.0	87.0	87.0	87.0	87.0	86.0	86.0	86.0	86.0	86.0	86.0
13:6:5:0	86.0	86.0	86.0	86.0	86.0	86.0	86.0	86.0	86.0	86.0	86.0	86.0	86.0	86.0	85.0	85.0	85.0	85.0	85.0	85.0
13:6:10:0	85.0	85.0	85.0	85.0	85.0	85.0	86.0	86.0	87.0	87.0	88.0	88.0	88.0
13:6:15:0	88.0	89.0	89.0	89.0	89.0	88.0	88.0	88.0	88.0	88.0	88.0	88.0	88.0	87.0	87.0	87.0
13:6:20:0	85.0	85.0	85.0	85.0	85.0	85.0	85.0	85.0	85.0	84.0	84.0	84.0	84.0	84.0	84.0	84.0	84.0
13:6:25:0	84.0	84.0	84.0	84.0	85.0	85.0	85.0	85.0	86.0	86.0	86.0	86.0	86.0	86.0	86.0	86.0	86.0	87.0	87.0	87.0
13:6:30:0	87.0	87.0	87.0	87.0	87.0	87.0	87.0	87.0	87.0	87.0	87.0	87.0	87.0	87.0	87.0	87.0
13:6:35:0	87.0	87.0	87.0	87.0	87.0	87.0	87.0	87.0	88.0	88.0	88.0	88.0	88.0	88.0	88.0	88.0	88.0	88.0	88.0
13:6:40:0	88.0	88.0	88.0	88.0	88.0	88.0	88.0	88.0	88.0	88.0	88.0	88.0	88.0	88.0	88.0	88.0	88.0	88.0	88.0	88.0
13:6:45:0	88.0	88.0	87.0	87.0	87.0	87.0	87.0	87.0	87.0	87.0	87.0	87.0	87.0	87.0	87.0	87.0	87.0	87.0	87.0	87.0
13:6:50:0	87.0	87.0	87.0	87.0	87.0	87.0	87.0	87.0	87.0	87.0	87.0	87.0	87.0	87.0	87.0	87.0	87.0	87.0	87.0	88.0
13:6:55:0	88.0	88.0	88.0	89.0	89.0	89.0	89.0	89.0	89.0	89.0	89.0	90.0	90.0	90.0	90.0	90.0	90.0	90.0	91.0
13:7:0:0	91.0	91.0	91.0	91.0	91.0	91.0	90.0	90.0	90.0	90.0	90.0	90.0	90.0	89.0	89.0	89.0	89.0
13:7:5:0	88.0	88.0	88.0	87.0	87.0	87.0	87.0	86.0	86.0	86.0	86.0	86.0	86.0	86.0	86.0	89.0	89.0	89.0
13:7:10:0	90.0	90.0	90.0	90.0	90.0	90.0	90.0	90.0	90.0	90.0	90.0	89.0	89.0	89.0	89.0	89.0	88.0	88.0
13:7:15:0	88.0	87.0	87.0	87.0	87.0	87.0	87.0	87.0	87.0	87.0	87.0	87.0	88.0	88.0	88.0	88.0	89.0	89.0	89.0
13:7:20:0	89.0	89.0	89.0	89.0	89.0	90.0	90.0	90.0	90.0	90.0	90.0	90.0	90.0	91.0	91.0	91.0	91.0	91.0
13:7:25:0	91.0	90.0	90.0	90.0	90.0	90.0	90.0	90.0	89.0	89.0	89.0	89.0	89.0	89.0	89.0	89.0	88.0	88.0
13:7:30:0	88.0	88.0	88.0	88.0	87.0	87.0	87.0	87.0	87.0	86.0	86.0	86.0	86.0	86.0	86.0	86.0	86.0	86.0
13:7:35:0	86.0	86.0	86.0	86.0	86.0	86.0	86.0	87.0	87.0	87.0	87.0	87.0	87.0	87.0	87.0	88.0	88.0	88.0	88.0	88.0
13:7:40:0	89.0	89.0	89.0	89.0	89.0	89.0	89.0	89.0	89.0	89.0	89.0	89.0	89.0	89.0	89.0	89.0	89.0	89.0
13:7:45:0	89.0	89.0	89.0	89.0	88.0	88.0	88.0	88.0	88.0	88.0	87.0	87.0	86.0	86.0	86.0
13:7:50:0	86.0	86.0	86.0	86.0	87.0	87.0	87.0	87.0	87.0	87.0	87.0	87.0	87.0	87.0	87.0	87.0	87.0	87.0	87.0	87.0
13:7:55:0	87.0	87.0	87.0	87.0	87.0	87.0	87.0	87.0	87.0	87.0	87.0	87.0	87.0	87.0	87.0	87.0	87.0	87.0	87.0	87.0
13:8:0:0	87.0	87.0	87.0	87.0	87.0	87.0	87.0	87.0	87.0	87.0	87.0	86.0	86.0	86.0	86.0	86.0
13:8:5:0	86.0	86.0	86.0	86.0	86.0	86.0	87.0	87.0	87.0	87.0	87.0	87.0	87.0	87.0	88.0	88.0	88.0	88.0	88.0	88.0
13:8:10:0	88.0	88.0	89.0	89.0	89.0	89.0	89.0	89.0	89.0	89.0	89.0	89.0	88.0
13:8:15:0	88.0	88.0	88.0	88.0	88.0	88.0	88.0	88.0	88.0	88.0	88.0	88.0	88.0	88.0	88.0	88.0	88.0	88.0	88.0	88.0	88.0
13:8:20:0	88.0	88.0	88.0	89.0	89.0	89.0	89.0	89.0	89.0	89.0	89.0	89.0	89.0	88.0	88.0	88.0
13:8:25:0	88.0	88.0	88.0	88.0	88.0	88.0	88.0	88.0	88.0	88.0	89.0	89.0	89.0	89.0	88.0	88.0	88.0	88.0
13:8:30:0	88.0	88.0	88.0	88.0	88.0	88.0	88.0	88.0	88.0	88.0	88.0	88.0	88.0	88.0	88.0	88.0	88.0	88.0	88.0	88.0	88.0
13:8:35:0	88.0	88.0	88.0	88.0	88.0	88.0	89.0	89.0	89.0	89.0	89.0	89.0	89.0	89.0
13:8:40:0	89.0	89.0	89.0	89.0	89.0	89.0	89.0	89.0	89.0	89.0	89.0	89.0	89.0	89.0	89.0	89.0	89.0	89.0	89.0	89.0
13:8:45:0	89.0	89.0	89.0	89.0	89.0	89.0	89.0	89.0	89.0	89.0	89.0	89.0	89.0	89.0	89.0	89.0	89.0	89.0	90.0	90.0
13:8:50:0	90.0	90.0	91.0	91.0	91.0	91.0	91.0	91.0	91.0	91.0	92.0	92.0	92.0	92.0	91.0	91.0	91.0	91.0	91.0	91.0
13:8:55:0	91.0	91.0	90.0	90.0	90.0	90.0	90.0	89.0	89.0	89.0	89.0	89.0	89.0	89.0
13:9:0:0	89.0	89.0	89.0	89.0	89.0	90.0	90.0	90.0	90.0	90.0	90.0	90.0	90.0	91.0	91.0	91.0	91.0
13:9:5:0	91.0	91.0	91.0	91.0	90.0	90.0	90.0	90.0	90.0	90.0	90.0	90.0	90.0	90.0	90.0	89.0	89.0	89.0	89.0
13:9:10:0	89.0	89.0	89.0	89.0	89.0	89.0	89.0	89.0	89.0	89.0	89.0	88.0	88.0	88.0	88.0	88.0	88.0	88.0
13:9:15:0	87.0	87.0	87.0	87.0	87.0	87.0	87.0	87.0	87.0	88.0	89.0	89.0	89.0	89.0	89.0	89.0	89.0
13:9:20:0	89.0	90.0	90.0	90.0	90.0	90.0	90.0	90.0	90.0	90.0	90.0	90.0	90.0	91.0	91.0
13:9:25:0	91.0	92.0	92.0	93.0	93.0	93.0	93.0	93.0	93.0	93.0	93.0	93.0	94.0	94.0	94.0	94.0	93.0	93.0
13:9:30:0	93.0	93.0	93.0	93.0	93.0	93.0	92.0	92.0	92.0	91.0	91.0	91.0	91.0	91.0	91.0	91.0	91.0	91.0
13:9:35:0	91.0	91.0	91.0	92.0	92.0	92.0	92.0	93.0	93.0	93.0	93.0	94.0	94.0	94.0	94.0	95.0	95.0	95.0	95.0	95.0	95.0
13:9:40:0	95.0	95.0	95.0	95.0	95.0	94.0	94.0	94.0	94.0	94.0	94.0	94.0	93.0	93.0	92.0
13:9:45:0	92.0	92.0	92.0	91.0	91.0	91.0	91.0	90.0	90.0	90.0	90.0	90.0	90.0	90.0	89.0	89.0	89.0
13:9:50:0	88.0	88.0	88.0	87.0	87.0	87.0	87.0	87.0	87.0	87.0	87.0	88.0	88.0	88.0	88.0	88.0	88.0	88.0	88.0
13:9:55:0	88.0	89.0	89.0	89.0	88.0	88.0	88.0	88.0	88.0	88.0	88.0	88.0	88.0	88.0	88.0	88.0	87.0	87.0	87.0	87.0
13:10:0:0	87.0	87.0	87.0	87.0	87.0	87.0	87.0	87.0	87.0	87.0	87.0	87.0	87.0	87.0	87.0	87.0	87.0	87.0	87.0	87.0
13:10:5:0	87.0	88.0	88.0	88.0	88.0	88.0	88.0	88.0	88.0	88.0	88.0	88.0	88.0	88.0	88.0	88.0	88.0	88.0
13:10:10:0	88.0	88.0	89.0	89.0	89.0	90.0	90.0	90.0	91.0	91.0	91.0	91.0	91.0	91.0	91.0	91.0	92.0	92.0
13:10:15:0	92.0	92.0	91.0	91.0	91.0	91.0	91.0	91.0	91.0	91.0	90.0	90.0	90.0	90.0	89.0	89.0	89.0	89.0	89.0
13:10:20:0	89.0	89.0	89.0	89.0	89.0	89.0	90.0	90.0	90.0	90.0	91.0	91.0	91.0	91.0	92.0	92.0	92.0	92.0	92.0
13:10:25:0	92.0	92.0	92.0	92.0	90.0	90.0	90.0	90.0	89.0	89.0	89.0	89.0	89.0	89.0	89.0	89.0	90.0	90.0	90.0	90.0
13:10:30:0	92.0	92.0	92.0	93.0	93.0	93.0	94.0	94.0	94.0	94.0	95.0	95.0	95.0	95.0	94.0	94.0	94.0	94.0
13:10:35:0	94.0	94.0	94.0	93.0	93.0	93.0	92.0	92.0	92.0	91.0	91.0	91.0	91.0	91.0	89.0	89.0	89.0
13:10:40:0	89.0	88.0	88.0	88.0	88.0	88.0	88.0	88.0	88.0	88.0	88.0	88.0	88.0	88.0	88.0	88.0	88.0	88.0	88.0	88.0
13:10:45:0	88.0	88.0	88.0	88.0	88.0	88.0	88.0	88.0	88.0	88.0	88.0	88.0	88.0	88.0	88.0	88.0	88.0	88.0	89.0	89.0	89.0
