17:1:2:0	82.0	82.0	82.0	82.0	82.0	82.0	82.0	81.0	81.0	81.0	80.0	80.0	80.0	80.0
17:1:7:0	80.0	80.0	80.0	80.0	79.0	79.0	79.0	79.0	79.0	79.0	79.0	79.0	77.0	77.0	77.0	76.0
17:1:12:0	76.0	75.0	75.0	75.0	75.0	75.0	75.0	75.0	75.0	75.0	75.0	75.0	76.0	76.0	76.0	78.0
17:1:17:0	78.0	78.0	78.0	78.0	78.0	78.0	78.0	78.0	77.0	77.0	77.0	77.0	77.0	77.0	77.0
17:1:22:0	77.0	77.0	77.0	78.0	78.0	78.0	78.0	79.0	79.0	79.0	79.0	79.0	79.0	79.0	79.0
17:1:27:0	79.0	79.0	79.0	78.0	78.0	78.0	77.0	77.0	77.0	77.0	76.0	76.0	76.0	75.0	75.0	75.0
17:1:32:0	75.0	75.0	75.0	75.0	76.0	76.0	76.0	76.0	76.0	76.0	76.0	76.0	76.0	76.0	76.0
17:1:37:0	76.0	75.0	75.0	74.0	74.0	74.0	74.0	74.0	74.0	74.0	74.0	74.0	74.0	74.0	74.0	74.0
17:1:42:0	74.0	73.0	73.0	73.0	73.0	73.0	73.0	73.0	73.0	73.0	73.0	73.0	73.0	73.0
17:1:47:0	73.0	73.0	73.0	73.0	73.0	73.0	73.0	73.0	73.0	73.0	73.0	73.0	73.0	73.0	73.0
17:1:52:0	72.0	72.0	72.0	72.0	72.0	72.0	72.0	73.0	73.0	73.0	73.0	73.0	73.0	73.0	73.0
17:1:57:0	73.0	73.0	74.0	74.0	75.0	75.0	75.0	75.0	75.0	75.0	75.0	75.0	76.0	76.0	76.0	76.0
17:2:2:0	75.0	75.0	75.0	75.0	75.0	75.0	75.0	75.0	75.0	75.0	75.0	75.0	76.0	76.0	76.0	76.0	78.0	78.0	78.0	80.0
17:2:7:0	80.0	80.0	80.0	83.0	83.0	83.0	83.0	85.0	85.0	85.0	85.0	87.0	87.0	87.0	87.0	88.0	88.0	88.0	88.0
17:2:12:0	88.0	88.0	88.0	88.0	87.0	87.0	87.0	87.0	87.0	87.0	87.0	87.0	86.0	86.0	86.0	84.0	84.0
17:2:17:0	84.0	83.0	83.0	83.0	81.0	81.0	79.0	79.0	79.0	79.0	78.0	78.0	78.0	78.0	77.0	77.0	77.0
17:2:22:0	77.0	77.0	77.0	77.0	77.0	78.0	78.0	78.0	78.0	79.0	79.0	79.0	79.0	79.0	79.0	79.0	79.0	79.0	79.0
17:2:27:0	79.0	79.0	78.0	78.0	78.0	78.0	78.0	78.0	78.0	78.0	78.0	78.0	78.0	78.0	78.0	78.0	78.0
17:2:32:0	78.0	78.0	77.0	77.0	77.0	77.0	77.0	77.0	77.0	77.0	77.0	76.0	76.0	76.0	76.0	75.0	75.0	75.0	74.0
17:2:37:0	74.0	74.0	74.0	74.0	74.0	74.0	74.0	74.0	74.0	74.0	74.0	74.0	74.0	74.0	74.0	74.0	74.0	74.0	74.0
17:2:42:0	74.0	74.0	74.0	74.0	74.0	75.0	75.0	75.0	75.0	75.0	75.0	75.0	75.0	75.0	75.0	75.0	75.0
17:2:47:0	75.0	75.0	75.0	75.0	75.0	75.0	75.0	75.0	76.0	76.0	76.0	76.0	76.0	76.0	76.0	76.0	76.0	76.0	76.0	76.0
17:2:52:0	76.0	77.0	77.0	77.0	77.0	77.0	77.0	77.0	77.0	77.0	77.0	77.0	77.0	77.0	76.0	76.0	76.0
17:2:57:0	76.0	76.0	76.0	76.0	76.0	76.0	76.0	76.0	76.0	76.0	76.0	76.0	76.0	76.0	76.0
17:3:2:0	76.0	76.0	76.0	76.0	75.0	75.0	75.0	75.0	75.0	75.0	75.0	75.0	75.0	75.0	75.0
17:3:7:0	75.0	75.0	76.0	76.0	76.0	77.0	77.0	77.0	77.0	77.0	77.0	77.0	78.0	78.0	78.0	78.0	78.0	78.0	78.0
17:3:12:0	78.0	78.0	78.0	78.0	78.0	78.0	77.0	77.0	77.0	77.0	77.0	77.0	77.0	77.0	77.0	77.0	77.0	77.0
17:3:17:0	77.0	77.0	77.0	77.0	77.0	77.0	77.0	77.0	77.0	77.0	77.0	77.0	77.0	77.0	77.0	78.0	78.0	78.0	78.0
17:3:22:0	77.0	77.0	77.0	77.0	77.0	77.0	77.0	77.0	77.0	77.0	77.0	78.0	78.0	78.0	78.0	78.0	78.0
17:3:27:0	78.0	78.0	78.0	79.0	79.0	79.0	78.0	78.0	78.0	78.0	78.0	78.0	77.0	77.0	77.0
17:3:32:0	76.0	76.0	76.0	76.0	76.0	76.0	76.0	76.0	77.0	77.0	77.0	77.0	77.0	77.0	77.0	78.0	78.0	78.0	78.0
17:3:37:0	78.0	78.0	78.0	78.0	78.0	78.0	78.0	78.0	78.0	77.0	77.0	77.0	77.0	77.0	77.0	77.0	77.0	77.0	77.0	77.0
17:3:42:0	77.0	77.0	77.0	77.0	77.0	77.0	77.0	77.0	77.0	77.0	77.0	77.0	76.0	76.0	76.0	76.0	76.0	76.0	76.0
17:3:47:0	76.0	75.0	75.0	75.0	75.0	75.0	75.0	75.0	75.0	75.0	75.0	75.0	75.0	75.0	75.0
17:3:52:0	75.0	75.0	76.0	76.0	76.0	76.0	76.0	76.0	76.0	76.0	76.0	76.0	76.0	76.0	75.0	75.0	75.0	75.0	75.0	75.0
17:3:57:0	75.0	75.0	75.0	76.0	76.0	76.0	76.0	78.0	78.0	78.0	78.0	80.0	80.0	80.0	80.0	81.0	81.0	81.0	81.0	81.0	81.0
17:4:2:0	80.5	80.0	80.0	80.0	80.0	80.0	80.0	80.0	80.0	80.0	80.0	80.0	80.0	80.0	80.0	80.0	80.0
17:4:7:0	80.0	80.0	80.0	79.0	79.0	79.0	79.0	79.0	79.0	79.0	79.0	79.0	78.0	78.0	78.0	78.0	77.0	77.0
17:4:12:0	77.0	77.0	77.0	77.0	76.0	76.0	76.0	76.0	76.0	75.0	75.0	75.0	75.0	75.0	75.0	75.0	75.0
17:4:17:0	74.0	74.0	74.0	74.0	74.0	74.0	74.0	74.0	74.0	74.0	74.0	74.0	74.0	74.0	74.0	74.0	74.0
17:4:22:0	74.0	74.0	74.0	74.0	74.0	75.0	75.0	75.0	75.0	75.0	75.0	75.0	75.0	75.0	75.0	75.0	75.0
17:4:27:0	75.0	75.0	75.0	75.0	75.0	75.0	75.0	75.0	75.0	75.0	75.0	75.0	75.0	75.0	75.0	75.0	75.0
17:4:32:0	75.0	75.0	74.0	74.0	74.0	74.0	74.0	74.0	74.0	74.0	74.0	74.0	74.0	74.0	74.0	75.0	75.0
17:4:37:0	75.0	77.0	77.0	77.0	77.0	77.0	77.0	77.0	78.0	78.0	78.0	78.0	77.0	77.0	77.0
17:4:42:0	77.0	77.0	77.0	77.0	77.0	77.0	77.0	77.0	77.0	77.0	77.0	77.0	77.0	77.0	77.0	77.0	77.0
17:4:47:0	77.0	77.0	77.0	77.0	77.0	77.0	77.0	76.0	76.0	76.0	76.0	76.0	76.0	76.0	76.0	75.0	75.0	75.0	75.0
17:4:52:0	75.0	75.0	75.0	75.0	75.0	76.0	76.0	76.0	76.0	76.0	75.0	75.0	75.0	75.0	75.0	75.0
17:4:57:0	74.0	74.0	74.0	74.0	74.0	74.0	74.0	74.0	75.0	75.0	75.0	75.0	75.0	75.0	75.0	75.0	76.0	76.0
17:5:2:0	76.0	77.0	77.0	77.0	77.0	77.0	77.0	78.0	78.0	78.0	78.0	78.0	78.0	78.0	78.0	77.0	77.0	77.0	77.0
17:5:7:0	77.0	77.0	77.0	76.0	76.0	76.0	76.0	76.0	76.0	76.0	76.0	76.0	76.0
17:5:12:0	76.0	76.0	76.0	76.0	76.0	76.0	77.0	77.0	77.0	77.0	77.0	77.0	77.0	77.0	77.0	77.0	77.0	77.0	78.0	78.0
17:5:17:0	78.0	78.0	79.0	79.0	79.0	79.0	80.0	80.0	80.0	80.0	81.0	81.0	81.0	81.0	81.0	81.0	81.0	81.0
17:5:22:0	81.0	80.0	80.0	80.0	80.0	80.0	80.0	80.0	80.0	80.0	80.0	80.0	80.0	80.0	80.0	80.0
17:5:27:0	80.0	80.0	80.0	81.0	81.0	81.0	81.0	82.0	82.0	82.0	82.0	83.0	83.0	83.0	83.0	83.0	83.0
17:5:32:0	83.0	83.0	83.0	83.0	83.0	83.0	82.0	82.0	82.0	82.0	81.0	81.0	81.0	81.0	80.0	80.0	80.0	80.0
17:5:37:0	80.0	80.0	80.0	80.0	80.0	80.0	80.0	80.0	79.0	79.0	79.0	79.0	78.0	78.0	78.0	78.0	78.0	78.0	78.0
17:5:42:0	78.0	78.0	78.0	78.0	78.0	78.0	78.0	78.0	78.0	78.0	78.0	78.0	78.0	78.0	78.0	78.0	78.0
17:5:47:0	78.0	77.0	77.0	77.0	77.0	77.0	77.0	76.0	76.0	76.0	76.0	76.0	76.0	76.0	76.0	76.0
17:5:52:0	76.0	76.0	76.0	76.0	76.0	76.0	77.0	77.0	77.0	77.0	79.0	79.0	79.0	79.0	79.0	79.0	80.0	80.0	80.0
17:5:57:0	80.0	80.0	80.0	80.0	80.0	81.0	81.0	81.0	80.0	80.0	80.0	80.0	80.0	80.0	80.0	80.0
17:6:2:0	80.0	79.0	79.0	79.0	79.0	79.0	79.0	79.0	79.0	79.0	78.0	78.0	78.0	78.0	78.0	78.0	78.0	78.0	78.0
17:6:7:0	78.0	78.0	78.0	78.0	78.0	78.0	78.0	78.0	78.0	78.0	78.0	78.0	78.0	78.0	77.0	77.0	77.0	77.0	77.0
17:6:12:0	77.0	77.0	76.0	76.0	76.0	76.0	76.0	76.0	76.0	76.0	76.0	76.0	76.0	77.0	77.0	77.0	77.0	77.0
17:6:17:0	77.0	77.0	77.0	77.0	77.0	77.0	77.0	77.0	77.0	77.0	77.0	76.0	76.0	76.0	76.0	76.0	76.0	76.0
17:6:22:0	76.0	76.0	76.0	76.0	76.0	76.0	76.0	76.0	76.0	77.0	77.0	77.0	77.0	78.0	78.0	78.0	79.0	79.0
17:6:27:0	79.0	80.0	80.0	80.0	80.0	80.0	80.0	80.0	80.0	79.0	79.0	79.0	79.0	78.0	78.0	78.0
17:6:32:0	78.0	78.0	78.0	78.0	77.0	77.0	77.0	77.0	77.0	77.0	77.0	77.0	77.0	77.0	78.0	78.0
17:6:37:0	78.0	78.0	78.0	78.0	78.0	79.0	79.0	79.0	79.0	78.0	78.0	78.0	78.0	78.0	78.0	78.0	77.0	77.0
17:6:42:0	77.0	77.0	76.0	76.0	76.0	76.0	76.0	76.0	76.0	76.0	76.0	76.0	76.0	76.0	77.0	77.0	77.0	77.0	76.0	76.0
17:6:47:0	76.0	76.0	76.0	76.0	76.0	76.0	75.0	75.0	75.0	75.0	74.0	74.0	74.0	74.0	73.0	73.0	73.0	73.0
17:6:52:0	73.0	73.0	73.0	73.0	73.0	73.0	74.0	74.0	74.0	74.0	75.0	75.0	75.0	75.0	76.0	76.0	76.0	76.0
17:6:57:0	76.0	76.0	76.0	77.0	77.0	77.0	77.0	76.0	76.0	75.0	75.0	75.0	74.0	74.0	74.0	74.0
17:7:2:0	73.0	73.0	73.0	73.0	73.0	73.0	73.0	73.0	73.0	74.0	74.0	74.0	75.0	75.0	75.0	75.0	76.0	76.0	76.0
17:7:7:0	78.0	78.0	78.0	78.0	78.0	78.0	78.0	78.0	78.0	78.0	78.0	78.0	77.0	77.0	77.0	77.0	77.0	77.0	77.0
17:7:12:0	77.0	77.0	77.0	77.0	77.0	77.0	77.0	77.0	77.0	77.0	77.0	77.0	77.0	78.0	78.0	78.0	78.0
17:7:17:0	78.0	78.0	78.0	78.0	78.0	78.0	78.0	78.0	78.0	78.0	78.0	78.0	78.0	78.0	78.0	78.0
17:7:22:0	78.0	79.0	79.0	79.0	78.0	78.0	78.0	78.0	78.0	78.0	77.0	77.0	77.0	77.0	77.0	77.0
17:7:27:0	77.0	77.0	76.0	76.0	76.0	76.0	76.0	76.0	76.0	77.0	77.0	77.0	77.0	77.0	77.0	77.0	77.0
17:7:32:0	77.0	77.0	77.0	77.0	77.0	77.0	77.0	77.0	77.0	77.0	77.0	77.0	77.0	77.0	77.0	76.0	76.0	76.0	76.0	75.0
17:7:37:0	75.0	75.0	75.0	74.0	74.0	74.0	74.0	74.0	74.0	74.0	74.0	74.0	74.0	74.0	75.0	75.0	75.0
17:7:42:0	76.0	76.0	76.0	76.0	76.0	76.0	77.0	77.0	77.0	77.0	76.0	76.0	76.0	75.0	75.0	75.0
17:7:47:0	74.0	74.0	73.0	73.0	73.0	73.0	73.0	73.0	73.0	73.0	73.0	74.0	74.0	74.0
17:7:52:0	75.0	75.0	75.0	75.0	76.0	76.0	76.0	76.0	76.0	76.0	76.0	76.0	76.0	77.0	77.0	77.0	77.0	79.0	79.0	79.0
17:7:57:0	79.0	80.0	80.0	80.0	81.0	81.0	81.0	81.0	81.0	81.0	81.0	81.0	80.0	80.0	80.0	79.0	79.0
17:8:2:0	79.0	79.0	78.0	78.0	78.0	77.0	77.0	77.0	77.0	77.0	77.0	77.0	77.0	77.0	77.0
17:8:7:0	77.0	77.0	77.0	77.0	77.0	77.0	77.0	77.0	77.0	77.0	76.0	76.0	76.0	75.0	75.0	74.0
17:8:12:0	74.0	74.0	74.0	74.0	74.0	74.0	74.0	74.0	74.0	75.0	75.0	75.0	75.0	76.0	76.0	76.0	76.0	76.0
17:8:17:0	76.0	76.0	77.0	77.0	77.0	77.0	76.0	76.0	76.0	76.0	76.0	76.0	76.0	74.0	74.0	74.0	74.0
17:8:22:0	74.0	74.0	74.0	74.0	74.0	74.0	74.0	75.0	75.0	75.0	76.0	76.0	76.0	76.0	76.0	76.0	76.0
17:8:27:0	77.0	77.0	77.0	76.0	76.0	76.0	76.0	76.0	76.0	76.0	75.0	75.0	75.0	75.0	74.0	74.0
17:8:32:0	74.0	74.0	74.0	74.0	75.0	75.0	75.0	76.0	76.0	76.0	77.0	77.0	77.0	79.0	79.0
17:8:37:0	80.0	81.0	81.0	81.0	81.0	81.0	81.0	81.0	81.0	81.0	80.0	80.0	80.0	80.0	78.0	78.0
17:8:42:0	78.0	77.0	77.0	77.0	77.0	76.0	76.0	76.0	76.0	76.0	76.0	76.0	76.0	76.0	76.0
17:8:47:0	76.0	76.0	76.0	76.0	76.0	76.0	75.0	75.0	75.0	75.0	75.0	75.0
17:8:52:0	75.0	75.0	75.0	74.0	74.0	74.0	74.0	74.0	74.0	74.0	74.0	74.0	74.0	74.0	74.0
17:8:57:0	74.0	74.0	74.0	74.0	74.0	74.0	74.0	74.0	74.0	74.0	74.0	74.0	74.0	74.0
17:9:2:0	74.0	74.0	74.0	74.0	74.0	74.0	74.0	74.0	74.0	74.0	74.0	74.0	74.0	75.0
17:9:7:0	75.0	75.0	76.0	76.0	76.0	76.0	76.0	76.0	76.0	76.0	76.0	76.0
17:9:12:0	76.0	76.0	76.0	76.0	76.0	76.0	76.0	76.0	76.0	77.0	77.0	77.0	77.0	77.0	77.0
17:9:17:0	76.0	76.0	76.0	76.0	76.0	76.0	76.0	75.0	74.0	74.0	74.0
17:9:22:0	74.0	74.0	74.0	74.0	74.0	74.0	74.0	74.0	74.0	74.0	74.0	74.0	75.0
17:9:27:0	75.0	75.0	75.0	75.0	75.0	75.0	75.0	75.0	75.0	75.0	75.0	75.0	74.0
17:9:32:0	74.0	74.0	74.0	74.0	74.0	74.0	74.0	74.0	74.0	75.0	75.0	75.0	75.0	75.0
17:9:37:0	76.0	76.0	76.0	76.0	76.0	76.0	76.0	76.0	76.0	75.0	75.0	75.0	74.0	74.0	74.0
17:9:42:0	73.0	73.0	73.0	74.0	75.0	75.0	76.0
17:9:47:0	77.0	77.0	77.0	77.0	77.0	77.0	77.0	75.0	75.0	74.0	74.0	74.0
17:9:52:0	74.0	74.0	74.0	74.0	75.0	76.0	76.0
17:9:57:0	76.0	77.0	77.0	76.0	75.0	75.0	75.0	74.0	74.0	74.0	74.0
17:10:2:0	74.0	74.0	74.0	74.0	74.0	75.0	75.0	75.0	75.0	76.0	76.0	77.0	77.0
17:10:7:0	78.0	78.0	78.0	78.0	78.0	79.0	78.0	78.0
17:10:12:0	78.0	77.0	77.0	77.0	77.0	77.0	76.0	76.0	76.0	76.0	76.0	76.0
17:10:17:0	76.0	76.0	77.0	77.0	77.0	77.0	77.0	77.0	77.0	77.0	78.0	78.0
17:10:22:0	78.0	78.0	78.0	78.0	78.0	78.0	78.0	78.0	78.0	78.0	78.0	78.0	78.0	78.0
17:10:27:0	78.0	78.0	78.0	78.0	78.0	77.0	77.0	76.0	75.0	75.0
17:10:32:0	75.0	75.0	75.0	75.0	76.0	76.0	76.0	76.0	76.0	76.0	75.0	75.0	75.0
17:10:37:0	75.0	75.0	75.0	75.0	75.0	75.0	75.0	75.0	75.0	75.0	75.0	75.0	75.0	75.0	75.0	76.0	76.0
17:10:42:0	76.0	77.0	77.0	77.0	77.0	77.0	77.0	77.0	76.0	76.0	76.0	76.0	76.0
17:10:47:0	76.0	76.0	76.0	75.0	75.0	75.0	75.0	75.0	75.0	74.0	74.0	74.0
17:10:52:0	74.0	74.0	73.0	73.0	73.0	73.0	73.0	73.0	73.0	73.0	73.0
17:10:57:0	73.0	73.0	73.0	73.0	73.0	73.0	74.0	75.0	75.0	75.0	75.0
