19:13:50:0	67.0	67.0	67.0	67.0	67.0	67.0	68.0	68.0	68.0	68.0	68.0	70.0	70.0	70.0	70.0	71.0	71.0	71.0
19:13:55:0	72.0	72.0	72.0	73.0	73.0	73.0	73.0	73.0	73.0	73.0	73.0	73.0	72.0	72.0	72.0
19:14:0:0	70.0	70.0	70.0	70.0	69.0	69.0	69.0	67.0	67.0	67.0	67.0	65.0	65.0	65.0	65.0	63.0	63.0	63.0
19:14:5:0	63.0	62.0	62.0	62.0	62.0	61.0	61.0	61.0	61.0	61.0	61.0	61.0	61.0	61.0	61.0	61.0	61.0	62.0	62.0	62.0
19:14:10:0	62.0	61.0	61.0	61.0	61.0	61.0	61.0	61.0	61.0	61.0	60.0	60.0	60.0	60.0	61.0	61.0	61.0	61.0	61.0	61.0
19:14:15:0	61.0	61.0	61.0	61.0	61.0	61.0	61.0	61.0	61.0	61.0	61.0	61.0	61.0	62.0	62.0	62.0	62.0	62.0	62.0
19:14:20:0	62.0	62.0	63.0	63.0	63.0	64.0	64.0	64.0	65.0	65.0	65.0	65.0	66.0	66.0	66.0	66.0	67.0
19:14:25:0	67.0	67.0	67.0	68.0	68.0	68.0	68.0	69.0	69.0	69.0	69.0	69.0	69.0	69.0	70.0	70.0	69.0
19:14:30:0	69.0	69.0	69.0	69.0	69.0	69.0	69.0	69.0	70.0	70.0	70.0	71.0	71.0	71.0	71.0	71.0	71.0	71.0	71.0	71.0
19:14:35:0	71.0	71.0	71.0	71.0	69.0	69.0	69.0	69.0	68.0	68.0	67.0	67.0	67.0	67.0
19:14:40:0	67.0	67.0	67.0	67.0	67.0	67.0	67.0	67.0	68.0	68.0	68.0	68.0	67.0	67.0	67.0	67.0	67.0	67.0	67.0
19:14:45:0	67.0	66.0	66.0	65.0	65.0	65.0	64.0	64.0	64.0	64.0	64.0	64.0	64.0	64.0	64.0	64.0	64.0
19:14:50:0	64.0	65.0	65.0	65.0	66.0	66.0	66.0	67.0	67.0	67.0	67.0	69.0	69.0	69.0	69.0	71.0	71.0	71.0
19:14:55:0	71.0	74.0	74.0	74.0	74.0	74.0	77.0	77.0	77.0	77.0	80.0	80.0	80.0	80.0	83.0	83.0	83.0	83.0	84.0	84.0
19:15:0:0	84.0	85.0	85.0	85.0	85.0	86.0	86.0	86.0	86.0	87.0	87.0	87.0	87.0	87.0	87.0	87.0	87.0	87.0
19:15:5:0	87.0	87.0	86.0	86.0	86.0	85.0	85.0	85.0	85.0	83.0	83.0	83.0	83.0	82.0	82.0	82.0	82.0
19:15:10:0	80.0	78.0	78.0	78.0	76.0	76.0	75.0	75.0	73.0	73.0	73.0	72.0
19:15:15:0	72.0	72.0	72.0	72.0	72.0	72.0	72.0	72.0	71.0	71.0	71.0	71.0	71.0	71.0	71.0	71.0	70.0	70.0	70.0	70.0
19:15:20:0	70.0	70.0	70.0	70.0	70.0	70.0	70.0	70.0	70.0	70.0	70.0	70.0	72.0	72.0	72.0	74.0	74.0	74.0	74.0
19:15:25:0	77.0	77.0	77.0	77.0	78.0	78.0	78.0	78.0	79.0	79.0	79.0	79.0	79.0	79.0	79.0	79.0	78.0	78.0	78.0
19:15:30:0	78.0	76.0	76.0	76.0	76.0	75.0	75.0	75.0	75.0	75.0	75.0	75.0	75.0	75.0	75.0	75.0	75.0	75.0
19:15:35:0	75.0	74.0	74.0	74.0	72.0	72.0	72.0	72.0	71.0	71.0	71.0	71.0	70.0	70.0	70.0	70.0	70.0	70.0
19:15:40:0	70.0	70.0	70.0	70.0	70.0	71.0	71.0	71.0	71.0	70.0	70.0	70.0	70.0	70.0	70.0	70.0	68.0
19:15:45:0	68.0	68.0	67.0	67.0	66.0	66.0	66.0	67.0	67.0	67.0	67.0	67.0	67.0
19:15:50:0	68.0	69.0	69.0	69.0	69.0	70.0	70.0	70.0	70.0	71.0	71.0	71.0	73.0	73.0	73.0	73.0	76.0
19:15:55:0	76.0	76.0	76.0	78.0	78.0	78.0	80.0	80.0	80.0	80.0	80.0	80.0	80.0	78.0
19:16:0:0	78.0	78.0	77.0	77.0	77.0	76.0	76.0	76.0	76.0	76.0	76.0	76.0	76.0	76.0	76.0	76.0
19:16:5:0	77.0	77.0	77.0	77.0	76.0	76.0	76.0	76.0	76.0	74.0	74.0	74.0	74.0	73.0	73.0	73.0	73.0	73.0
19:16:10:0	73.0	73.0	73.0	73.0	73.0	73.0	73.0	73.0	73.0	73.0	74.0	74.0	74.0	74.0	74.0	75.0	75.0	75.0
19:16:15:0	75.0	77.0	77.0	77.0	78.0	78.0	78.0	78.0	79.0	79.0	78.0	78.0	78.0	78.0	77.0	77.0
19:16:20:0	77.0	77.0	75.0	75.0	75.0	75.0	74.0	74.0	74.0	74.0	74.0	74.0	74.0	73.0	73.0	73.0
19:16:25:0	73.0	73.0	73.0	73.0	73.0	74.0	74.0	74.0	74.0	74.0	75.0	75.0	75.0	75.0	75.0
19:16:30:0	75.0	75.0	76.0	76.0	76.0	76.0	76.0	76.0	76.0	76.0	76.0	76.0	76.0	76.0	75.0	75.0	75.0	75.0	74.0
19:16:35:0	74.0	74.0	74.0	73.0	73.0	73.0	73.0	74.0	74.0	74.0	75.0	75.0	75.0	75.0	75.0	75.0
19:16:40:0	75.0	75.0	75.0	75.0	74.0	74.0	73.0	73.0	73.0	73.0	73.0	73.0	73.0
19:16:45:0	73.0	73.0	73.0	73.0	73.0	73.0	73.0	72.0	72.0	72.0	72.0	72.0	72.0	73.0	73.0	73.0	73.0
19:16:50:0	74.0	74.0	75.0	75.0	76.0	76.0	76.0	76.0	76.0	76.0	76.5
19:16:55:0	77.0	77.0	78.0	78.0	78.0	78.0	80.0	81.0	81.0	81.0	81.0	81.0	81.0	81.0	81.0	81.0	80.0	80.0
19:17:0:0	80.0	80.0	78.0	78.0	77.0	77.0	77.0	77.0	76.0	76.0	76.0	76.0	75.0	75.0	75.0	75.0	75.0
19:17:5:0	75.0	75.0	75.0	75.0	75.0	76.0	76.0	76.0	78.0	78.0	78.0	80.0	80.0	80.0	80.0	83.0	83.0
19:17:10:0	83.0	83.0	85.0	85.0	85.0	85.0	85.0	88.0	88.0	88.0	88.0	88.0	88.0	88.0	88.0	88.0	88.0	88.0	88.0
19:17:15:0	88.0	88.0	87.0	87.0	87.0	85.0	85.0	85.0	85.0	84.0	84.0	84.0	82.0	82.0	82.0	80.0
19:17:20:0	80.0	80.0	80.0	78.0	78.0	78.0	78.0	77.0	77.0	77.0	76.0	76.0	76.0	76.0	74.0	74.0	74.0	74.0	74.0
19:17:25:0	73.0	73.0	73.0	73.0	72.0	72.0	72.0	72.0	71.0	71.0	71.0	71.0	70.0	70.0	70.0	70.0	70.0	70.0	70.0	70.0
19:17:30:0	70.0	70.0	70.0	70.0	70.0	72.0	72.0	72.0	72.0	74.0	74.0	74.0	76.0	76.0	76.0	77.0	77.0	77.0
19:17:35:0	78.0	78.0	78.0	78.0	78.0	78.0	78.0	77.0	77.0	77.0	77.0	77.0	77.0	77.0	77.0	76.0	76.0	76.0
19:17:40:0	74.0	74.0	74.0	74.0	73.0	73.0	73.0	72.0	72.0	72.0	72.0	73.0	73.0	73.0	73.0	74.0	74.0
19:17:45:0	74.0	74.0	75.0	75.0	75.0	75.0	75.0	75.0	75.0	75.0	74.0	74.0	74.0	74.0	73.0	73.0	73.0	73.0
19:17:50:0	73.0	73.0	73.0	73.0	73.0	73.0	73.0	73.0	74.0	74.0	74.0	74.0	75.0	75.0	75.0	75.0	75.0	75.0
19:17:55:0	75.0	75.0	75.0	75.0	75.0	75.0	75.0	75.0	73.0	73.0	73.0	73.0	72.0	72.0	72.0	72.0	71.0
19:18:0:0	71.0	71.0	71.0	70.0	70.0	70.0	69.0	69.0	69.0	69.0	69.0	69.0	70.0	70.0
19:18:5:0	72.0	72.0	72.0	74.0	74.0	74.0	74.0	76.0	76.0	76.0	76.0	79.0	79.0	79.0	79.0	79.0	81.0	81.0	81.0	81.0
19:18:10:0	82.0	82.0	82.0	82.0	82.0	82.0	82.0	82.0	81.0	81.0	81.0	80.0	80.0	80.0	80.0	79.0	79.0	79.0	79.0
19:18:15:0	79.0	79.0	79.0	79.0	79.0	77.0	77.0	77.0	77.0	77.0	77.0	77.0	77.0	77.0	77.0	77.0	77.0	77.0	77.0	77.0
19:18:20:0	77.0	78.0	78.0	78.0	78.0	78.0	78.0	78.0	78.0	78.0	78.0	78.0	78.0	78.0	78.0	78.0	78.0	78.0	76.0	76.0	76.0
19:18:25:0	76.0	75.0	75.0	75.0	73.0	73.0	73.0	71.0	71.0	71.0	71.0	69.0	69.0	69.0	69.0
19:18:30:0	69.0	69.0	69.0	69.0	69.0	70.0	70.0	70.0	70.0	71.0	71.0	71.0	71.0	72.0	72.0	72.0	72.0	72.0	72.0
19:18:35:0	72.0	72.0	72.0	71.0	71.0	71.0	71.0	71.0	71.0	71.0	71.0	71.0	71.0	71.0	71.0	71.0	72.0	72.0
19:18:40:0	72.0	72.0	72.0	72.0	72.0	72.0	72.0	72.0	72.0	72.0	72.0	72.0	72.0	72.0	72.0	73.0	73.0	73.0	73.0	74.0
19:18:45:0	74.0	74.0	74.0	74.0	74.0	74.0	74.0	75.0	75.0	75.0	75.0	75.0	75.0	75.0	75.0	75.0	75.0	75.0	75.0
19:18:50:0	75.0	74.0	74.0	74.0	74.0	74.0	74.0	74.0	74.0	74.0	74.0	74.0	74.0	74.0	74.0	74.0	74.0
19:18:55:0	74.0	73.0	73.0	73.0	72.0	72.0	72.0	72.0	72.0	72.0	72.0	72.0	71.0	71.0	71.0	71.0
19:19:0:0	71.0	71.0	71.0	71.0	71.0	70.0	70.0	70.0	70.0	70.0	70.0	70.0	70.0	71.0	71.0	71.0	71.0	72.0	72.0	72.0
19:19:5:0	72.0	73.0	73.0	73.0	73.0	74.0	74.0	74.0	74.0	74.0	76.0	76.0	76.0	76.0	77.0	77.0	77.0	77.0	78.0	78.0
19:19:10:0	78.0	78.0	78.0	78.0	78.0	78.0	78.0	78.0	78.0	78.0	78.0	78.0	78.0	78.0	78.0	78.0	78.0	78.0	78.0
19:19:15:0	78.0	78.0	79.0	79.0	79.0	80.0	80.0	80.0	80.0	81.0	81.0	81.0	81.0	83.0	83.0	83.0	85.0
19:19:20:0	85.0	85.0	85.0	89.0	89.0	89.0	89.0	91.0	91.0	91.0	91.0	91.0	91.0	91.0	91.0	92.0	92.0	92.0	92.0	91.0
19:19:25:0	91.0	91.0	91.0	90.0	90.0	90.0	90.0	88.0	88.0	88.0	86.0	86.0	86.0	86.0	84.0	84.0	84.0	83.0
19:19:30:0	83.0	83.0	83.0	80.0	80.0	80.0	80.0	78.0	78.0	78.0	78.0	78.0	76.0	76.0	76.0	76.0	75.0	75.0
19:19:35:0	75.0	75.0	75.0	75.0	74.0	74.0	74.0	74.0	73.0	73.0	73.0	73.0	72.0	72.0	72.0	72.0	72.0	72.0	72.0
19:19:40:0	72.0	72.0	72.0	72.0	72.0	73.0	73.0	73.0	75.0	75.0	75.0	75.0	77.0	77.0	77.0	78.0	78.0
19:19:45:0	78.0	80.0	80.0	80.0	80.0	80.0	81.0	81.0	81.0	81.0	80.0	80.0	80.0	80.0	80.0	80.0
19:19:50:0	80.0	80.0	80.0	80.0	80.0	80.0	80.0	80.0	80.0	80.0	80.0	80.0	80.0	80.0	80.0	80.0	80.0	80.0	80.0
19:19:55:0	80.0	80.0	80.0	80.0	80.0	80.0	79.0	79.0	79.0	79.0	79.0	79.0	79.0	79.0	79.0	78.0	78.0	78.0	78.0	77.0
19:20:0:0	77.0	77.0	77.0	76.0	76.0	76.0	76.0	76.0	76.0	77.0	77.0	77.0	77.0	79.0	79.0	79.0	79.0
19:20:5:0	80.0	80.0	80.0	81.0	81.0	81.0	81.0	81.0	81.0	81.0	79.0	78.0	78.0	78.0	78.0	77.0
19:20:10:0	77.0	77.0	77.0	77.0	78.0	78.0	78.0	78.0	79.0	79.0	79.0	79.0	80.0	80.0	80.0	80.0	81.0	81.0	81.0	81.0
19:20:15:0	80.0	80.0	80.0	80.0	80.0	80.0	80.0	80.0	78.0	78.0	78.0	78.0	78.0	77.0	77.0	77.0	77.0	75.0	75.0	75.0	75.0
19:20:20:0	74.0	74.0	74.0	74.0	74.0	74.0	74.0	76.0	76.0	77.0	77.0	77.0	77.0	78.0	78.0
19:20:25:0	78.0	78.0	77.0	77.0	76.0	76.0	76.0	75.0	75.0	76.0	76.0	76.0
19:20:30:0	76.0	76.0	76.0	76.0	76.0	76.0	76.0	76.0	76.0	76.0	75.0	75.0	75.0	75.0
19:20:35:0	75.0	75.0	75.0	75.0	75.0	75.0	75.0	75.0	76.0	76.0	76.0	76.0	77.0	77.0	77.0	77.0	78.0	78.0
19:20:40:0	78.0	78.0	78.0	78.0	78.0	78.0	77.0	77.0	77.0	76.0	76.0	76.0	76.0	76.0	74.0	74.0	74.0
19:20:45:0	73.0	73.0	73.0	72.0	72.0	72.0	72.0	72.0	72.0	72.0	72.0	72.0	72.0	72.0	74.0	74.0	74.0	74.0	74.0
19:20:50:0	75.0	75.0	75.0	75.0	76.0	76.0	76.0	76.0	76.0	76.0	76.0	76.0	76.0	76.0	76.0	76.0	76.0	76.0	76.0
19:20:55:0	76.0	76.0	76.0	76.0	76.0	76.0	76.0	75.0	75.0	75.0	74.0	74.0	74.0	73.0	73.0	73.0
19:21:0:0	72.0	72.0	72.0	72.0	72.0	72.0	72.0	72.0	71.0	71.0	71.0	71.0	71.0	71.0	71.0	71.0	71.0	71.0	71.0	71.0
19:21:5:0	71.0	72.0	72.0	72.0	72.0	74.0	74.0	74.0	74.0	76.0	76.0	76.0	76.0	78.0	78.0	78.0	78.0	78.0	79.0	79.0	79.0
19:21:10:0	79.0	79.0	79.0	79.0	79.0	80.0	80.0	80.0	80.0	79.0	79.0	79.0	79.0	78.0	78.0	78.0	78.0	77.0	77.0
19:21:15:0	77.0	77.0	77.0	77.0	77.0	77.0	77.0	77.0	77.0	77.0	77.0	77.0	78.0	78.0	78.0	78.0	79.0	79.0
19:21:20:0	79.0	79.0	80.0	80.0	80.0	80.0	81.0	81.0	81.0	81.0	81.0	81.0	80.0	80.0	80.0	80.0	80.0
19:21:25:0	80.0	80.0	80.0	80.0	80.0	80.0	81.0	81.0	81.0	81.0	81.0	81.0	81.0	81.0	81.0	81.0	81.0	81.0	81.0	82.0
19:21:30:0	82.0	82.0	82.0	83.0	83.0	83.0	83.0	84.0	84.0	84.0	84.0	84.0	84.0	84.0	84.0	84.0	84.0	84.0	84.0
19:21:35:0	84.0	84.0	84.0	84.0	85.0	85.0	85.0	85.0	86.0	86.0	86.0	86.0	87.0	87.0	87.0	87.0	88.0	88.0	88.0
19:21:40:0	88.0	88.0	88.0	88.0	88.0	86.0	86.0	86.0	86.0	85.0	85.0	85.0	85.0	83.0	83.0	83.0	83.0	82.0	82.0	82.0	82.0
19:21:45:0	80.0	80.0	80.0	80.0	78.0	78.0	78.0	78.0	76.0	76.0	76.0	76.0	76.0	76.0	76.0	76.0	76.0	76.0
19:21:50:0	76.0	78.0	78.0	78.0	78.0	81.0	81.0	81.0	83.0	83.0	83.0	85.0	85.0	85.0	85.0	86.0	86.0
19:21:55:0	86.0	86.0	87.0	87.0	87.0	87.0	86.0	86.0	86.0	86.0	86.0	86.0	86.0	86.0	84.0	84.0	84.0	84.0	83.0	83.0	83.0
19:22:0:0	83.0	83.0	81.0	81.0	81.0	81.0	80.0	80.0	80.0	79.0	78.0	78.0	78.0	78.0	78.0
19:22:5:0	78.0	78.0	77.0	77.0	77.0	77.0	77.0	77.0	77.0	76.0	76.0	76.0	76.0	76.0	76.0	76.0
19:22:10:0	75.0	75.0	75.0	74.0	74.0	74.0	73.0	73.0	73.0	73.0	73.0	73.0	72.0
19:22:15:0	72.0	72.0	73.0	73.0	73.0	74.0	75.0	75.0	75.0	76.0	76.0	76.0
19:22:20:0	76.0	76.0	76.0	76.0	75.0	75.0	75.0	75.0	74.0	74.0	74.0	74.0	73.0	73.0	73.0	73.0
19:22:25:0	73.0	73.0	73.0	73.0	73.0	73.0	73.0	73.0	73.0	73.0	73.0	73.0	73.0	73.0	73.0	73.0	73.0
19:22:30:0	73.0	73.0	73.0	73.0	73.0	73.0	73.0	73.0	73.0	73.0	73.0	73.0	73.0	73.0	73.0	73.0	73.0	73.0	74.0	74.0	74.0
19:22:35:0	74.0	74.0	74.0	74.0	74.0	75.0	75.0	75.0	77.0	77.0	78.0	78.0	78.0	78.0	78.0
19:22:40:0	78.0	78.0	79.0	79.0	79.0	79.0	78.0	78.0	78.0	78.0	78.0	78.0	78.0	78.0	77.0	77.0	77.0	77.0	77.0	77.0
19:22:45:0	77.0	77.0	77.0	77.0	77.0	77.0	77.0	77.0	77.0	77.0	77.0	77.0	77.0	77.0	77.0	77.0	77.0	77.0	77.0
19:22:50:0	77.0	77.0	77.0	77.0	77.0	77.0	77.0	77.0	77.0	77.0	77.0	77.0	77.0
19:22:55:0	77.0	77.0	77.0	77.0	77.0	77.0	77.0	77.0	77.0	77.0	77.0	77.0	77.0	77.0	77.0	77.0	77.0	77.0	77.0	77.0
19:23:0:0	77.0	77.0	77.0	77.0	76.0	76.0	76.0	76.0	75.0	75.0	75.0	74.0	74.0	74.0	74.0
19:23:5:0	75.0	75.0	75.0	75.0	76.0	76.0	76.0	76.0	76.0	76.0	76.0	75.0	75.0	73.0	73.0	73.0	73.0
19:23:10:0	72.0	72.0	72.0	72.0	72.0	72.0	72.0	72.0	72.0	72.0	72.0	73.0	73.0	73.0	73.0	73.0	73.0
19:23:15:0	73.0	74.0	74.0	74.0	74.0	74.0	74.0	74.0	74.0	73.0	73.0	73.0	73.0	73.0	73.0	73.0	73.0
19:23:20:0	73.0	74.0	74.0	74.0	75.0	75.0	75.0	75.0	77.0	77.0	80.0	80.0	80.0	81.0	81.0
19:23:25:0	81.0	81.0	83.0	83.0	84.0	84.0	84.0	84.0	84.0	84.0	84.0	85.0	85.0	85.0	85.0	85.0
19:23:30:0	85.0	85.0	85.0	85.0	85.0	85.0	84.0	84.0	84.0	84.0	83.0	83.0	83.0	83.0	81.0	81.0	81.0	81.0	79.0
19:23:35:0	79.0	79.0	79.0	78.0	78.0	78.0	78.0	78.0	77.0	77.0	77.0	77.0	76.0	76.0	76.0	76.0	74.0	74.0	74.0	74.0	73.0
19:23:40:0	73.0	73.0	73.0	71.0	71.0	71.0	71.0	69.0	69.0	69.0	69.0	69.0	68.0	68.0	68.0	68.0	69.0	69.0	69.0	69.0
19:23:45:0	71.0	71.0	71.0	71.0	72.0	72.0	72.0	73.0	73.0	73.0	73.0	73.0	73.0	73.0	73.0	73.0
