18:38:43:0	70.0	70.0	68.0	68.0	68.0	68.0	67.0	67.0	67.0	67.0	67.0	67.0	67.0	67.0	67.0
18:38:48:0	67.0	67.0	66.0	66.0	66.0	65.0	65.0	65.5	66.0	66.0	66.0	68.0
18:38:53:0	68.0	68.0	70.0	72.0	72.0	73.0	73.0	75.0	75.0	75.0	75.0	75.0
18:38:58:0	75.0	75.0	75.0	75.0	75.0	75.0	75.0	75.0	75.0	75.0	75.0	75.0	75.0	75.0	76.0	76.0	76.0	76.0
18:39:3:0	76.0	76.0	76.0	76.0	77.0	77.0	77.0	77.0	77.0	77.0	77.0	77.0	77.0	77.0	77.0
18:39:8:0	77.0	77.0	77.0	77.0	77.0	77.0	77.0	77.0	77.0	77.0	77.0	76.0
18:39:13:0	76.0	76.0	76.0	75.0	74.0	74.0	74.0	74.0	74.0	74.0	74.0	74.0	74.0	74.0
18:39:18:0	75.0	75.0	75.0	76.0	76.0	76.0	76.0	76.0	76.0	76.0	76.0	76.0
18:39:23:0	76.0	76.0	76.0	76.0	76.0	76.0	76.0	76.0	76.0	76.0	76.0	76.0	76.0	76.0	76.0	77.0
18:39:28:0	77.0	77.0	77.0	77.0	77.0	77.0	78.0	77.5	77.0	77.0	77.0	77.0	77.0	77.0
18:39:33:0	77.0	76.88235294117646	76.76470588235293	76.64705882352939	76.52941176470586
18:39:38:0	76.41176470588232	76.29411764705878	76.17647058823525	76.05882352941171	75.94117647058818
18:39:43:0	75.82352941176464	75.7058823529411	75.58823529411757	75.47058823529403	75.3529411764705
18:39:48:0	75.23529411764696	75.11764705882342	74.99999999999989	75.0	75.0	75.0	75.0	76.0	76.0	76.0	76.0	76.0	76.0
18:39:53:0	76.0	77.0	77.0	77.0	79.0	79.0	79.0	79.0	79.0	79.0	79.0	79.0	79.0	79.0	79.0	78.0	78.0
18:39:58:0	78.0	78.0	78.0	78.0	78.0	78.0	78.0	78.0	78.0	78.0	78.0	78.0	78.0	78.0
18:40:3:0	78.0	79.0	79.0	79.0	79.0	79.0	80.0	79.75
18:40:8:0	79.5	79.25	79.0	79.0	78.0	78.0	78.0	78.0	78.0	78.0
18:40:13:0	78.0	78.0	78.0	78.0	78.0	78.0	78.0	79.0	79.0
18:40:18:0	79.0	78.0	78.0	78.0	78.0	78.0	77.0	77.0	77.0	77.0	77.0
18:40:23:0	77.0	77.0	77.0	77.0	76.0	76.0	76.0	76.0	76.0	76.0	76.0	75.0	75.0	75.0	76.0	76.0
18:40:28:0	78.0	78.0	78.0	80.0	80.0	82.0	82.0	82.0	83.0	83.0	83.0	83.0	83.0
18:40:33:0	83.0	83.0	83.0	83.0	83.0	82.0	82.0	82.0	81.0	81.0	81.0	81.0	80.0	80.0	81.0	81.0	81.0
18:40:38:0	81.0	82.0	82.0	82.0	82.0	84.0	84.0	84.0	84.0	85.0	85.0	85.0	85.0	85.0	85.0	85.0	85.0	85.0	85.0
18:40:43:0	85.0	85.0	84.0	84.0	84.0	84.0	82.0	82.0	82.0	82.0	81.0	81.0	81.0	81.0	79.0	79.0	79.0
18:40:48:0	77.0	77.0	76.0	76.0	76.0	76.0	76.0	76.0	76.0	76.0	77.0	77.0	77.0	78.0	78.0	78.0	79.0
18:40:53:0	79.0	79.0	79.0	80.0	80.0	80.0	80.0	82.0	82.0	82.0	82.0	82.0	82.0	83.0	83.0	83.0	82.0
18:40:58:0	82.0	82.0	82.0	79.0	79.0	79.0	79.0	78.0	78.0	78.0	78.0	76.0	76.0	76.0	76.0	76.0	74.0	74.0	74.0	74.0
18:41:3:0	73.0	73.0	73.0	73.0	73.0	73.0	73.0	74.0	74.0	74.0	74.0	74.0	74.0	73.0	73.0
18:41:8:0	72.0	72.0	72.0	72.0	72.0	72.0	72.0	72.0	73.0	73.0	73.0	75.0	75.0	75.0	75.0	76.0	76.0	76.0	76.0
18:41:13:0	77.0	77.0	77.0	77.0	77.0	77.0	77.0	77.0	77.0	77.0	77.0	75.0	75.0	75.0	74.0	74.0
18:41:18:0	74.0	72.0	72.0	72.0	72.0	72.0	72.0	72.0	73.0	73.0	73.0	74.0	74.0	74.0	75.0	75.0
18:41:23:0	75.0	75.0	76.0	76.0	76.0	76.0	76.0	76.0	76.0	76.0	75.0	75.0	75.0	75.0	75.0	75.0	73.0	73.0
18:41:28:0	73.0	73.0	72.0	72.0	72.0	72.0	71.0	71.0	71.0	71.0	70.0	70.0	70.0	70.0	70.0	70.0	71.0	71.0
18:41:33:0	71.0	71.0	73.0	73.0	73.0	73.0	73.0	74.0	74.0	74.0	74.0	74.0	74.0	74.0	74.0	74.0	74.0	74.0	74.0	74.0
18:41:38:0	74.0	74.0	74.0	73.0	73.0	73.0	73.0	73.0	73.0	73.0	73.0	73.0	73.0	73.0	73.0	73.0
18:41:43:0	74.0	74.0	74.0	76.0	76.0	76.0	76.0	77.0	77.0	77.0	78.0	78.0	78.0	78.0	78.0	78.0	78.0	78.0	78.0
18:41:48:0	77.0	77.0	77.0	77.0	76.0	76.0	76.0	76.0	76.0	76.0	76.0	76.0	76.0	76.0	76.0	76.0	76.0	76.0	76.0
18:41:53:0	76.0	76.0	76.0	76.0	76.0	76.0	76.0	76.0	76.0	76.0	76.0	76.0	76.0	76.0	76.0	76.0	77.0	77.0	77.0
18:41:58:0	77.0	78.0	78.0	78.0	78.0	79.0	79.0	79.0	79.0	78.0	78.0	78.0	78.0	78.0	78.0	77.0	77.0
18:42:3:0	78.0	78.0	78.0	81.0	81.0	81.0	82.0	82.0	82.0	82.0	82.0	81.0	81.0	81.0	81.0	80.0	80.0
18:42:8:0	80.0	80.0	79.0	79.0	79.0	79.0	77.0	77.0	77.0	77.0	75.0	75.0	75.0	74.0	74.0	74.0	74.0
18:42:13:0	73.0	73.0	73.0	73.0	73.0	74.0	74.0	74.0	74.0	74.0	74.0	74.0	74.0	74.0	74.0	74.0
18:42:18:0	74.0	74.0	74.0	74.0	74.0	74.0	74.0	74.0	74.0	74.0	74.0	74.0	74.0	74.0	74.0	73.0	73.0	73.0	73.0
18:42:23:0	73.0	73.0	73.0	72.0	72.0	72.0	73.0	73.0	73.0	73.0	73.0	75.0	75.0	75.0	75.0	75.0	75.0
18:42:28:0	78.0	78.0	78.0	78.0	78.0	78.0	78.0	78.0	78.0	77.0	77.0	77.0	77.0	77.0	76.0	76.0	76.0	76.0
18:42:33:0	75.0	75.0	75.0	75.0	75.0	75.0	75.0	75.0	75.0	75.0	75.0	75.0	75.0	75.0	75.0	75.0	75.0
18:42:38:0	75.0	74.0	74.0	74.0	74.0	74.0	74.0	74.0	74.0	73.0	73.0	73.0	73.0	72.0	72.0	72.0	72.0	72.0	72.0	72.0
18:42:43:0	72.0	72.0	72.0	72.0	72.0	72.0	72.0	72.0	72.0	72.0	72.0	72.0	72.0	72.0	72.0	72.0	72.0	73.0
18:42:48:0	73.0	73.0	74.0	74.0	74.0	74.0	75.0	75.0	75.0	75.0	76.0	76.0	76.0	76.0	76.0	75.0	75.0	75.0	75.0
18:42:53:0	75.0	75.0	75.0	75.0	75.0	75.0	75.0	75.0	75.0	75.0	75.0	75.0	75.0	75.0	75.0	75.0	75.0	76.0
18:42:58:0	76.0	76.0	76.0	77.0	77.0	77.0	77.0	77.0	77.0	77.0	77.0	77.0	77.0	77.0	77.0	77.0	77.0	77.0	77.0	76.0
18:43:3:0	76.0	76.0	76.0	76.0	74.0	74.0	74.0	74.0	73.0	73.0	73.0	73.0	73.0	73.0	73.0	73.0	73.0	73.0	73.0	73.0	73.0
18:43:8:0	73.0	73.0	73.0	75.0	75.0	75.0	76.0	76.0	76.0	76.0	76.0	76.0	77.0	77.0	77.0	77.0
18:43:13:0	77.0	77.0	77.0	77.0	77.0	77.0	77.0	77.0	77.0	77.0	77.0	77.0	76.0	76.0	76.0	76.0	76.0	76.0
18:43:18:0	76.0	75.0	75.0	75.0	75.0	75.0	75.0	76.0	76.0	76.0	76.0	77.0	77.0	77.0	79.0	79.0	79.0
18:43:23:0	79.0	80.0	80.0	80.0	80.0	81.0	81.0	81.0	81.0	81.0	81.0	81.0	81.0	80.0	80.0	80.0	80.0	79.0	79.0	79.0
18:43:28:0	79.0	78.0	78.0	78.0	78.0	78.0	78.0	78.0	78.0	78.0	79.0	79.0	79.0	79.0	80.0	80.0	80.0	80.0
18:43:33:0	80.0	80.0	80.0	80.0	80.0	80.0	80.0	80.0	80.0	80.0	79.0	79.0	79.0	79.0	79.0	78.0	78.0	78.0	78.0	77.0
18:43:38:0	77.0	77.0	77.0	77.0	77.0	77.0	76.0	76.0	76.0	76.0	75.0	75.0	75.0	75.0	75.0	75.0	75.0	75.0
18:43:43:0	75.0	75.0	75.0	75.0	75.0	76.0	76.0	76.0	76.0	76.0	76.0	76.0	76.0	76.0	76.0	76.0	76.0	76.0
18:43:48:0	76.0	76.0	76.0	76.0	76.0	76.0	76.0	76.0	76.0	76.0	76.0	76.0	76.0	76.0	76.0	76.0	76.0	76.0	76.0	76.0
18:43:53:0	76.0	76.0	76.0	76.0	76.0	76.0	76.0	76.0	76.0	76.0	76.0	76.0	76.0	76.0	77.0	77.0	77.0
18:43:58:0	78.0	78.0	79.0	79.0	79.0	79.0	78.0	78.0	78.0	78.0	78.0	78.0	78.0	78.0	78.0	76.0	76.0	76.0
18:44:3:0	76.0	75.0	75.0	75.0	75.0	74.0	74.0	74.0	74.0	74.0	74.0	74.0	74.0	75.0	76.0	76.0
18:44:8:0	76.0	77.0	77.0	77.0	77.0	77.0	77.0	76.0	76.0	76.0	76.0	76.0	76.0	76.0	76.0	75.0	75.0	75.0
18:44:13:0	75.0	74.0	74.0	74.0	74.0	74.0	75.0	75.0	75.0	75.0	75.0	75.0	75.0	75.0	75.0	75.0	75.0	75.0	75.0	75.0
18:44:18:0	75.0	75.0	74.0	74.0	74.0	74.0	74.0	74.0	74.0	74.0	74.0	74.0	74.0	74.0	75.0	75.0	75.0
18:44:23:0	76.0	76.0	76.0	75.0	75.0	75.0	74.0	74.0	74.0	74.0	73.0	73.0	73.0	73.0	72.0	72.0	72.0	72.0
18:44:28:0	71.0	71.0	71.0	71.0	71.0	71.0	71.0	71.0	71.0	71.0	71.0	72.0	72.0	72.0	73.0	73.0	73.0	73.0
18:44:33:0	73.0	73.0	73.0	73.0	74.0	74.0	74.0	74.0	74.0	74.0	74.0	74.0	74.0	74.0	74.0	74.0	74.0	74.0	74.0
18:44:38:0	73.0	73.0	73.0	73.0	73.0	73.0	73.0	74.0	74.0	74.0	74.0	75.0	75.0	75.0	75.0	75.0	75.0	75.0
18:44:43:0	75.0	76.0	76.0	76.0	76.0	75.0	75.0	75.0	75.0	74.0	74.0	74.0	74.0	72.0	72.0	72.0	72.0	72.0	72.0	72.0	72.0
18:44:48:0	72.0	72.0	72.0	72.0	72.0	72.0	72.0	72.0	72.0	73.0	73.0	73.0	73.0	74.0	74.0	74.0	74.0	74.0	74.0	74.0
18:44:53:0	74.0	74.0	74.0	74.0	74.0	74.0	74.0	74.0	74.0	75.0	75.0	75.0	74.0	74.0	74.0
18:44:58:0	74.0	74.0	73.0	73.0	73.0	73.0	73.0	73.0	73.0	73.0	73.0	73.0	73.0	73.0	73.0	74.0	74.0	74.0	74.0	74.0	74.0
18:45:3:0	74.0	74.0	75.0	75.0	75.0	74.0	74.0	74.0	74.0	74.0	74.0	74.0	74.0	74.0	72.0	72.0	72.0	72.0	72.0
18:45:8:0	72.0	72.0	72.0	72.0	72.0	72.0	72.0	73.0	73.0	73.0	73.0	75.0	75.0	75.0	75.0	75.0
18:45:13:0	75.0	75.0	75.0	75.0	75.0	75.0	75.0	74.0	74.0	74.0	74.0	73.0	73.0	73.0	73.0	73.0
18:45:18:0	73.0	73.0	73.0	73.0	73.0	74.0	74.0	74.0	74.0	74.0	74.0	74.0	75.0	75.0
18:45:23:0	75.0	76.0	76.0	76.0	75.0	75.0	75.0	75.0	75.0	75.0	75.0	73.0	73.0	73.0	73.0	72.0	72.0	72.0
18:45:28:0	72.0	71.0	71.0	71.0	71.0	71.0	71.0	71.0	71.0	72.0	72.0	72.0	72.0	72.0	73.0	73.0	73.0	73.0	75.0	75.0
18:45:33:0	75.0	75.0	77.0	77.0	77.0	77.0	78.0	78.0	78.0	78.0	79.0	79.0	79.0	79.0	79.0	79.0	79.0	79.0	79.0
18:45:38:0	79.0	79.0	77.0	77.0	77.0	77.0	76.0	76.0	76.0	76.0	75.0	75.0	75.0	75.0	75.0	75.0	75.0	75.0	76.0
18:45:43:0	76.0	76.0	76.0	76.0	76.0	76.0	77.0	77.0	77.0	77.0	77.0	77.0	76.0	76.0	76.0	76.0	75.0
18:45:48:0	75.0	75.0	75.0	74.0	74.0	74.0	74.0	73.0	73.0	73.0	73.0	73.0	74.0	74.0	74.0	74.0	74.0	74.0	74.0
18:45:53:0	74.0	74.0	74.0	74.0	74.0	74.0	74.0	74.0	74.0	74.0	74.0	74.0	74.0	74.0	74.0	74.0	74.0	74.0	74.0
18:45:58:0	75.0	75.0	75.0	75.0	76.0	76.0	76.0	76.0	77.0	77.0	77.0	77.0	79.0	79.0	79.0	79.0	81.0	81.0	81.0	81.0
18:46:3:0	82.0	82.0	82.0	82.0	82.0	82.0	82.0	82.0	82.0	82.0	82.0	82.0	80.0	80.0	80.0	79.0	79.0	79.0
18:46:8:0	77.5	76.0	76.0	76.0	76.0	75.0	75.0	76.0	76.0	76.0	76.0	76.0	76.0
18:46:13:0	76.0	77.0	77.0	77.0	77.0	76.0	76.0	76.0	76.0	76.0	76.0	76.0	76.0	76.0	75.0	75.0	75.0	75.0	74.0	74.0
18:46:18:0	74.0	74.0	74.0	74.0	74.0	74.0	74.0	74.0	74.0	74.0	74.0	74.0	74.0	73.0	73.0	73.0	73.0	73.0	73.0
18:46:23:0	73.0	73.0	73.0	71.0	71.0	71.0	71.0	71.0	71.0	71.0	72.0	72.0	72.0	72.0	72.0
18:46:28:0	72.0	72.0	73.0	73.0	73.0	73.0	73.0	73.0	73.0	74.0	74.0	74.0	74.0	74.0	74.0	74.0
18:46:33:0	74.0	74.0	74.0	74.0	74.0	74.0	75.0	75.0	75.0	74.0	74.0	74.0	74.0
18:46:38:0	72.0	72.0	72.0	72.0	71.0	71.0	71.0	71.0	70.0	70.0	70.0	70.0	69.0	69.0	69.0	69.0	69.0	69.0	69.0	69.0	69.0
18:46:43:0	69.0	69.0	69.0	69.0	71.0	71.0	71.0	71.0	72.0	72.0	72.0	72.0	74.0	74.0	74.0	74.0	75.0	75.0	75.0	75.0
18:46:48:0	76.0	76.0	76.0	76.0	76.0	77.0	77.0	77.0	77.0	77.0	77.0	76.0	76.0	76.0	76.0	76.0	76.0
18:46:53:0	76.0	75.0	75.0	75.0	75.0	75.0	75.0	75.0	75.0	75.0	75.0	75.0	75.0	75.0	75.0	75.0	75.0	76.0	76.0
18:46:58:0	76.0	77.0	77.0	77.0	78.0	78.0	78.0	77.0	77.0	77.0	77.0	77.0	77.0	77.0	77.0	77.0	75.0	75.0
18:47:3:0	75.0	75.0	74.0	74.0	74.0	74.0	72.0	72.0	72.0	72.0	71.0	71.0	71.0	71.0	71.0	71.0	71.0	71.0	71.0	72.0
18:47:8:0	72.0	72.0	72.0	73.0	73.0	73.0	73.0	73.0	73.0	74.0	74.0	74.0	73.0	73.0	73.0	73.0	73.0
18:47:13:0	73.0	73.0	73.0	73.0	73.0	73.0	73.0	73.0	73.0	73.0	73.0	73.0	73.0	73.0	73.0	73.0	74.0	74.0	74.0	74.0	74.0
18:47:18:0	74.0	74.0	74.0	74.0	74.0	74.0	74.0	73.0	73.0	73.0	73.0	73.0	72.0	72.0	72.0	71.0	71.0	71.0
18:47:23:0	71.0	71.0	71.0	72.0	72.0	72.0	73.0	73.0	73.0	74.0	74.0	74.0	74.0	74.0	75.0	75.0	75.0
18:47:28:0	75.0	76.0	76.0	76.0	76.0	74.0	74.0	74.0	74.0	72.0	72.0	72.0	72.0	71.0	71.0	71.0	71.0	71.0	71.0	71.0
18:47:33:0	71.0	71.0	71.0	71.0	72.0	72.0	72.0	72.0	74.0	74.0	74.0	74.0	75.0	75.0	75.0	75.0	77.0	77.0	77.0
18:47:38:0	77.0	78.0	78.0	78.0	79.0	79.0	79.0	79.0	79.0	79.0	79.0	80.0	80.0	80.0	80.0	79.0	79.0
18:47:43:0	79.0	79.0	79.0	79.0	79.0	79.0	78.0	78.0	78.0	78.0	77.0	77.0	77.0	77.0	77.0	76.0	76.0	76.0	76.0
18:47:48:0	76.0	76.0	76.0	76.0	76.0	77.0	77.0	77.0	77.0	76.0	76.0	76.0	76.0	76.0	76.0	76.0	76.0	76.0	75.0
18:47:53:0	75.0	75.0	75.0	74.0	74.0	74.0	74.0	75.0	75.0	75.0	75.0	76.0	76.0	77.0	77.0	77.0	77.0	79.0
18:47:58:0	79.0	79.0	79.0	79.0	81.0	81.0	81.0	81.0	83.0	83.0	83.0	83.0	83.0	83.0	82.0	82.0	82.0	82.0
18:48:3:0	81.0	81.0	81.0	81.0	81.0	81.0	81.0	82.0	82.0	82.0	82.0	82.0	82.0	82.0	82.0	82.0	82.0	82.0	82.0
18:48:8:0	82.0	82.0	82.0	82.0	82.0	82.0	82.0	82.0	81.0	81.0	81.0	80.0	80.0	80.0	80.0	79.0	79.0
18:48:13:0	79.0	77.0	77.0	77.0	76.0	76.0	76.0	76.0	75.0	75.0	75.0	75.0	75.0	75.0	75.0	75.0	76.0	76.0	76.0
18:48:18:0	76.0	76.0	76.0	76.0	76.0	75.0	75.0	75.0	75.0	75.0	75.0	74.0	74.0	74.0	74.0	73.0	73.0	73.0
18:48:23:0	73.0	73.0	73.0	73.0	73.0	73.0	73.0	73.0	73.0	73.0	73.0	73.0	73.0	73.0	73.0	73.0	74.0	74.0
18:48:28:0	74.0	74.0	74.0	74.0	74.0	74.0	75.0	75.0	75.0	75.0	74.0	74.0	74.0	74.0	74.0	73.0	73.0	73.0	72.0
18:48:33:0	72.0	72.0	72.0	72.0	72.0	72.0	72.0	73.0	73.0	73.0	73.0	74.0	74.0	74.0	75.0	75.0	75.0	75.0	75.0
18:48:38:0	75.0	75.0	75.0	75.0	75.0	75.0	75.0	75.0	75.0	75.0	75.0	75.0	75.0	75.0	75.0	75.0	75.0	74.0
