21:11:47:0	88.0	88.0	88.0	88.0	88.0	88.0	88.0	88.0	88.0	88.0	89.0	89.0	89.0	89.0	89.0	89.0
21:11:52:0	89.0	90.0	90.0	90.0	90.0	89.0	89.0	89.0	89.0	89.0	89.0	89.0	89.0	87.0	87.0	87.0	87.0	86.0	86.0	86.0
21:11:57:0	86.0	86.0	85.0	85.0	85.0	85.0	85.0	85.0	85.0	85.0	86.0	86.0	86.0	86.0	88.0	88.0	88.0	91.0	91.0
21:12:2:0	91.0	91.0	91.0	91.0	91.0	91.0	91.0	91.0	89.0	89.0	89.0	89.0	88.0	88.0	88.0	88.0	86.0
21:12:7:0	86.0	86.0	86.0	84.0	84.0	84.0	84.0	82.0	82.0	82.0	82.0	80.0	80.0	80.0	80.0	78.0	78.0	76.0
21:12:12:0	76.0	76.0	76.0	75.0	75.0	75.0	75.0	75.0	75.0	75.0	74.0	74.0	74.0	74.0	74.0	74.0	74.0	74.0
21:12:17:0	74.0	74.0	74.0	74.0	74.0	74.0	74.0	74.0	74.0	74.0	74.0	74.0	74.0	74.0	74.0
21:12:22:0	74.0	74.0	74.0	74.0	74.0	74.0	74.0	74.0	74.0	74.0	74.0	76.0	76.0	76.0	78.0	78.0	78.0	78.0
21:12:27:0	79.0	79.0	79.0	79.0	79.0	79.0	79.0	79.0	78.0	78.0	78.0	78.0	78.0	77.0	77.0	77.0	77.0	76.0	76.0	76.0
21:12:32:0	75.0	75.0	75.0	75.0	75.0	75.0	75.0	75.0	76.0	76.0	76.0	76.0	76.0	76.0	76.0
21:12:37:0	77.0	77.0	76.0	76.0	76.0	76.0	76.0	76.0	76.0	76.0	76.0	76.0	76.0	76.0	76.0	76.0	76.0	76.0	76.0	76.0	76.0
21:12:42:0	76.0	76.0	77.0	77.0	77.0	77.0	77.0	77.0	77.0	77.0	77.0	77.0	77.0	77.0	77.0	77.0	77.0	77.0	78.0	78.0
21:12:47:0	78.0	78.0	78.0	78.0	78.0	79.0	79.0	79.0	79.0	79.0	78.0	78.0	78.0	78.0	78.0	78.0	78.0	78.0	77.0
21:12:52:0	77.0	77.0	77.0	77.0	77.0	77.0	77.0	78.0	78.0	78.0	78.0	78.0	78.0	78.0	78.0	78.0	78.0	78.0	78.0	78.0
21:12:57:0	78.0	78.0	78.0	78.0	78.0	78.0	78.0	78.0	78.0	77.0	77.0	77.0	77.0	77.0	77.0	77.0
21:13:2:0	77.0	77.0	77.0	78.0	78.0	78.0	78.0	78.0	78.0	78.0	78.0	78.0	78.0	78.0	78.0	78.0	78.0	78.0	78.0
21:13:7:0	79.0	79.0	79.0	79.0	79.0	82.0	82.0	82.0	82.0	82.0	82.0	82.0	82.0	82.0	82.0	82.0	82.0	82.0	82.0
21:13:12:0	82.0	80.0	80.0	80.0	80.0	79.0	79.0	79.0	79.0	78.0	78.0	78.0	78.0	78.0	78.0	78.0	78.0	79.0	79.0
21:13:17:0	79.0	80.0	80.0	80.0	80.0	81.0	81.0	81.0	81.0	80.0	80.0	80.0	80.0	80.0	80.0	80.0	80.0	80.0	80.0	80.0
21:13:22:0	80.0	80.0	79.0	79.0	79.0	79.0	79.0	79.0	79.0	79.0	79.0	79.0	79.0	79.0	79.0
21:13:27:0	79.0	79.0	79.0	79.0	79.0	79.0	80.0	80.0	80.0	80.0	81.0	81.0	81.0	81.0	81.0	81.0	81.0	81.0	82.0	82.0
21:13:32:0	82.0	82.0	82.0	82.0	82.0	82.0	82.0	82.0	82.0	82.0	82.0	82.0	82.0	83.0	83.0	83.0	83.0	83.0
21:13:37:0	83.0	83.0	84.0	84.0	84.0	84.0	86.0	86.0	86.0	86.0	88.0	88.0	88.0	88.0	88.0	89.0	89.0	89.0	89.0
21:13:42:0	89.0	89.0	89.0	89.0	87.0	87.0	87.0	87.0	86.0	86.0	86.0	84.0	84.0	84.0	84.0	84.0	84.0
21:13:47:0	85.0	85.0	85.0	85.0	85.0	85.0	85.0	86.0	86.0	86.0	86.0	85.0	85.0	85.0	85.0	84.0	84.0	84.0	84.0
21:13:52:0	82.0	82.0	82.0	82.0	82.0	81.0	80.0	80.0	80.0	80.0	80.0	80.0	80.0	80.0	80.0	80.0	80.0
21:13:57:0	80.0	80.0	80.0	80.0	79.0	79.0	79.0	79.0	79.0	79.0	79.0	79.0	79.0	79.0	79.0	79.0	79.0	79.0	79.0
21:14:2:0	79.0	79.0	79.0	79.0	79.0	79.0	79.0	79.0	79.0	79.0	79.0	79.0	79.0	79.0	79.0	79.0	79.0	79.0
21:14:7:0	79.0	79.0	79.0	79.0	79.0	79.0	79.0	79.0	79.0	79.0	79.0	79.0	79.0	79.0	79.0	79.0	79.0	79.0	79.0
21:14:12:0	79.0	79.0	79.0	79.0	80.0	80.0	80.0	80.0	82.0	82.0	82.0	82.0	82.0	82.0	82.0	83.0
21:14:17:0	83.0	83.0	83.0	83.0	83.0	83.0	83.0	83.0	83.0	83.0	83.0	83.0	83.0	83.0	83.0	83.0	83.0	83.0	83.0	83.0	84.0
21:14:22:0	84.0	84.0	84.0	84.0	84.0	84.0	85.0	85.0	85.0	85.0	85.0	85.0	85.0	85.0	85.0	85.0	85.0
21:14:27:0	85.0	85.0	85.0	85.0	87.0	87.0	87.0	87.0	88.0	88.0	88.0	88.0	89.0	89.0	89.0	89.0	89.0	89.0	89.0	89.0
21:14:32:0	89.0	87.0	87.0	87.0	86.0	86.0	86.0	84.0	84.0	84.0	84.0	82.0	82.0	82.0	80.0	80.0	80.0	80.0
21:14:37:0	78.0	78.0	78.0	78.0	78.0	76.0	76.0	76.0	76.0	76.0	76.0	76.0	76.0	76.0	76.0	76.0	76.0	77.0	77.0	77.0
21:14:42:0	77.0	78.0	78.0	78.0	78.0	79.0	79.0	79.0	79.0	79.0	81.0	81.0	81.0	81.0	81.0	81.0	81.0	81.0	81.0
21:14:47:0	81.0	80.0	80.0	80.0	80.0	77.0	77.0	77.0	77.0	77.0	78.0	78.0	78.0	78.0	80.0
21:14:52:0	80.0	80.0	81.0	81.0	81.0	81.0	83.0	83.0	83.0	83.0	84.0	84.0	84.0	84.0	85.0	85.0	85.0	85.0	86.0	86.0
21:14:57:0	86.0	86.0	86.0	87.0	87.0	87.0	87.0	87.0	87.0	87.0	88.0	88.0	88.0	88.0	88.0	88.0	88.0	88.0	89.0
21:15:2:0	89.0	89.0	89.0	89.0	89.0	89.0	89.0	89.0	89.0	89.0	89.0	89.0	89.5	90.0	90.0	90.0	90.0	90.0
21:15:7:0	90.0	90.0	90.0	90.0	90.0	90.0	90.0	90.0	90.0	90.0	90.0	90.0	90.0	90.0	90.0	90.0	90.0	90.0	90.0
21:15:12:0	90.0	90.0	90.0	90.0	90.0	90.0	90.0	90.0	90.0	90.0	90.0	90.0	92.0	92.0	92.0	92.0	93.0	93.0	93.0	93.0
21:15:17:0	93.0	93.0	93.0	93.0	93.0	93.0	93.0	93.0	93.0	93.0	91.0	91.0	91.0	91.0	89.0	89.0
21:15:22:0	89.0	89.0	89.0	89.0	89.0	90.0	90.0	90.0	90.0	90.0	90.0	91.0	91.0	91.0	90.0	90.0
21:15:27:0	90.0	90.0	90.0	90.0	90.0	88.0	88.0	88.0	88.0	88.0	87.0	87.0	87.0	87.0	85.0	85.0	85.0	85.0	84.0	84.0
21:15:32:0	84.0	84.0	82.0	82.0	82.0	82.0	81.0	81.0	81.0	81.0	80.0	80.0	80.0	80.0	81.0	81.0	81.0	81.0	81.0	82.0
21:15:37:0	82.0	82.0	82.0	84.0	84.0	84.0	84.0	86.0	86.0	86.0	87.0	87.0	87.0	87.0	87.0	87.0	87.0
21:15:42:0	87.0	87.0	87.0	87.0	86.0	86.0	86.0	86.0	86.0	86.0	86.0	86.0	87.0	87.0	87.0	88.0	88.0	88.0
21:15:47:0	89.0	89.0	89.0	89.0	89.0	89.0	89.0	89.0	90.0	90.0	90.0	89.0	89.0	89.0	89.0	88.0	88.0	88.0	88.0
21:15:52:0	87.0	87.0	87.0	87.0	87.0	87.0	87.0	87.0	87.0	87.0	87.0	87.0	88.0	88.0	88.0	89.0	89.0	89.0
21:15:57:0	89.0	90.0	90.0	90.0	91.0	91.0	91.0	91.0	91.0	91.0	91.0	91.0	91.0	91.0	91.0	90.0	90.0	90.0
21:16:2:0	90.0	89.0	89.0	89.0	89.0	87.0	87.0	87.0	86.0	86.0	86.0	84.0	84.0	84.0	84.0	83.0	83.0	83.0
21:16:7:0	83.0	83.0	83.0	83.0	83.0	83.0	83.0	83.0	83.0	83.0	85.0	85.0	85.0	87.0	87.0	87.0	88.0	88.0
21:16:12:0	88.0	88.0	89.0	89.0	89.0	89.0	89.0	89.0	89.0	89.0	89.0	87.0	87.0	87.0	87.0	86.0	86.0	86.0	86.0	85.0	85.0
21:16:17:0	85.0	85.0	85.0	85.0	85.0	85.0	85.0	85.0	85.0	85.0	85.0	85.0	85.0	85.0	85.0	85.0	85.0	85.0	85.0
21:16:22:0	85.0	85.0	85.0	84.0	84.0	84.0	84.0	84.0	84.0	84.0	84.0	84.0	84.0	84.0	84.0	84.0	84.0	84.0	84.0
21:16:27:0	84.0	84.0	84.0	84.0	85.0	85.0	85.0	85.0	85.0	85.0	85.0	85.0	86.0	86.0	86.0	86.0	87.0	87.0	87.0	87.0
21:16:32:0	89.0	89.0	89.0	89.0	90.0	90.0	90.0	90.0	91.0	91.0	91.0	91.0	91.0	91.0	91.0	90.0	90.0	90.0
21:16:37:0	89.0	89.0	89.0	89.0	89.0	88.0	88.0	88.0	88.0	88.0	88.0	88.0	88.0	87.0	87.0	87.0
21:16:42:0	87.0	86.0	86.0	86.0	85.0	85.0	85.0	85.0	85.0	85.0	85.0	85.0	85.0	85.0	85.0	85.0	85.0	85.0	85.0
21:16:47:0	85.0	85.0	85.0	85.0	85.0	85.0	86.0	86.0	86.0	85.0	85.0	85.0	85.0	85.0	85.0	85.0	84.0	84.0	84.0
21:16:52:0	84.0	83.0	83.0	83.0	83.0	83.0	84.0	84.0	84.0	85.0	85.0	85.0	85.0	86.0	86.0	86.0	86.0	88.0	88.0
21:16:57:0	88.0	88.0	88.0	88.0	88.0	88.0	89.0	89.0	89.0	89.0	88.0	88.0	88.0	88.0	87.0	87.0	87.0	87.0	84.0
21:17:2:0	84.0	84.0	82.0	82.0	82.0	82.0	81.0	81.0	81.0	81.0	79.0	79.0	79.0	79.0	79.0	79.0	79.0	79.0	79.0	80.0
21:17:7:0	80.0	80.0	80.0	81.0	81.0	81.0	81.0	83.0	83.0	83.0	84.0	84.0	84.0	84.0	85.0	85.0	85.0	85.0	85.0
21:17:12:0	85.0	85.0	85.0	85.0	85.0	85.0	85.0	85.0	85.0	85.0	85.0	84.0	84.0	84.0	84.0	84.0	84.0	84.0
21:17:17:0	83.0	83.0	83.0	83.0	82.0	82.0	82.0	82.0	82.0	82.0	82.0	82.0	82.0	82.0	82.0	82.0	82.0	83.0	83.0	83.0
21:17:22:0	83.0	83.0	83.0	83.0	83.0	83.0	83.0	84.0	84.0	84.0	84.0	85.0	85.0	85.0	85.0	85.0	85.0
21:17:27:0	85.0	85.0	85.0	85.0	84.0	84.0	84.0	83.0	83.0	83.0	83.0	83.0	83.0	83.0	83.0	84.0	84.0
21:17:32:0	84.0	84.0	85.0	85.0	85.0	85.0	87.0	87.0	87.0	88.0	88.0	88.0	88.0	89.0	89.0	89.0	89.0	89.0
21:17:37:0	89.0	89.0	90.0	90.0	90.0	90.0	90.0	90.0	90.0	90.0	90.0	90.0	90.0	90.0	90.0	89.0	89.0	89.0	89.0	88.0	88.0
21:17:42:0	88.0	88.0	87.0	87.0	87.0	86.0	86.0	86.0	86.0	86.0	87.0	87.0	87.0	87.0	87.0	87.0	87.0	87.0
21:17:47:0	87.0	87.0	87.0	86.0	86.0	86.0	86.0	84.0	84.0	84.0	84.0	83.0	83.0	83.0	83.0	83.0	81.0	81.0	81.0	81.0
21:17:52:0	80.0	80.0	80.0	80.0	80.0	80.0	80.0	80.0	80.0	80.0	80.0	80.0	80.0	80.0	80.0	80.0	80.0
21:17:57:0	80.0	80.0	80.0	80.0	81.0	81.0	81.0	81.0	82.0	82.0	82.0	82.0	82.0	82.0	82.0	82.0	83.0	83.0	83.0	83.0
21:18:2:0	83.0	83.0	83.0	83.0	82.0	82.0	82.0	82.0	82.0	82.0	82.0	82.0	82.0	81.0	81.0	81.0	81.0	81.0	81.0
21:18:7:0	81.0	82.0	82.0	82.0	82.0	84.0	84.0	84.0	84.0	85.0	85.0	85.0	85.0	85.0
21:18:12:0	85.0	85.0	86.0	86.0	86.0	86.0	85.0	85.0	85.0	85.0	85.0	85.0	85.0	85.0	84.0	84.0	84.0	84.0	84.0	84.0
21:18:17:0	84.0	84.0	84.0	84.0	84.0	84.0	85.0	85.0	85.0	85.0	87.0	87.0	87.0	87.0	88.0	88.0	88.0	88.0	89.0	89.0
21:18:22:0	89.0	89.0	89.0	89.0	89.0	89.0	88.0	87.0	87.0	87.0	87.0	87.0	87.0	87.0	87.0	87.0
21:18:27:0	87.0	87.0	87.0	86.0	86.0	86.0	86.0	86.0	86.0	85.0	85.0	85.0	85.0	85.0	85.0	85.0	85.0
21:18:32:0	86.0	86.0	86.0	86.0	86.0	86.0	86.0	86.0	86.0	86.0	86.0	86.0	85.0	85.0	85.0	85.0
21:18:37:0	85.0	85.0	85.0	85.0	84.0	84.0	84.0	84.0	84.0	84.0	84.0	84.0	83.0	83.0	83.0	83.0	83.0	83.0	83.0	83.0
21:18:42:0	83.0	84.0	84.0	84.0	85.0	85.0	85.0	85.0	86.0	86.0	86.0	86.0	86.0	86.0	86.0	86.0	86.0	86.0	86.0	86.0
21:18:47:0	86.0	86.0	86.0	86.0	86.0	85.0	85.0	85.0	85.0	84.0	84.0	84.0	83.0	83.0	83.0	83.0	83.0	83.0	83.0
21:18:52:0	83.0	84.0	84.0	84.0	84.0	85.0	85.0	85.0	86.0	86.0	86.0	86.0	86.0	86.0	86.0	86.0	86.0	86.0
21:18:57:0	86.0	86.0	86.0	86.0	85.0	85.0	85.0	85.0	85.0	85.0	85.0	85.0	85.0	85.0	85.0	85.0	86.0	86.0
21:19:2:0	86.0	86.0	87.0	87.0	87.0	88.0	88.0	88.0	88.0	88.0	88.0	88.0	88.0	88.0	88.0	88.0	88.0	88.0
21:19:7:0	88.0	88.0	88.0	87.0	87.0	87.0	87.0	87.0	87.0	87.0	87.0	86.0	86.0	86.0	86.0	85.0	85.0	85.0	85.0	84.0
21:19:12:0	84.0	84.0	84.0	84.0	84.0	84.0	84.0	84.0	84.0	84.0	86.0	86.0	86.0	86.0	86.0	86.0	86.0	86.0
21:19:17:0	87.0	87.0	87.0	87.0	87.0	87.0	87.0	87.0	87.0	87.0	87.0	87.0	87.0	87.0	87.0	87.0	86.0	86.0	86.0
21:19:22:0	87.0	87.0	88.0	88.0	88.0	88.0	89.0	89.0	89.0	89.0	89.0	89.0	89.0	89.0	89.0	89.0	89.0	89.0
21:19:27:0	89.0	88.0	88.0	88.0	88.0	87.0	87.0	87.0	87.0	85.0	85.0	85.0	85.0	83.0	83.0	83.0	83.0	83.0	83.0	83.0
21:19:32:0	83.0	83.0	83.0	83.0	83.0	83.0	85.0	85.0	85.0	87.0	87.0	87.0	87.0	88.0	88.0	88.0	88.0	88.0
21:19:37:0	88.0	88.0	88.0	88.0	88.0	86.0	86.0	86.0	86.0	85.0	85.0	85.0	85.0	83.0	82.0	82.0
21:19:42:0	82.0	83.0	83.0	83.0	83.0	84.0	84.0	85.0	85.0	85.0	87.0	89.0
21:19:47:0	89.0	89.0	89.0	90.0	90.0	90.0	90.0	90.0	90.0	90.0	87.0	87.0	87.0	87.0	85.0
21:19:52:0	85.0	85.0	85.0	84.0	84.0	84.0	83.0	83.0	83.0	83.0	83.0	83.0	83.0	83.0	83.0	83.0	83.0	82.0
21:19:57:0	82.0	82.0	82.0	82.0	82.0	83.0	83.0	83.0	83.0	84.0	84.0	84.0	84.0	86.0	86.0	86.0	86.0
21:20:2:0	87.0	87.0	87.0	87.0	87.0	87.0	87.0	87.0	87.0	87.0	87.0	87.0	86.0	86.0	86.0	86.0	86.0	85.0	85.0
21:20:7:0	85.0	84.0	84.0	84.0	84.0	84.0	84.0	84.0	84.0	85.0	85.0	85.0	85.0	85.0	85.0	86.0	86.0	86.0
21:20:12:0	86.0	86.0	86.0	86.0	86.0	86.0	86.0	86.0	86.0	85.0	85.0	85.0	85.0	85.0	85.0	85.0	85.0	84.0	84.0	84.0
21:20:17:0	84.0	84.0	84.0	84.0	84.0	84.0	83.0	83.0	83.0	83.0	82.0	82.0	82.0	82.0	81.0	81.0	81.0	81.0	82.0	82.0
21:20:22:0	82.0	82.0	83.0	83.0	83.0	83.0	84.0	84.0	84.0	84.0	85.0	85.0	85.0	85.0	85.0	85.0	85.0	85.0	85.0
21:20:27:0	85.0	85.0	85.0	85.0	85.0	85.0	85.0	85.0	86.0	86.0	86.0	86.0	86.0	86.0	86.0	86.0	86.0	85.0
21:20:32:0	85.0	85.0	84.0	84.0	83.0	83.0	83.0	81.0	81.0	81.0	81.0	80.0	80.0	80.0
21:20:37:0	79.0	79.0	79.0	79.0	78.0	78.0	79.0	80.0	80.0	80.0	80.0	80.0	82.0	82.0	82.0	82.0	84.0
21:20:42:0	84.0	84.0	84.0	85.0	85.0	85.0	85.0	85.0	85.0	85.0	85.0	85.0	85.0	85.0	85.0	85.0	83.0	83.0	83.0	83.0
21:20:47:0	82.0	82.0	82.0	82.0	80.0	80.0	80.0	80.0	80.0	80.0	81.0	81.0	81.0	81.0	83.0	83.0	83.0
21:20:52:0	83.0	84.0	84.0	84.0	84.0	85.0	85.0	85.0	85.0	85.0	85.0	85.0	85.0	85.0	85.0	84.0	84.0	84.0
21:20:57:0	84.0	84.0	84.0	83.0	83.0	83.0	83.0	83.0	83.0	83.0	83.0	82.0	82.0	82.0	82.0	80.0	80.0
21:21:2:0	80.0	79.0	79.0	79.0	79.0	80.0	80.0	80.0	80.0	81.0	81.0	81.0	81.0	82.0	82.0
21:21:7:0	82.0	82.0	84.0	84.0	84.0	84.0	85.0	85.0	85.0	85.0	85.0	85.0	85.0	85.0	85.0	85.0	85.0	85.0	85.0
21:21:12:0	84.0	84.0	84.0	82.0	82.0	82.0	81.0	81.0	80.0	80.0	80.0	80.0	80.0	80.0	80.0
21:21:17:0	80.0	80.0	81.0	81.0	81.0	81.0	82.0	82.0	82.0	82.0	82.0	82.0	82.0	82.0	82.0	82.0
21:21:22:0	82.0	82.0	82.0	83.0	83.0	83.0	83.0	83.0	83.0	83.0	83.0	84.0	84.0	84.0	84.0	83.0	83.0	83.0	83.0
21:21:27:0	83.0	83.0	83.0	83.0	81.0	81.0	81.0	81.0	80.0	80.0	80.0	81.0	81.0	81.0	81.0	82.0	82.0	82.0	82.0
21:21:32:0	84.0	84.0	84.0	84.0	86.0	86.0	86.0	86.0	87.0	87.0	87.0	87.0	87.0	87.0	87.0	87.0	86.0	86.0	86.0
21:21:37:0	86.0	85.0	85.0	85.0	85.0	83.0	83.0	83.0	83.0	81.0	81.0	81.0	81.0	80.0	80.0	80.0	80.0	79.0	79.0	79.0
21:21:42:0	79.0	79.0	80.0	80.0	80.0	80.0	80.0	80.0	81.0	81.0	81.0	82.0	82.0	83.0	83.0
