16:17:0:0	81.0	81.0	83.0	83.0	83.0	83.0	83.0	85.0	85.0	85.0	85.0	87.0	87.0	87.0	87.0	88.0	88.0	88.0	88.0
16:17:5:0	88.0	88.0	88.0	88.0	88.0	87.0	87.0	87.0	87.0	87.0	86.0	86.0	86.0	86.0	86.0	86.0	86.0	86.0	87.0
16:17:10:0	87.0	87.0	87.0	88.0	88.0	88.0	88.0	88.0	88.0	89.0	89.0	89.0	89.0	91.0	91.0	91.0	91.0
16:17:15:0	92.0	92.0	92.0	92.0	93.0	93.0	93.0	93.0	93.0	93.0	93.0	92.0	92.0	92.0	92.0	92.0	92.0	92.0
16:17:20:0	93.0	93.0	93.0	93.0	93.0	93.0	93.0	93.0	93.0	93.0	93.0	93.0	93.0	93.0	91.0	91.0	91.0	91.0
16:17:25:0	90.0	90.0	90.0	90.0	88.0	88.0	88.0	88.0	88.0	87.0	87.0	87.0	87.0	85.0	85.0	85.0	83.0	83.0	83.0
16:17:30:0	83.0	83.0	83.0	83.0	83.0	84.0	84.0	84.0	85.0	85.0	85.0	85.0	86.0	86.0	86.0	86.0	86.0	86.0
16:17:35:0	87.0	87.0	87.0	88.0	88.0	88.0	88.0	88.0	88.0	89.0	89.0	89.0	89.0	89.0	88.0	88.0
16:17:40:0	88.0	88.0	88.0	88.0	88.0	88.0	88.0	88.0	88.0	88.0	88.0	88.0	88.0	88.0	88.0	88.0	88.0
16:17:45:0	88.0	88.0	88.0	88.0	88.0	88.0	88.0	88.0	88.0	88.0	88.0	88.0	88.0	88.0	88.0	88.0	88.0	88.0	87.0
16:17:50:0	87.0	87.0	87.0	87.0	85.0	85.0	85.0	85.0	85.0	84.0	84.0	84.0	84.0	84.0	84.0	84.0
16:17:55:0	84.0	84.0	84.0	84.0	84.0	85.0	85.0	85.0	86.0	86.0	86.0	86.0	86.0	88.0	88.0	88.0
16:18:0:0	88.0	88.0	88.0	88.0	88.0	88.0	88.0	88.0	88.0	87.0	87.0	87.0	87.0	86.0	86.0	86.0	86.0
16:18:5:0	86.0	86.0	86.0	86.0	86.0	85.0	85.0	85.0	85.0	85.0	85.0	85.0	85.0	85.0	85.0	85.0	86.0	86.0	86.0	86.0
16:18:10:0	87.0	87.0	87.0	87.0	88.0	88.0	88.0	88.0	88.0	88.0	88.0	88.0	88.0	89.0	89.0	89.0	89.0	89.0	89.0	89.0
16:18:15:0	89.0	90.0	90.0	90.0	90.0	89.0	89.0	89.0	89.0	89.0	89.0	89.0	89.0	89.0	89.0	89.0	89.0	88.0	88.0
16:18:20:0	88.0	88.0	88.0	88.0	88.0	88.0	87.0	87.0	87.0	87.0	87.0	87.0	87.0	87.0	87.0	87.0	88.0
16:18:25:0	88.0	88.0	89.0	89.0	89.0	89.0	89.0	89.0	89.0	90.0	90.0	90.0	90.0	90.0	90.0	90.0	90.0	89.0
16:18:30:0	89.0	89.0	89.0	89.0	89.0	89.0	89.0	89.0	89.0	88.0	88.0	88.0	88.0	88.0	88.0	88.0	88.0	88.0
16:18:35:0	88.0	88.0	88.0	88.0	88.0	88.0	88.0	88.0	88.0	88.0	88.0	88.0	88.0	88.0	88.0	88.0	88.0	88.0	88.0
16:18:40:0	88.0	88.0	88.0	89.0	89.0	89.0	89.0	89.0	89.0	89.0	89.0	89.0	89.0	89.0	89.0	89.0	89.0	89.0
16:18:45:0	89.0	89.0	89.0	89.0	89.0	89.0	89.0	89.0	89.0	89.0	89.0	89.0	89.0
16:18:50:0	89.0	89.0	89.0	89.0	89.0	89.0	89.0	89.0	89.0	89.0	89.0	89.0	89.0	89.0	89.0	89.0	89.0	89.0	89.0	89.0
16:18:55:0	89.0	90.0	90.0	90.0	91.0	91.0	91.0	91.0	91.0	92.0	92.0	92.0	92.0	93.0	93.0	93.0	93.0	94.0	94.0	94.0
16:19:0:0	94.0	94.0	94.0	94.0	94.0	94.0	94.0	94.0	94.0	93.0	93.0	93.0	93.0	93.0	91.0	91.0	91.0	90.0
16:19:5:0	90.0	90.0	89.0	89.0	89.0	89.0	89.0	88.0	88.0	88.0	88.0	88.0	88.0	88.0	88.0
16:19:10:0	88.0	88.0	88.0	88.0	88.0	88.0	89.0	89.0	89.0	89.0	89.0	89.0	89.0	89.0	89.0	89.0	89.0	89.0
16:19:15:0	89.0	89.0	89.0	90.0	90.0	90.0	91.0	91.0	91.0	91.0	92.0	92.0	92.0	92.0	92.0	92.0	92.0	92.0
16:19:20:0	92.0	92.0	92.0	92.0	92.0	92.0	92.0	91.0	91.0	91.0	91.0	91.0	91.0	91.0	91.0	91.0	91.0	91.0	91.0	91.0
16:19:25:0	92.0	92.0	92.0	92.0	92.0	92.0	92.0	93.0	93.0	93.0	93.0	93.0	93.0	93.0	93.0	93.0	92.0	92.0	92.0
16:19:30:0	92.0	92.0	92.0	92.0	91.0	91.0	91.0	91.0	90.0	90.0	90.0	90.0	89.0	89.0	89.0	89.0	89.0	89.0
16:19:35:0	88.0	88.0	88.0	87.0	87.0	87.0	87.0	87.0	87.0	87.0	87.0	86.0	86.0	86.0	86.0	86.0	86.0	86.0
16:19:40:0	86.0	87.0	87.0	87.0	87.0	87.0	87.0	87.0	87.0	87.0	87.0	87.0	87.0	87.0	88.0	88.0	88.0	88.0	88.0	88.0
16:19:45:0	88.0	88.0	88.0	88.0	88.0	88.0	88.0	88.0	88.0	88.0	88.0	88.0	88.0	88.0	88.0	88.0	88.0	88.0	88.0
16:19:50:0	88.0	88.0	88.0	88.0	88.0	88.0	89.0	89.0	89.0	89.0	88.0	88.0	88.0	88.0	88.0	88.0	88.0	88.0	88.0	88.0
16:19:55:0	88.0	88.0	88.0	88.0	88.0	88.0	88.0	88.0	88.0	88.0	88.0	88.0	88.0	88.0	88.0	88.0	88.0	88.0
16:20:0:0	88.0	88.0	88.0	89.0	89.0	89.0	89.0	89.0	89.0	89.0	90.0	90.0	90.0	90.0	90.0	90.0
16:20:5:0	91.0	91.0	91.0	91.0	91.0	91.0	91.0	91.0	91.0	91.0	91.0	91.0	91.0	91.0	91.0	91.0	90.0	90.0	90.0
16:20:10:0	90.0	90.0	90.0	90.0	90.0	90.0	90.0	90.0	90.0	90.0	90.0	90.0	90.0	90.0	90.0	90.0
16:20:15:0	90.0	90.0	90.0	90.0	90.0	91.0	91.0	91.0	92.0	92.0	92.0	92.0	92.0	92.0	93.0	93.0	93.0
16:20:20:0	93.0	93.0	93.0	93.0	93.0	92.0	92.0	92.0	92.0	92.0	92.0	92.0	91.0	91.0	91.0	91.0
16:20:25:0	91.0	90.0	90.0	90.0	90.0	90.0	90.0	90.0	90.0	90.0	90.0	90.0	90.0	90.0	90.0
16:20:30:0	90.0	90.0	90.0	90.0	90.0	90.0	89.0	89.0	89.0	89.0	89.0	88.0	88.0	88.0	88.0
16:20:35:0	88.0	88.0	88.0	88.0	88.0	88.0	88.0	88.0	88.0	88.0	88.0	88.0	88.0	89.0	89.0	89.0	89.0	89.0
16:20:40:0	90.0	90.0	90.0	90.0	90.0	90.0	90.0	91.0	91.0	91.0	91.0	91.0	91.0	91.0	91.0	91.0	91.0	91.0
16:20:45:0	91.0	91.0	91.0	91.0	91.0	91.0	91.0	91.0	91.0	91.0	91.0	91.0	91.0	92.0	92.0	92.0	92.0
16:20:50:0	92.0	92.0	92.0	92.0	93.0	93.0	93.0	93.0	93.0	94.0	94.0	94.0	94.0	93.0	93.0	93.0	93.0	93.0
16:20:55:0	93.0	92.0	92.0	92.0	92.0	91.0	91.0	91.0	91.0	91.0	91.0	91.0	91.0	91.0	91.0	91.0	91.0	91.0	91.0	91.0	91.0
16:21:0:0	91.0	91.0	91.0	91.0	91.0	91.0	91.0	91.0	91.0	91.0	91.0	91.0	91.0	91.0	91.0	91.0	91.0
16:21:5:0	91.0	91.0	92.0	92.0	92.0	92.0	92.0	92.0	92.0	92.0	92.0	92.0	92.0	93.0	93.0	93.0	93.0	94.0
16:21:10:0	94.0	94.0	94.0	94.0	94.0	94.0	95.0	95.0	95.0	95.0	95.0	95.0	95.0	95.0	93.0	93.0
16:21:15:0	93.0	93.0	92.0	92.0	92.0	90.0	90.0	90.0	90.0	89.0	89.0	89.0	89.0	89.0	89.0	89.0	89.0	89.0
16:21:20:0	89.0	89.0	89.0	89.0	89.0	89.0	89.0	89.0	88.0	88.0	88.0	87.0	87.0	87.0	87.0	87.0
16:21:25:0	87.0	87.0	87.0	87.0	87.0	87.0	87.0	87.0	88.0	88.0	88.0	88.0	88.0	88.0	88.0	89.0	89.0	89.0	89.0
16:21:30:0	89.0	89.0	89.0	89.0	90.0	90.0	90.0	90.0	90.0	90.0	90.0	90.0	90.0	90.0	90.0	90.0
16:21:35:0	90.0	90.0	90.0	90.0	90.0	90.0	91.0	91.0	91.0	91.0	91.0	91.0	91.0	91.0	91.0
16:21:40:0	91.0	91.0	91.0	91.0	91.0	91.0	91.0	91.0	91.0	91.0	91.0	91.0	92.0	92.0	92.0	92.0	91.0	91.0
16:21:45:0	91.0	91.0	90.0	90.0	90.0	90.0	89.0	89.0	89.0	89.0	90.0	90.0	90.0	90.0	92.0	92.0	92.0	92.0	94.0	94.0	94.0
16:21:50:0	94.0	94.0	95.0	95.0	95.0	95.0	96.0	96.0	96.0	97.0	97.0	97.0	96.0	96.0	96.0	96.0	95.0
16:21:55:0	95.0	95.0	93.0	93.0	93.0	93.0	93.0	92.0	92.0	92.0	89.0	89.0	89.0	87.0	87.0	87.0	85.0
16:22:0:0	85.0	85.0	85.0	84.0	84.0	84.0	84.0	84.0	84.0	84.0	84.0	85.0	85.0	85.0	85.0	86.0	86.0	86.0	87.0
16:22:5:0	87.0	87.0	87.0	89.0	89.0	89.0	89.0	89.0	89.0	89.0	89.0	89.0	89.0	89.0	89.0	88.0	88.0	88.0	88.0	88.0
16:22:10:0	87.0	87.0	87.0	87.0	86.0	86.0	86.0	86.0	86.0	86.0	86.0	86.0	87.0	87.0	87.0	87.0	88.0	88.0	88.0
16:22:15:0	89.0	89.0	89.0	89.0	88.0	88.0	88.0	88.0	88.0	88.0	87.0	87.0	87.0	87.0	86.0	86.0	86.0	86.0
16:22:20:0	86.0	86.0	86.0	86.0	86.0	86.0	86.0	86.0	86.0	86.0	86.0	86.0	86.0	85.0	85.0	85.0
16:22:25:0	85.0	85.0	85.0	85.0	85.0	85.0	85.0	85.0	85.0	86.0	86.0	86.0	86.0	86.0	85.0	85.0	85.0	85.0	85.0	85.0
16:22:30:0	85.0	85.0	86.0	86.0	86.0	86.0	86.0	86.0	86.0	86.0	85.0	85.0	85.0	85.0	85.0
16:22:35:0	85.0	85.0	85.0	85.0	85.0	85.0	85.0	85.0	85.0	85.0	85.0	86.0	86.0	87.0	87.0
16:22:40:0	87.0	88.0	88.0	88.0	88.0	88.0	88.0	88.0	88.0	89.0	89.0	89.0	89.0	89.0	89.0	89.0	89.0	89.0
16:22:45:0	89.0	89.0	88.0	88.0	88.0	87.0	87.0	87.0	87.0	87.0	87.0	87.0	87.0	87.0	87.0
16:22:50:0	87.0	87.0	86.0	86.0	86.0	86.0	86.0	85.0	85.0	85.0	85.0
16:22:55:0	85.0	85.0	85.0	85.0	85.0	85.0	85.0	85.0	85.0	85.0	85.0	85.0	85.0	85.0	85.0	85.0
16:23:0:0	85.0	85.0	85.0	85.0	85.0	85.0	85.0	85.0	86.0	86.0	86.0	86.0	86.0	86.0	86.0	88.0	88.0	88.0
16:23:5:0	88.0	89.0	89.0	89.0	89.0	89.0	89.0	89.0	89.0	89.0	90.0	90.0	90.0	90.0	90.0	90.0	91.0
16:23:10:0	91.0	91.0	91.0	91.0	91.0	91.0	91.0	91.0	91.0	91.0	91.0	91.0	89.0	89.0	89.0	89.0	88.0	88.0
16:23:15:0	88.0	87.0	87.0	87.0	87.0	86.0	86.0	86.0	86.0	86.0	86.0	86.0	86.0	87.0	87.0	87.0	87.0	87.0
16:23:20:0	87.0	87.0	87.0	87.0	87.0	87.0	87.0	87.0	87.0	87.0	87.0	86.0	86.0	86.0	86.0	86.0	86.0	86.0	86.0
16:23:25:0	86.0	86.0	86.0	86.0	86.0	86.0	86.0	87.0	87.0	87.0	87.0	87.0	87.0	87.0	87.0	88.0	88.0	88.0	88.0
16:23:30:0	88.0	88.0	88.0	88.0	88.0	88.0	88.0	89.0	89.0	89.0	89.0	89.0	89.0	89.0	89.0	89.0	89.0
16:23:35:0	88.0	88.0	88.0	88.0	88.0	88.0	88.0	88.0	88.0	88.0	88.0	88.0	88.0	88.0	88.0	88.0
16:23:40:0	88.0	88.0	88.0	88.0	88.0	88.0	88.0	88.0	88.0	88.0	88.0	88.0	88.0	88.0	88.0	88.0	88.0	88.0
16:23:45:0	88.0	88.0	88.0	88.0	88.0	88.0	88.0	88.0	88.0	88.0	88.0	88.0	88.0	88.0	88.0
16:23:50:0	88.0	89.0	89.0	89.0	89.0	89.0	89.0	89.0	90.0	90.0	90.0	90.0	89.0	89.0	89.0	89.0	89.0	89.0
16:23:55:0	89.0	89.0	89.0	89.0	89.0	89.0	89.0	89.0	89.0	89.0	89.0	89.0	89.0	89.0	89.0	89.0
16:24:0:0	89.0	89.0	89.0	89.0	89.0	89.0	89.0	89.0	89.0	89.0	89.0	89.0	89.0	89.0	89.0	89.0	89.0	89.0	89.0	89.0
16:24:5:0	89.0	89.0	89.0	89.0	89.0	89.0	89.0	89.0	88.0	88.0	88.0	88.0	88.0	88.0	89.0
16:24:10:0	89.0	89.0	89.0	90.0	90.0	90.0	90.0	90.0	90.0	90.0	90.0	89.0	89.0	89.0	89.0	89.0	89.0	89.0
16:24:15:0	89.0	89.0	89.0	89.0	89.0	89.0	89.0	88.0	88.0	88.0	88.0	88.0	88.0	88.0	88.0	88.0
16:24:20:0	87.0	87.0	87.0	87.0	87.0	87.0	87.0	87.0	87.0	87.0	87.0	87.0	87.0	87.0	87.0	87.0	87.0
16:24:25:0	87.0	87.0	87.0	87.0	87.0	87.0	87.0	87.0	87.0	88.0	88.0	88.0	88.0	88.0	88.0	88.0	89.0	89.0	89.0
16:24:30:0	89.0	89.0	89.0	89.0	89.0	89.0	89.0	89.0	89.0	89.0	88.0	88.0	88.0	88.0	88.0	88.0	88.0	87.0	87.0	87.0
16:24:35:0	87.0	87.0	87.0	87.0	87.0	86.0	86.0	86.0	86.0	86.0	86.0	86.0	86.0	86.0	86.0	86.0	87.0	87.0
16:24:40:0	87.0	87.0	87.0	87.0	87.0	87.0	87.0	87.0	87.0	87.0	87.0	87.0	87.0	87.0	86.0	86.0	86.0	86.0	86.0
16:24:45:0	86.0	86.0	86.0	86.0	86.0	87.0	87.0	87.0	87.0	87.0	87.0	87.0	88.0	88.0	88.0	88.0	88.0	88.0
16:24:50:0	88.0	88.0	88.0	88.0	88.0	88.0	88.0	88.0	88.0	88.0	88.0	88.0	88.0	88.0	88.0
16:24:55:0	88.0	88.0	88.0	88.0	88.0	88.0	88.0	89.0	89.0	89.0	89.0	89.0	89.0	89.0	89.0	89.0	89.0	89.0	89.0
16:25:0:0	89.0	89.0	89.0	89.0	88.0	88.0	88.0	88.0	88.0	88.0	88.0	88.0	87.0	87.0	87.0	87.0	87.0	87.0
16:25:5:0	87.0	87.0	87.0	87.0	87.0	87.0	86.0	86.0	86.0	85.0	85.0	85.0	85.0	85.0	85.0
16:25:10:0	85.0	85.0	85.0	85.0	85.0	86.0	86.0	86.0	86.0	87.0	87.0	87.0	87.0	87.0	87.0	87.0
16:25:15:0	87.0	87.0	86.0	86.0	86.0	85.0	85.0	85.0	84.0	84.0	84.0	84.0	85.0	85.0	85.0	86.0	86.0
16:25:20:0	86.0	86.0	86.0	86.0	86.0	87.0	87.0	87.0	87.0	87.0	87.0	87.0	87.0	88.0	88.0	88.0	88.0	89.0	89.0
16:25:25:0	89.0	89.0	90.0	90.0	90.0	91.0	91.0	91.0	91.0	91.0	91.0	91.0	90.0	90.0	90.0	90.0	89.0
16:25:30:0	89.0	89.0	89.0	87.0	87.0	86.0	86.0	86.0	86.0	86.0	86.0	86.0
16:25:35:0	86.0	86.0	86.0	87.0	87.0	87.0	87.0	87.0	87.0	87.0	87.0	87.0	87.0	87.0	87.0	87.0	87.0	87.0	87.0
16:25:40:0	87.0	87.0	87.0	87.0	87.0	87.0	87.0	87.0	87.0	87.0	87.0	87.0	87.0	87.0	87.0	87.0	87.0	87.0	87.0	87.0
16:25:45:0	87.0	87.0	87.0	87.0	88.0	88.0	88.0	88.0	88.0	88.0	88.0	88.0	88.0	89.0	89.0	89.0	91.0	91.0	91.0
16:25:50:0	91.0	94.0	94.0	94.0	95.0	95.0	95.0	95.0	95.0	95.0	95.0	95.0	95.0	95.0	95.0	95.0	95.0	95.0	95.0
16:25:55:0	95.0	95.0	95.0	95.0	95.0	95.0	95.0	95.0	95.0	96.0	96.0	96.0	96.0	96.0	96.0	96.0
16:26:0:0	96.0	96.0	95.0	95.0	95.0	95.0	95.0	95.0	95.0	95.0	94.0	94.0	94.0	93.0	93.0	93.0	93.0	92.0
16:26:5:0	92.0	90.0	90.0	90.0	90.0	89.0	89.0	89.0	89.0	88.0	88.0	88.0	88.0	88.0	88.0	88.0	88.0	88.0
16:26:10:0	88.0	88.0	88.0	87.0	87.0	87.0	87.0	87.0	87.0	87.0	87.0	87.0	87.0	87.0	87.0	87.0	87.0	87.0	87.0	87.0
16:26:15:0	87.0	87.0	87.0	87.0	87.0	87.0	87.0	87.0	87.0	87.0	86.0	86.0	86.0	86.0	86.0	86.0	86.0
16:26:20:0	86.0	86.0	86.0	86.0	86.0	87.0	87.0	87.0	87.0	88.0	88.0	88.0	88.0	88.0	88.0	88.0
16:26:25:0	88.0	88.0	88.0	88.0	88.0	88.0	88.0	88.0	88.0	88.0	88.0	88.0	88.0	88.0	88.0	88.0	89.0	89.0	89.0	89.0
16:26:30:0	89.0	89.0	89.0	89.0	89.0	89.0	89.0	89.0	89.0	89.0	89.0	89.0	89.0	88.0	88.0	88.0	88.0	88.0
16:26:35:0	88.0	88.0	88.0	88.0	88.0	88.0	88.0	88.0	88.0	88.0	88.0	88.0	88.0	88.0	88.0	88.0	88.0
16:26:40:0	88.0	88.0	87.0	87.0	87.0	87.0	87.0	87.0	87.0	87.0	87.0	87.0	87.0	87.0	87.0	87.0	86.5
16:26:45:0	86.0	86.0	86.0	86.0	86.0	86.0	87.0	87.0	87.0	88.0	88.0	88.0	88.0	88.0	88.0	89.0
16:26:50:0	89.0	89.0	89.0	89.0	89.0	89.0	90.0	90.0	90.0	90.0	90.0	90.0	90.0	90.0	89.0	89.0	89.0	89.0	89.0
16:26:55:0	89.0	89.0	89.0	88.0	88.0	88.0	88.0	88.0	88.0	88.0	88.0	88.0	88.0	88.0	88.0	88.0	89.0	89.0	89.0	89.0
