Expected: 2, 0, 3
13:36:07.382
13:36:09.386:   [0, 1, 0],1, 0
13:36:11.387:   [0, 2, 0],1, 0
13:36:13.388:   [0, 2, 1],2, 0
13:36:15.389:   [0, 3, 1],1, 0
13:36:17.391:   [0, 3, 2],2, 0
13:36:18.224:   High
13:36:19.392:   [0, 3, 0],2, 1
13:36:21.393:   [0, 4, 0],1, 0
13:36:23.394:   [1, 4, 0],0, 0
13:36:24.207:   Low
13:36:25.395:   [0, 4, 0],0, 1
13:36:27.396:   [0, 5, 0],1, 0
13:36:29.397:   [0, 6, 0],1, 0
13:36:31.398:   [0, 7, 0],1, 0
13:36:33.400:   [0, 8, 0],1, 0
13:36:35.400:   [0, 8, 1],2, 0
13:36:37.400:   [0, 9, 1],1, 0
13:36:39.400:   [0, 10, 1],1, 0
13:36:41.401:   [1, 10, 1],0, 0
13:36:43.401:   [1, 11, 1],1, 0
13:36:45.401:   [1, 12, 1],1, 0
13:36:47.119:   Low
13:36:47.401:   [0, 12, 1],0, 1
13:36:49.401:   [1, 12, 1],0, 0
13:36:50.438:   Low
13:36:51.402:   [0, 12, 1],0, 1
13:36:53.402:   [1, 12, 1],0, 0
13:36:55.402:   [1, 13, 1],1, 0
13:36:56.231:   High
13:36:57.402:   [1, 13, 0],2, -1
13:36:59.402:   [1, 14, 0],1, 0
13:37:01.402:   [1, 15, 0],1, 0
13:37:02.695:   Low
13:37:03.402:   [0, 15, 0],0, 1
13:37:05.402:   [0, 16, 0],1, 0
13:37:07.402:   [0, 17, 0],1, 0
13:37:09.403:   [0, 17, 1],2, 0
13:37:11.403:   [1, 17, 1],0, 0
13:37:13.403:   [1, 17, 2],2, 0
13:37:15.403:   [1, 18, 2],1, 0
13:37:16.527:   High
13:37:17.403:   [1, 18, 0],2, 1
13:37:19.403:   [1, 19, 0],1, 0
13:37:20.471:   Low
13:37:21.403:   [0, 19, 0],0, 1
13:37:23.403:   [0, 20, 0],1, 0
13:37:24.886:   High
13:37:25.403:   [0, 20, 0],2, -1
13:37:27.404:   [0, 20, 1],2, 0
13:37:29.404:   [1, 20, 1],0, 0
13:37:31.404:   [1, 21, 1],1, 0
13:37:33.404:   [1, 22, 1],1, 0
13:37:35.404:   [1, 22, 2],2, 0
13:37:37.404:   [1, 23, 2],1, 0
13:37:39.404:   [1, 24, 2],1, 0
13:37:40.471:   High
13:37:41.404:   [1, 24, 0],2, 1
13:37:43.405:   [1, 24, 1],2, 0
13:37:45.405:   [1, 25, 1],1, 0
13:37:47.405:   [1, 26, 1],1, 0
13:37:49.405:   [1, 27, 1],1, 0
13:37:51.405:   [1, 28, 1],1, 0
13:37:52.455:   Low
13:37:53.405:   [0, 28, 1],0, 1
13:37:55.405:   [1, 28, 1],0, 0
13:37:57.405:   [1, 29, 1],1, 0
13:37:59.405:   [1, 29, 2],2, 0
13:38:00.487:   Low
13:38:01.406:   [0, 29, 2],0, 1
13:38:02.655:   High
13:38:03.406:   [0, 29, 0],2, 1
13:38:05.406:   [0, 30, 0],1, 0
13:38:07.406:   [0, 30, 1],2, 0
13:38:09.406:   [0, 30, 2],2, 0
13:38:10.183:   High
13:38:11.406:   [0, 30, 0],2, 1
13:38:13.406:   [0, 31, 0],1, 0
13:38:15.406:   [1, 31, 0],0, 0
13:38:16.814:   Low
13:38:17.406:   [0, 31, 0],0, 1
13:38:19.407:   [1, 31, 0],0, 0
13:38:21.407:   [1, 32, 0],1, 0
13:38:23.407:   [1, 32, 1],2, 0
13:38:25.407:   [1, 32, 2],2, 0
13:38:26.377:   High
13:38:27.407:   [1, 32, 0],2, 1
13:38:29.407:   [1, 32, 1],2, 0
13:38:30.239:   Low
13:38:31.407:   [0, 32, 1],0, 1
13:38:33.407:   [1, 32, 1],0, 0
13:38:34.590:   Low
13:38:35.407:   [0, 32, 1],0, 1
13:38:37.408:   [0, 32, 2],2, 0
13:38:39.408:   [1, 32, 2],0, 0
13:38:41.408:   [1, 32, 3],2, 0
13:38:42.079:   Low
13:38:43.408:   [0, 32, 3],0, 1
13:38:45.408:   [1, 32, 3],0, 0
13:38:46.439:   Low
13:38:47.408:   [0, 32, 3],0, 1
13:38:49.408:   [0, 33, 3],1, 0
13:38:51.408:   [0, 34, 3],1, 0
13:38:53.409:   [1, 34, 3],0, 0
13:38:54.255:   Low
13:38:55.409:   [0, 34, 3],0, 1
13:38:57.409:   [0, 35, 3],1, 0
13:38:59.409:   [1, 35, 3],0, 0
13:39:00.471:   High
13:39:01.409:   [1, 35, 0],2, -1
13:39:02.471:   Low
13:39:03.409:   [0, 35, 0],0, 1
13:39:05.409:   [0, 36, 0],1, 0
13:39:07.409:   [0, 37, 0],1, 0
13:39:09.409:   [1, 37, 0],0, 0
13:39:10.302:   Low
13:39:11.410:   [0, 37, 0],0, 1
13:39:13.410:   [0, 37, 1],2, 0
13:39:15.410:   [0, 37, 2],2, 0
13:39:17.410:   [1, 37, 2],0, 0
13:39:18.295:   High
13:39:19.410:   [1, 37, 0],2, 1
13:39:21.410:   [1, 37, 1],2, 0
13:39:23.410:   [1, 38, 1],1, 0
13:39:24.335:   Low
13:39:25.410:   [0, 38, 1],0, 1
13:39:27.410:   [0, 39, 1],1, 0
13:39:29.411:   [1, 39, 1],0, 0
13:39:30.551:   Low
13:39:31.411:   [0, 39, 1],0, 1
13:39:33.411:   [0, 40, 1],1, 0
13:39:35.411:   [0, 41, 1],1, 0
13:39:37.411:   [1, 41, 1],0, 0
13:39:39.411:   [1, 41, 2],2, 0
13:39:41.411:   [1, 41, 3],2, 0
13:39:42.559:   Low
13:39:43.411:   [0, 41, 3],0, 1
13:39:45.412:   [0, 42, 3],1, 0
13:39:47.412:   [0, 43, 3],1, 0
13:39:48.735:   High
13:39:49.412:   [0, 43, 0],2, -1
13:39:51.412:   [0, 43, 1],2, 0
13:39:53.412:   [0, 44, 1],1, 0
13:39:55.412:   [0, 45, 1],1, 0
13:39:57.412:   [0, 45, 2],2, 0
13:39:58.335:   High
13:39:59.412:   [0, 45, 0],2, 1
13:40:01.412:   [0, 45, 1],2, 0
13:40:02.590:   Low
13:40:03.413:   [0, 45, 1],0, -1
13:40:05.413:   [0, 46, 1],1, 0
13:40:07.413:   [0, 47, 1],1, 0
13:40:09.413:   [0, 47, 2],2, 0
13:40:11.413:   [0, 47, 3],2, 0
13:40:13.413:   [0, 48, 3],1, 0
13:40:15.413:   [0, 49, 3],1, 0
13:40:17.413:   [0, 49, 4],2, 0
13:40:19.413:   [1, 49, 4],0, 0
13:40:20.767:   High
13:40:21.414:   [1, 49, 0],2, -1
13:40:23.414:   [1, 49, 1],2, 0
13:40:25.414:   [1, 49, 2],2, 0
13:40:26.519:   Low
13:40:27.414:   [0, 49, 2],0, 1
13:40:29.414:   [1, 49, 2],0, 0
13:40:31.414:   [1, 50, 2],1, 0
13:40:32.607:   Low
13:40:33.414:   [0, 50, 2],0, 1
13:40:35.414:   [1, 50, 2],0, 0
13:40:37.414:   [1, 51, 2],1, 0
13:40:39.415:   [1, 52, 2],1, 0
13:40:40.615:   Low
13:40:41.415:   [0, 52, 2],0, 1
13:40:42.607:   High
13:40:43.415:   [0, 52, 0],2, 1
13:40:45.415:   [0, 52, 1],2, 0
13:40:47.415:   [1, 52, 1],0, 0
13:40:49.415:   [1, 53, 1],1, 0
13:40:51.415:   [1, 53, 2],2, 0
13:40:52.454:   High
13:40:53.415:   [1, 53, 0],2, 1
13:40:54.782:   Low
13:40:55.416:   [0, 53, 0],0, 1
13:40:57.416:   [1, 53, 0],0, 0
13:40:59.416:   [1, 53, 1],2, 0
13:41:01.416:   [1, 53, 2],2, 0
13:41:02.183:   High
13:41:03.416:   [1, 53, 0],2, 1
13:41:05.416:   [1, 54, 0],1, 0
13:41:06.183:   Low
13:41:07.416:   [0, 54, 0],0, 1
13:41:09.416:   [0, 54, 1],2, 0
13:41:11.416:   [0, 54, 2],2, 0
13:41:12.654:   High
13:41:13.417:   [0, 54, 0],2, 1
13:41:15.417:   [0, 54, 1],2, 0
13:41:17.417:   [0, 55, 1],1, 0
13:41:19.417:   [0, 56, 1],1, 0
13:41:21.417:   [0, 57, 1],1, 0
13:41:23.417:   [0, 58, 1],1, 0
13:41:25.417:   [0, 59, 1],1, 0
13:41:27.417:   [0, 59, 2],2, 0
13:41:29.417:   [1, 59, 2],0, 0
13:41:31.418:   [1, 59, 3],2, 0
13:41:32.463:   Low
13:41:33.418:   [0, 59, 3],0, 1
13:41:35.418:   [0, 60, 3],1, 0
13:41:36.743:   High
13:41:37.418:   [0, 60, 0],2, -1
13:41:39.418:   [0, 60, 1],2, 0
13:41:41.418:   [1, 60, 1],0, 0
13:41:43.418:   [1, 61, 1],1, 0
13:41:44.431:   Low
13:41:45.418:   [0, 61, 1],0, 1
13:41:47.418:   [0, 61, 2],2, 0
13:41:48.311:   High
13:41:49.419:   [0, 61, 0],2, 1
13:41:51.419:   [1, 61, 0],0, 0
13:41:52.655:   Low
13:41:53.419:   [0, 61, 0],0, 1
13:41:55.419:   [0, 62, 0],1, 0
13:41:57.419:   [0, 63, 0],1, 0
13:41:59.419:   [0, 64, 0],1, 0
13:42:01.419:   [1, 64, 0],0, 0
13:42:03.419:   [1, 64, 1],2, 0
13:42:05.420:   [2, 64, 1],0, 0
13:42:06.183:   Low
13:42:07.420:   [0, 65, 1],1, 1
13:42:09.420:   [1, 65, 1],0, 0
13:42:10.535:   Low
13:42:11.420:   [0, 65, 1],0, 1
13:42:13.420:   [1, 65, 1],0, 0
13:42:15.420:   [1, 65, 2],2, 0
13:42:16.575:   Low
13:42:17.420:   [0, 65, 2],0, 1
13:42:19.420:   [0, 66, 2],1, 0
13:42:21.420:   [1, 66, 2],0, 0
13:42:22.366:   Low
13:42:23.421:   [0, 66, 2],0, 1
13:42:25.421:   [1, 66, 2],0, 0
13:42:26.351:   Low
13:42:27.421:   [0, 66, 2],0, 1
13:42:29.421:   [0, 67, 2],1, 0
13:42:31.421:   [0, 68, 2],1, 0
13:42:33.421:   [0, 69, 2],1, 0
13:42:34.551:   High
13:42:35.421:   [0, 69, 0],2, 1
13:42:37.421:   [0, 69, 1],2, 0
13:42:39.421:   [0, 69, 2],2, 0
13:42:40.991:   High
13:42:41.050:   Low
13:42:41.422:   [0, 69, 0],2, -1
13:42:43.422:   [0, 69, 1],2, 0
13:42:45.422:   [1, 69, 1],0, 0
13:42:46.615:   Low
13:42:47.422:   [0, 69, 1],0, 1
13:42:49.422:   [0, 70, 1],1, 0
13:42:51.422:   [1, 70, 1],0, 0
13:42:53.422:   [1, 70, 2],2, 0
13:42:55.422:   [1, 71, 2],1, 0
13:42:56.902:   Low
13:42:57.422:   [0, 71, 2],0, 1
13:42:59.423:   [0, 71, 3],2, 0
13:43:01.423:   [0, 72, 3],1, 0
13:43:03.423:   [0, 73, 3],1, 0
13:43:04.815:   High
13:43:05.423:   [0, 73, 0],2, -1
13:43:07.423:   [0, 73, 1],2, 0
13:43:08.519:   Low
13:43:09.423:   [0, 73, 1],0, -1
13:43:11.423:   [0, 73, 2],2, 0
13:43:13.423:   [0, 73, 3],2, 0
13:43:15.424:   [0, 74, 3],1, 0
13:43:16.903:   Low
13:43:17.424:   [0, 74, 3],0, -1
13:43:19.424:   [0, 75, 3],1, 0
13:43:20.423:   High
13:43:21.424:   [0, 75, 0],2, -1
13:43:23.424:   [0, 75, 1],2, 0
13:43:25.424:   [0, 75, 2],2, 0
13:43:26.319:   High
13:43:27.424:   [0, 75, 0],2, 1
13:43:29.424:   [0, 76, 0],1, 0
13:43:31.424:   [1, 76, 0],0, 0
13:43:33.425:   [1, 77, 0],1, 0
13:43:34.583:   Low
13:43:35.425:   [0, 77, 0],0, 1
13:43:37.425:   [0, 78, 0],1, 0
13:43:39.425:   [1, 78, 0],0, 0
13:43:40.415:   Low
13:43:41.425:   [0, 78, 0],0, 1
13:43:43.425:   [1, 78, 0],0, 0
13:43:45.425:   [1, 78, 1],2, 0
13:43:46.535:   Low
13:43:47.425:   [0, 78, 1],0, 1
13:43:49.425:   [0, 78, 2],2, 0
13:43:51.426:   [1, 78, 2],0, 0
13:43:52.471:   Low
13:43:53.426:   [0, 78, 2],0, 1
13:43:55.426:   [0, 79, 2],1, 0
13:43:56.343:   High
13:43:57.426:   [0, 79, 0],2, 1
13:43:59.426:   [0, 79, 1],2, 0
13:44:01.426:   [1, 79, 1],0, 0
13:44:03.426:   [1, 80, 1],1, 0
13:44:05.426:   [1, 80, 2],2, 0
13:44:07.426:   [1, 81, 2],1, 0
13:44:09.427:   [1, 82, 2],1, 0
13:44:10.423:   High
13:44:11.427:   [1, 82, 0],2, 1
13:44:13.427:   [1, 83, 0],1, 0
13:44:15.427:   [1, 84, 0],1, 0
13:44:17.427:   [1, 84, 1],2, 0
13:44:19.427:   [1, 84, 2],2, 0
13:44:20.583:   Low
13:44:21.427:   [0, 84, 2],0, 1
13:44:23.427:   [1, 84, 2],0, 0
13:44:24.566:   High
13:44:25.428:   [1, 84, 0],2, 1
13:44:26.647:   Low
13:44:27.428:   [0, 84, 0],0, 1
13:44:29.428:   [0, 84, 1],2, 0
13:44:31.428:   [1, 84, 1],0, 0
13:44:33.428:   [1, 85, 1],1, 0
13:44:35.428:   [1, 85, 2],2, 0
13:44:36.391:   High
13:44:37.428:   [1, 85, 0],2, 1
13:44:39.428:   [1, 85, 1],2, 0
13:44:40.678:   Low
13:44:41.428:   [0, 85, 1],0, 1
13:44:43.429:   [0, 86, 1],1, 0
13:44:44.551:   Low
13:44:45.429:   [0, 86, 1],0, -1
13:44:47.429:   [1, 86, 1],0, 0
13:44:49.429:   [1, 86, 2],2, 0
13:44:50.847:   Low
13:44:51.429:   [0, 86, 2],0, 1
13:44:53.429:   [0, 87, 2],1, 0
13:44:55.429:   [1, 87, 2],0, 0
13:44:56.679:   Low
13:44:57.429:   [0, 87, 2],0, 1
13:44:59.429:   [1, 87, 2],0, 0
13:45:00.679:   High
13:45:01.430:   [1, 87, 0],2, 1
13:45:03.430:   [1, 88, 0],1, 0
13:45:04.639:   Low
13:45:05.430:   [0, 88, 0],0, 1
13:45:07.430:   [0, 88, 1],2, 0
13:45:09.430:   [0, 88, 2],2, 0
13:45:11.430:   [1, 88, 2],0, 0
13:45:12.439:   High
13:45:13.430:   [1, 88, 0],2, 1
13:45:15.430:   [1, 88, 1],2, 0
13:45:17.430:   [1, 89, 1],1, 0
13:45:19.431:   [1, 90, 1],1, 0
13:45:21.431:   [1, 90, 2],2, 0
13:45:22.959:   High
13:45:23.431:   [1, 90, 0],2, 1
13:45:25.431:   [1, 91, 0],1, 0
13:45:26.391:   Low
13:45:27.431:   [0, 91, 0],0, 1
13:45:29.431:   [0, 92, 0],1, 0
13:45:31.431:   [0, 92, 1],2, 0
13:45:33.431:   [1, 92, 1],0, 0
13:45:34.534:   Low
13:45:35.432:   [0, 92, 1],0, 1
13:45:37.432:   [1, 92, 1],0, 0
13:45:39.432:   [1, 92, 2],2, 0
13:45:40.535:   Low
13:45:41.432:   [0, 92, 2],0, 1
13:45:43.432:   [1, 92, 2],0, 0
13:45:45.432:   [1, 93, 2],1, 0
13:45:46.919:   Low
13:45:47.432:   [0, 93, 2],0, 1
13:45:49.432:   [1, 93, 2],0, 0
13:45:51.432:   [1, 94, 2],1, 0
13:45:53.433:   [1, 95, 2],1, 0
13:45:55.433:   [1, 96, 2],1, 0
13:45:56.423:   High
13:45:57.433:   [1, 96, 0],2, 1
13:45:58.415:   Low
13:45:59.433:   [0, 96, 0],0, 1
13:46:01.433:   [0, 96, 1],2, 0
13:46:03.433:   [1, 96, 1],0, 0
13:46:05.433:   [1, 96, 2],2, 0
13:46:06.383:   Low
13:46:07.433:   [0, 96, 2],0, 1
Tone 1 count: 102
Tone 2 count: 96
Tone 3 count: 102
Correct: 73; False Positive: 13
