21:35:46:0	91.0	91.0	91.0	91.0	91.0	91.0	92.0	92.0	92.0	94.0	94.0	94.0	94.0	94.0	97.0	97.0	97.0	97.0	100.0
21:35:51:0	100.0	100.0	100.0	102.0	102.0	102.0	104.0	104.0	104.0	104.0	104.0	104.0	104.0	104.0	103.0	103.0	103.0	103.0	103.0	101.0
21:35:56:0	101.0	101.0	101.0	100.0	100.0	100.0	100.0	98.0	98.0	98.0	98.0	96.0	96.0	96.0	96.0	93.5
21:36:1:0	91.0	91.0	91.0	91.0	91.0	89.0	89.0	89.0	89.0	86.0	86.0	86.0	86.0	84.0	84.0	84.0	84.0	82.0
21:36:6:0	80.0	80.0	80.0	80.0	78.0	78.0	78.0	77.0	77.0	77.0	76.0	76.0	76.0	76.0	76.0	76.0
21:36:11:0	76.0	75.0	75.0	75.0	74.0	74.0	74.0	74.0	75.0	75.0	75.0	75.0	76.0	76.0	76.0	76.0	76.0	77.0	77.0	77.0
21:36:16:0	77.0	77.0	77.0	77.0	77.0	78.0	78.0	78.0	78.0	78.0	78.0	78.0	78.0	78.0	78.0	78.0	78.0	78.0	78.0	78.0
21:36:21:0	78.0	78.0	79.0	79.0	79.0	78.0	78.0	78.0	78.0	78.0	78.0	77.0	77.0	77.0	77.0	76.0	76.0
21:36:26:0	76.0	75.0	75.0	75.0	75.0	73.0	73.0	73.0	73.0	72.0	72.0	72.0	71.0	71.0	71.0	71.0	71.0
21:36:31:0	71.0	72.0	72.0	72.0	73.0	73.0	73.0	73.0	74.0	74.0	74.0	74.0	74.0	74.0	74.0	74.0	74.0	74.0
21:36:36:0	74.0	74.0	74.0	73.0	73.0	73.0	72.0	72.0	72.0	72.0	71.0	71.0	71.0	71.0	71.0	71.0	71.0	71.0	71.0	71.0
21:36:41:0	71.0	71.0	71.0	72.0	72.0	72.0	72.0	73.0	73.0	73.0	73.0	74.0	74.0	74.0	74.0	73.0	73.0	73.0	73.0	73.0
21:36:46:0	73.0	73.0	73.0	73.0	72.0	72.0	72.0	72.0	72.0	72.0	72.0	72.0	72.0	72.0	72.0	73.0	73.0	73.0	73.0
21:36:51:0	73.0	73.0	73.0	73.0	74.0	74.0	74.0	74.0	74.0	74.0	74.0	74.0	74.0	74.0	74.0	73.0	73.0
21:36:56:0	73.0	72.0	72.0	72.0	71.0	71.0	71.0	70.0	70.0	70.0	70.0	70.0	70.0	70.0	70.0	70.0	71.0	71.0	71.0
21:37:1:0	71.0	72.0	72.0	72.0	72.0	72.0	72.0	72.0	72.0	73.0	73.0	73.0	73.0	74.0	74.0	74.0	74.0	75.0	75.0	75.0
21:37:6:0	75.0	75.0	75.0	75.0	75.0	76.0	76.0	76.0	76.0	75.0	75.0	75.0	75.0	75.0	75.0	75.0	75.0	75.0	75.0
21:37:11:0	75.0	75.0	75.0	75.0	75.0	75.0	75.0	75.0	75.0	75.0	75.0	75.0	75.0	75.0	75.0	75.0	75.0	75.0	75.0	75.0	75.0
21:37:16:0	75.0	75.0	75.0	75.0	75.0	75.0	76.0	76.0	76.0	76.0	76.0	76.0	76.0	76.0	77.0	77.0	77.0	77.0
21:37:21:0	77.0	77.0	77.0	77.0	77.0	77.0	77.0	77.0	77.0	76.0	76.0	76.0	76.0	76.0	76.0	76.0	76.0
21:37:26:0	76.0	76.0	76.0	76.0	76.0	76.0	76.0	76.0	76.0	76.0	76.0	76.0	76.0	76.0	76.0	76.0	76.0	76.0	76.0	76.0	76.0
21:37:31:0	76.0	76.0	76.0	76.0	76.0	76.0	77.0	77.0	77.0	77.0	77.0	77.0	77.0	77.0	77.0	77.0
21:37:36:0	77.0	77.0	77.0	76.0	76.0	76.0	76.0	76.0	76.0	76.0	76.0	76.0	75.0	75.0	75.0	75.0	75.0
21:37:41:0	75.0	74.0	74.0	73.0	73.0	73.0	73.0	73.0	73.0	73.0	73.0	73.0	73.0
21:37:46:0	73.0	73.0	74.0	74.0	74.0	74.0	75.0	75.0	75.0	75.0	75.0	75.0	75.0	75.0	75.0	75.0	75.0	75.0	74.0	74.0	74.0
21:37:51:0	74.0	74.0	75.0	75.0	75.0	75.0	75.0	75.0	77.0	77.0	77.0	77.0	77.0	78.0	78.0
21:37:56:0	78.0	78.0	77.0	77.0	77.0	77.0	77.0	77.0	77.0	77.0	77.0	78.0	78.0	78.0	78.0	79.0	79.0	79.0	80.0
21:38:1:0	80.0	80.0	80.0	82.0	82.0	82.0	85.0	85.0	85.0	85.0	87.0	87.0	88.0	88.0	88.0
21:38:6:0	88.0	86.0	86.0	85.0	85.0	85.0	85.0	85.0	85.0	85.0	85.0	85.0	85.0
21:38:11:0	85.0	85.0	85.0	86.0	85.0	85.0	85.0	85.0	84.0	84.0	84.0	83.0
21:38:16:0	81.0	81.0	81.0	79.0	79.0	79.0	79.0	79.0	79.0	79.0	79.0	79.0	79.0
21:38:21:0	80.0	80.0	80.0	80.0	80.0	80.0	80.0	81.0	81.0	81.0	81.0	81.0	81.0	81.0	81.0	81.0	81.0	81.0
21:38:26:0	81.0	81.0	81.0	81.0	81.0	81.0	80.0	80.0	80.0	80.0	80.0	80.0	80.0
21:38:31:0	80.0	79.0	79.0	79.0	79.0	79.0	79.0	80.0	80.0	80.0	81.0	81.0	81.0	82.0	82.0
21:38:36:0	82.0	82.0	82.0	82.0	82.0	82.0	82.0	82.0	81.0	81.0	81.0	80.0	80.0	80.0	80.0	81.0
21:38:41:0	81.0	82.0	82.0	82.0	83.0	83.0	83.0	83.0	83.0	83.0	84.0	84.0	84.0
21:38:46:0	84.0	84.0	83.0	83.0	83.0	83.0	83.0	82.0	82.0	82.0	82.0	82.0	82.0
21:38:51:0	82.0	82.0	82.0	82.0	84.0	84.0	84.0	84.0	85.0	85.0	86.0	86.0	86.0	86.0
21:38:56:0	87.0	87.0	87.0	86.0	86.0	86.0	86.0	86.0	86.0	86.0	86.0	86.0	86.0	86.0	86.0	86.0	86.0
21:39:1:0	87.0	87.0	87.0	87.0	87.0	88.0	88.0	88.0	88.0	88.0	88.0	88.0	89.0	89.0	89.0	89.0	88.0	88.0	88.0
21:39:6:0	88.0	88.0	88.0	88.0	88.0	87.0	87.0	87.0	87.0	87.0	86.0	86.0	86.0	86.0	85.0	85.0	85.0	85.0	85.0
21:39:11:0	85.0	85.0	85.0	85.0	85.0	86.0	86.0	86.0	86.0	87.0	87.0	87.0	87.0	87.0	86.0	86.0	86.0	86.0
21:39:16:0	86.0	86.0	85.0	85.0	85.0	84.0	84.0	84.0	84.0	83.0	83.0	83.0	83.0	83.0	83.0	83.0
21:39:21:0	84.0	84.0	84.0	85.0	85.0	85.0	85.0	85.0	85.0	85.0	85.0	86.0	86.0	86.0	86.0	86.0	87.0
21:39:26:0	87.0	87.0	87.0	86.0	86.0	86.0	86.0	86.0	86.0	86.0	86.0	86.0	85.0	85.0	85.0	85.0	85.0	85.0	84.0
21:39:31:0	84.0	84.0	85.0	85.0	85.0	85.0	86.0	86.0	86.0	86.0	86.0	86.0	86.0	86.0	87.0	87.0	87.0	87.0
21:39:36:0	87.0	87.0	87.0	87.0	87.0	87.0	87.0	87.0	87.0	87.0	86.0	86.0	86.0	85.0	85.0	85.0
21:39:41:0	85.0	84.0	84.0	84.0	84.0	84.0	84.0	84.0	84.0	84.0	84.0	84.0	84.0	84.0	84.0	84.0	84.0
21:39:46:0	84.0	84.0	84.0	84.0	84.0	84.0	84.0	84.0	84.0	83.0	83.0	83.0	82.0	82.0	82.0	82.0	81.0	81.0	81.0
21:39:51:0	81.0	81.0	81.0	81.0	81.0	81.0	81.0	81.0	81.0	81.0	81.0	81.0	81.0	81.0	81.0	81.0	81.0	81.0	82.0
21:39:56:0	82.0	82.0	81.0	81.0	81.0	81.0	81.0	81.0	81.0	81.0	81.0	81.0	81.0	81.0	81.0	81.0	82.0	82.0
21:40:1:0	82.0	82.0	83.0	83.0	83.0	83.0	84.0	84.0	84.0	84.0	84.0	85.0	85.0	85.0	85.0
21:40:6:0	85.0	85.0	86.0	86.0	86.0	86.0	87.0	88.0	88.0	88.0	88.0	89.0	89.0	89.0	89.0	90.0
21:40:11:0	90.0	90.0	90.0	89.0	89.0	89.0	89.0	89.0	88.0	88.0	88.0	88.0	87.0	87.0	87.0	87.0	86.0	86.0	86.0	86.0	85.0
21:40:16:0	85.0	85.0	85.0	85.0	85.0	85.0	85.0	85.0	85.0	85.0	85.0	85.0	85.0	85.0	85.0	87.0	87.0	87.0
21:40:21:0	87.0	88.0	88.0	88.0	88.0	88.0	88.0	89.0	89.0	89.0	89.0	88.0	88.0	88.0	88.0	88.0	88.0	88.0	88.0
21:40:26:0	88.0	87.0	87.0	87.0	87.0	86.0	86.0	85.0	85.0	85.0	85.0	85.0	85.0
21:40:31:0	85.0	85.0	85.0	85.0	85.0	85.0	86.0	86.0	86.0	88.0	88.0	88.0	88.0	90.0	90.0	90.0
21:40:36:0	90.0	92.0	92.0	93.0	93.0	93.0	93.0	94.0	94.0	94.0	94.0	93.0	93.0	93.0	93.0	93.0	93.0
21:40:41:0	93.0	93.0	91.0	91.0	91.0	90.0	90.0	90.0	90.0	88.0	88.0	88.0	88.0	86.0	86.0	86.0	86.0	84.0
21:40:46:0	84.0	84.0	84.0	82.0	82.0	82.0	82.0	80.0	80.0	80.0	80.0	78.0	78.0	78.0	78.0	76.0	76.0	76.0	76.0	76.0	76.0
21:40:51:0	76.0	76.0	76.0	74.0	74.0	74.0	74.0	74.0	74.0	74.0	75.0	75.0	75.0	76.0	76.0	76.0
21:40:56:0	76.0	76.0	76.0	76.0	77.0	77.0	77.0	77.0	77.0	77.0	77.0	77.0	77.0	77.0	78.0	78.0	78.0	78.0
21:41:1:0	79.0	79.0	79.0	79.0	79.0	79.0	79.0	79.0	80.0	80.0	80.0	80.0	80.0	80.0	80.0	80.0	80.0	80.0	80.0	80.0	80.0
21:41:6:0	80.0	80.0	80.0	80.0	80.0	80.0	80.0	80.0	80.0	80.0	80.0	80.0	80.0	80.0	80.0	80.0	80.0	81.0	81.0	81.0
21:41:11:0	81.0	82.0	82.0	82.0	82.0	84.0	84.0	84.0	84.0	86.0	86.0	86.0	87.0	87.0	87.0	87.0	88.0	88.0	88.0
21:41:16:0	88.0	88.0	88.0	88.0	88.0	87.0	85.0	85.0	85.0	84.0	84.0	84.0	84.0	82.0
21:41:21:0	82.0	82.0	80.0	80.0	80.0	78.0	78.0	78.0	78.0	78.0	77.0	77.0	77.0	77.0	77.0	77.0	77.0	77.0	77.0	77.0
21:41:26:0	77.0	77.0	77.0	77.0	77.0	77.0	77.0	77.0	77.0	77.0	78.0	78.0	78.0	78.0	78.0	77.0	77.0	77.0
21:41:31:0	77.0	77.0	77.0	76.0	76.0	76.0	76.0	75.0	75.0	75.0	75.0	74.0	74.0	74.0	74.0	73.0	73.0	73.0	73.0
21:41:36:0	73.0	73.0	73.0	73.0	74.0	74.0	74.0	74.0	74.0	74.0	74.0	74.0	75.0	75.0	75.0	75.0	75.0	75.0
21:41:41:0	76.0	76.0	76.0	76.0	76.0	76.0	76.0	77.0	77.0	77.0	78.0	78.0	78.0	78.0	78.0	78.0	78.0
21:41:46:0	78.0	78.0	78.0	78.0	78.0	78.0	78.0	78.0	76.0	76.0	76.0	76.0	76.0	75.0	75.0	75.0	75.0	74.0	74.0	74.0
21:41:51:0	74.0	73.0	73.0	73.0	74.0	74.0	74.0	75.0	75.0	75.0	75.0	75.0	76.0	76.0	76.0
21:41:56:0	76.0	76.0	76.0	76.0	76.0	76.0	76.0	76.0	76.0	75.0	75.0	75.0	75.0	75.0	75.0	75.0	75.0	75.0	75.0	75.0
21:42:1:0	75.0	75.0	74.0	74.0	74.0	73.0	73.0	73.0	72.0	72.0	72.0	72.0	72.0	72.0	72.0	72.0	72.0
21:42:6:0	72.0	72.0	74.0	74.0	74.0	76.0	76.0	76.0	76.0	78.0	78.0	78.0	78.0	78.0	78.0	78.0	78.0	78.0
21:42:11:0	78.0	78.0	78.0	78.0	78.0	78.0	76.0	76.0	76.0	76.0	75.0	75.0	75.0	75.0	75.0	75.0	75.0
21:42:16:0	75.0	75.0	75.0	76.0	76.0	77.0	77.0	77.0	77.0	78.0	78.0	78.0	78.0	78.0	78.0	78.0	78.0	78.0
21:42:21:0	77.0	77.0	77.0	77.0	76.0	76.0	76.0	76.0	75.0	75.0	75.0	75.0	75.0	75.0	75.0	75.0	75.0	75.0	75.0	75.0
21:42:26:0	75.0	75.0	75.0	75.0	75.0	75.0	75.0	75.0	75.0	75.0	76.0	76.0	76.0	76.0
21:42:31:0	76.0	76.0	76.0	76.0	77.0	77.0	77.0	77.0	77.0	77.0	77.0	77.0	77.0	77.0	77.0	77.0	77.0	77.0
21:42:36:0	77.0	77.0	77.0	77.0	77.0	77.0	77.0	77.0	77.0	77.0	77.0	78.0	78.0	78.0	78.0	78.0	78.0	78.0
21:42:41:0	78.0	78.0	78.0	78.0	78.0	78.0	78.0	78.0	78.0	78.0	77.0	77.0	77.0	77.0	76.0	76.0	76.0	76.0	75.0	75.0	75.0
21:42:46:0	75.0	75.0	75.0	75.0	75.0	75.0	75.0	75.0	75.0	75.0	75.0	75.0	75.0	75.0	75.0	75.0	75.0	76.0	76.0
21:42:51:0	76.0	76.0	77.0	77.0	77.0	77.0	77.0	77.0	77.0	77.0	77.0	77.0	77.0	76.0	76.0	76.0	76.0	76.0
21:42:56:0	76.0	76.0	76.0	76.0	76.0	76.0	76.0	76.0	76.0	76.0	76.0	76.0	76.0	76.0	76.0
21:43:1:0	77.0	77.0	77.0	77.0	77.0	77.0	77.0	77.0	77.0	77.0	77.0	77.0	77.0	77.0	77.0	77.0	77.0	77.0	77.0	77.0	77.0
21:43:6:0	77.0	77.0	77.0	77.0	78.0	78.0	77.0	77.0	77.0	77.0	77.0	77.0	77.0	77.0	76.0	76.0	76.0	76.0
21:43:11:0	76.0	76.0	76.0	76.0	76.0	76.0	76.0	76.0	76.0	76.0	76.0	76.0	76.0	76.0	75.0	75.0
21:43:16:0	75.0	75.0	75.0	75.0	75.0	75.0	75.0	75.0	75.0	75.0	75.0	75.0	76.0	76.0	76.0	76.0	77.0	77.0	77.0
21:43:21:0	77.0	79.0	79.0	79.0	79.0	79.0	79.0	79.0	79.0	79.0	79.0	79.0	77.0	77.0	77.0	77.0	77.0	76.0
21:43:26:0	76.0	76.0	75.0	75.0	75.0	74.0	74.0	74.0	74.0	74.0	74.0	75.0	75.0	75.0	77.0	77.0
21:43:31:0	77.0	77.0	77.0	77.0	77.0	77.0	77.0	77.0	77.0	77.0	77.0	77.0	77.0	77.0	77.0	76.0	76.0	76.0	76.0	75.0	75.0
21:43:36:0	75.0	75.0	73.0	73.0	73.0	73.0	73.0	72.0	72.0	72.0	72.0	72.0	72.0	72.0	72.0	72.0	72.0	72.0	73.0
21:43:41:0	73.0	73.0	72.0	72.0	72.0	71.0	70.5	70.0	70.0	70.0	70.0	70.0	70.0	70.0	70.0
21:43:46:0	70.0	70.0	70.0	71.0	71.0	71.0	71.0	71.0	71.0	71.0	72.0	72.0	72.0	72.0	73.0	73.0	73.0	73.0	73.0
21:43:51:0	73.0	73.0	73.0	73.0	74.0	74.0	74.0	74.0	74.0	75.0	75.0	75.0	75.0	75.0	75.0	75.0	75.0
21:43:56:0	75.0	75.0	75.0	75.0	75.0	76.0	76.0	76.0	77.0	77.0	77.0	77.0	77.0	77.0	77.0	78.0	78.0	78.0
21:44:1:0	78.0	78.0	78.0	78.0	78.0	78.0	78.0	78.0	78.0	78.0	78.0	78.0	78.0	78.0	77.0	77.0	77.0
21:44:6:0	77.0	77.0	77.0	77.0	77.0	77.0	77.0	77.0	77.0	77.0	77.0	77.0	77.0	77.0	77.0	77.0	77.0	77.0	77.0
21:44:11:0	77.0	77.0	77.0	77.0	77.0	77.0	78.0	78.0	78.0	78.0	78.0	78.0	78.0	78.0	78.0	78.0	78.0	78.0	77.0	77.0
21:44:16:0	77.0	77.0	77.0	76.0	76.0	76.0	76.0	75.0	75.0	75.0	75.0	76.0	76.0	76.0	76.0	76.0	76.0	76.0	76.0
21:44:21:0	76.0	76.0	76.0	76.0	76.0	76.0	76.0	76.0	76.0	76.0	76.0	76.0	76.0	76.0	76.0	77.0	77.0	77.0	77.0	78.0
21:44:26:0	78.0	78.0	78.0	78.0	78.0	78.0	78.0	78.0	78.0	78.0	78.0	78.0	78.0	78.0	78.0	78.0
21:44:31:0	78.0	78.0	78.0	78.0	78.0	78.0	80.0	80.0	80.0	80.0	82.0	82.0	82.0	82.0	82.0	83.0	83.0	83.0
21:44:36:0	83.0	84.0	84.0	84.0	84.0	84.0	84.0	84.0	84.0	83.0	83.0	83.0	83.0	82.0	82.0	82.0	82.0	81.0	81.0	81.0	81.0
21:44:41:0	81.0	81.0	81.0	81.0	82.0	82.0	82.0	82.0	82.0	83.0	83.0	83.0	83.0	83.0	83.0	83.0
21:44:46:0	83.0	82.0	82.0	82.0	82.0	80.0	80.0	80.0	80.0	80.0	79.0	79.0	79.0	79.0	78.0	78.0	78.0	78.0
21:44:51:0	78.0	78.0	78.0	78.0	78.0	78.0	78.0	78.0	78.0	78.0	78.0	78.0	78.0	78.0	78.0
21:44:56:0	78.0	78.0	78.0	78.0	78.0	78.0	78.0	78.0	78.0	77.0	77.0	77.0	76.0	76.0	76.0	76.0	76.0	76.0
21:45:1:0	76.0	76.0	76.0	76.0	76.0	76.0	77.0	77.0	77.0	77.0	78.0	78.0	78.0	78.0	78.0	78.0	78.0	78.0
21:45:6:0	78.0	78.0	78.0	78.0	78.0	78.0	78.0	78.0	77.0	77.0	77.0	77.0	77.0	77.0	77.0
21:45:11:0	77.0	77.0	77.0	77.0	78.0	78.0	78.0	78.0	78.0	78.0	78.0	78.0	78.0	79.0	79.0	79.0	79.0	79.0	79.0
21:45:16:0	79.0	79.0	79.0	79.0	79.0	78.0	78.0	78.0	78.0	78.0	78.0	78.0	77.0	77.0	77.0
21:45:21:0	77.0	77.0	77.0	77.0	77.0	77.0	77.0	77.0	77.0	77.0	77.0	77.0	78.0	78.0	78.0	78.0	78.0	78.0	78.0
21:45:26:0	79.0	79.0	79.0	79.0	79.0	78.0	78.0	78.0	78.0	78.0	78.0	78.0	78.0	76.0	76.0	76.0	75.0	75.0	75.0
21:45:31:0	75.0	73.0	73.0	73.0	72.0	72.0	72.0	72.0	72.0	72.0	72.0	72.0	72.0	73.0	73.0	73.0	73.0	73.0	73.0
21:45:36:0	73.0	73.0	74.0	74.0	74.0	74.0	74.0	74.0	74.0	74.0	75.0	75.0	75.0	75.0	75.0	75.0	75.0
21:45:41:0	75.0	75.0	75.0	75.0	75.0	75.0	75.0	75.0	75.0	75.0	75.0	75.0	75.0	75.0	75.0	75.0	75.0	75.0
