13:50:23:0	72.0	73.0	73.0	74.0	74.0	74.0	74.0	75.0	75.0	74.0	74.0	74.0	74.0	74.0	74.0
13:50:28:0	74.0	74.0	72.0	72.0	72.0	72.0	71.0	71.0	71.0	71.0	71.0	69.0	69.0	69.0	69.0	67.0	67.0	67.0	67.0	66.0	66.0
13:50:33:0	66.0	66.0	66.0	66.0	66.0	66.0	66.0	66.0	66.0	66.0	66.0	66.0	65.0	65.0	65.0	63.0
13:50:38:0	63.0	63.0	63.0	62.0	62.0	62.0	62.0	62.0	62.0	62.0	62.0	63.0	63.0	63.0	65.0	65.0	65.0	65.0
13:50:43:0	66.0	66.0	66.0	67.0	67.0	67.0	67.0	67.0	67.0	67.0	67.0	67.0	67.0	67.0	66.0	66.0	66.0	65.0
13:50:48:0	65.0	65.0	65.0	65.0	66.0	66.0	66.0	66.0	67.0	67.0	67.0	67.0	68.0	68.0	68.0	68.0	69.0	69.0	69.0	69.0
13:50:53:0	70.0	70.0	70.0	70.0	70.0	70.0	70.0	70.0	70.0	70.0	70.0	70.0	69.0	69.0	69.0	69.0	68.0	68.0	68.0
13:50:58:0	68.0	67.0	67.0	67.0	67.0	67.0	67.0	67.0	67.0	67.0	67.0	67.0	67.0	67.0	67.0	67.0	67.0	67.0	67.0
13:51:3:0	67.0	67.0	67.0	67.0	67.0	67.0	67.0	67.0	68.0	68.0	68.0	69.0	69.0	69.0	69.0	69.0	69.0	69.0
13:51:8:0	69.0	69.0	69.0	69.0	68.0	68.0	68.0	68.0	68.0	68.0	68.0	68.0	68.0	68.0
13:51:13:0	68.0	68.0	69.0	69.0	69.0	69.0	69.0	69.0	69.0	69.0	69.0	69.0	69.0	69.0	69.0	69.0	68.0
13:51:18:0	68.0	68.0	68.0	68.0	68.0	68.0	68.0	68.0	68.0	68.0	68.0	68.0	68.0	68.0	68.0	68.0	69.0	69.0	69.0	69.0	71.0
13:51:23:0	71.0	71.0	71.0	73.0	73.0	73.0	75.0	75.0	75.0	75.0	76.0	76.0	76.0	76.0	77.0	77.0	77.0
13:51:28:0	77.0	77.0	77.0	77.0	76.0	76.0	76.0	75.0	75.0	75.0	75.0	73.0	73.0	72.0	72.0	72.0	72.0
13:51:33:0	71.0	71.0	71.0	71.0	71.0	71.0	70.0	70.0	70.0	70.0	69.0	69.0	69.0	69.0	69.0	69.0	69.0	69.0
13:51:38:0	69.0	69.0	69.0	69.0	70.0	70.0	70.0	71.0	71.0	71.0	71.0	72.0	72.0	72.0	72.0	72.0	72.0	72.0
13:51:43:0	72.0	72.0	72.0	72.0	69.0	69.0	69.0	69.0	68.0	68.0	68.0	68.0	68.0	68.0	68.0	68.0	68.0	68.0	68.0
13:51:48:0	68.0	68.0	68.0	68.0	68.0	67.0	67.0	67.0	67.0	67.0	67.0	67.0	66.0	66.0
13:51:53:0	66.0	66.0	65.0	65.0	65.0	65.0	65.0	65.0	65.0	65.0	66.0	66.0	66.0	67.0
13:51:58:0	67.0	67.0	68.0	68.0	68.0	68.0	68.0	68.0	68.0	68.0	68.0	68.0	68.0	68.0	68.0	68.0	68.0	68.0	68.0	68.0
13:52:3:0	68.0	68.0	68.0	68.0	68.0	69.0	69.0	69.0	69.0	69.0	69.0	69.0	69.0	69.0	69.0	69.0	69.0
13:52:8:0	69.0	69.0	69.0	69.0	68.0	68.0	68.0	68.0	67.0	67.0	67.0	67.0	66.0	66.0	66.0	66.0	66.0	66.0	66.0
13:52:13:0	66.0	67.0	67.0	68.0	68.0	68.0	68.0	69.0	69.0	69.0	69.0	70.0	70.0	70.0	70.0	72.0	72.0	72.0	72.0
13:52:18:0	72.0	72.0	72.0	72.0	72.0	72.0	72.0	71.0	71.0	70.0	70.0	70.0	69.0	69.0
13:52:23:0	69.0	69.0	69.0	69.0	69.0	69.0	69.0	69.0	69.0	69.0	69.0	69.0	69.0	69.0	69.0	69.0	69.0
13:52:28:0	69.0	69.0	69.0	69.0	70.0	70.0	70.0	70.0	70.0	70.0	70.0	70.0	69.0	69.0	69.0	69.0
13:52:33:0	69.0	68.0	68.0	68.0	68.0	68.0	68.0	68.0	68.0	69.0	69.0	69.0	69.0	69.0	69.0	69.0
13:52:38:0	69.0	69.0	69.0	69.0	69.0	69.0	69.0	69.0	69.0	69.0	69.0	69.0	69.0	69.0	69.0	69.0	69.0	69.0	69.0
13:52:43:0	69.0	69.0	70.0	70.0	70.0	71.0	71.0	71.0	72.0	72.0	72.0	72.0	73.0	73.0	73.0	73.0
13:52:48:0	73.0	73.0	73.0	73.0	73.0	73.0	73.0	72.0	72.0	72.0	72.0	72.0	70.0	70.0	70.0	70.0	71.0	71.0	71.0
13:52:53:0	72.0	72.0	72.0	72.0	73.0	73.0	73.0	73.0	74.0	74.0	74.0	74.0	75.0	75.0	75.0	75.0	74.0	74.0	74.0	74.0	74.0
13:52:58:0	74.0	74.0	74.0	73.0	73.0	73.0	72.0	72.0	72.0	72.0	72.0	72.0	72.0	72.0	72.0	72.0
13:53:3:0	72.0	72.0	72.0	72.0	72.0	73.0	73.0	73.0	73.0	74.0	74.0	74.0	76.0	76.0	76.0	79.0	79.0	79.0
13:53:8:0	79.0	81.0	81.0	81.0	81.0	82.0	82.0	82.0	82.0	82.0	81.0	81.0	81.0	81.0	80.0	80.0	80.0	79.0	79.0
13:53:13:0	79.0	79.0	77.0	77.0	77.0	77.0	76.0	76.0	76.0	76.0	75.0	75.0	75.0	75.0	75.0	75.0	75.0	75.0	75.0	74.0	74.0
13:53:18:0	74.0	74.0	74.0	74.0	74.0	74.0	73.0	73.0	73.0	73.0	72.0	72.0	72.0	70.0	70.0	70.0	70.0	69.0	69.0
13:53:23:0	69.0	69.0	69.0	67.0	67.0	67.0	67.0	67.0	67.0	67.0	67.0	67.0	67.0	67.0	67.0	68.0	68.0	68.0	68.0	68.0
13:53:28:0	68.0	68.0	68.0	67.0	67.0	67.0	67.0	65.0	65.0	65.0	65.0
13:53:33:0	65.0	65.0	65.0	65.0	65.0	65.0	65.0	65.0	65.0	65.0	65.0	65.0	66.0	66.0	66.0	66.0	66.0	66.0	66.0	66.0
13:53:38:0	67.0	67.0	67.0	67.0	67.0	66.0	66.0	66.0	66.0	66.0	66.0	66.0	66.0	67.0	67.0	67.0
13:53:43:0	67.0	69.0	69.0	69.0	70.0	70.0	70.0	71.0	71.0	71.0	71.0	70.0	70.0	70.0	70.0	70.0
13:53:48:0	69.0	69.0	69.0	69.0	69.0	69.0	69.0	69.0	70.0	70.0	70.0	70.0	70.0	70.0	70.0	71.0	71.0
13:53:53:0	71.0	71.0	71.0	71.0	71.0	71.0	71.0	71.0	71.0	70.0	70.0	70.0	70.0	69.0	69.0	69.0	69.0	69.0	69.0
13:53:58:0	69.0	69.0	68.0	68.0	68.0	68.0	67.0	67.0	67.0	67.0	67.0	67.0	67.0	67.0	67.0	67.0	67.0	67.0	67.0
13:54:3:0	67.0	67.0	67.0	68.0	68.0	68.0	68.0	68.0	68.0	68.0	69.0	69.0	69.0	69.0	70.0	70.0	70.0	70.0	71.0	71.0
13:54:8:0	71.0	71.0	71.0	72.0	72.0	72.0	72.0	73.0	73.0	73.0	73.0	74.0	74.0	74.0	74.0	75.0	75.0	75.0	75.0	74.0
13:54:13:0	74.0	74.0	74.0	73.0	73.0	73.0	73.0	71.0	71.0	71.0	69.0	69.0	69.0	68.0	68.0	68.0
13:54:18:0	68.0	68.0	68.0	69.0	69.0	69.0	69.0	71.0	71.0	71.0	71.0	73.0	73.0	73.0	73.0	74.0	74.0	74.0	74.0
13:54:23:0	75.0	75.0	75.0	75.0	75.0	75.0	75.0	75.0	74.0	74.0	74.0	74.0	73.0	73.0	73.0	73.0	73.0	72.0	72.0	72.0
13:54:28:0	72.0	71.0	71.0	71.0	71.0	71.0	71.0	71.0	71.0	71.0	71.0	71.0	71.0	71.0	70.0	70.0	70.0
13:54:33:0	70.0	70.0	70.0	70.0	70.0	70.0	68.0	68.0	68.0	68.0	67.0	67.0	67.0	67.0	66.0	66.0	66.0	65.0	65.0
13:54:38:0	65.0	65.0	65.0	65.0	65.0	65.0	65.0	66.0	66.0	66.0	68.0	68.0	68.0	69.0	69.0
13:54:43:0	69.0	69.0	71.0	71.0	71.0	71.0	72.0	72.0	72.0	72.0	73.0	74.0	74.0	74.0	74.0	73.0
13:54:48:0	73.0	73.0	73.0	72.0	72.0	72.0	72.0	71.0	71.0	71.0	71.0	69.0	69.0	69.0	69.0	68.0	68.0	68.0	68.0
13:54:53:0	69.0	69.0	69.0	69.0	69.0	69.0	69.0	70.0	70.0	70.0	69.0	69.0	69.0	69.0	69.0	69.0	69.0	69.0	68.0
13:54:58:0	68.0	68.0	68.0	68.0	68.0	68.0	68.0	68.0	68.0	68.0	68.0	68.0	68.0	68.0	68.0	68.0	68.0	68.0
13:55:3:0	69.0	69.0	69.0	71.0	71.0	71.0	71.0	73.0	73.0	73.0	75.0	75.0	75.0	75.0	75.0	75.0	75.0
13:55:8:0	75.0	74.0	74.0	74.0	74.0	72.0	72.0	72.0	71.0	71.0	71.0	71.0	69.0	69.0	69.0	69.0	69.0	68.0	68.0	68.0
13:55:13:0	68.0	67.0	67.0	67.0	67.0	67.0	67.0	67.0	67.0	68.0	68.0	68.0	67.0	67.0	67.0	67.0	67.0	67.0
13:55:18:0	67.0	67.0	67.0	67.0	67.0	68.0	68.0	68.0	68.0	68.0	68.0	68.0	68.0	67.0	67.0	67.0	67.0	67.0	67.0
13:55:23:0	67.0	67.0	66.0	66.0	66.0	66.0	65.0	65.0	65.0	66.0	66.0	66.0	67.0	67.0	67.0	68.0	68.0
13:55:28:0	68.0	68.0	70.0	70.0	70.0	70.0	70.0	70.0	70.0	70.0	71.0	71.0	71.0	71.0	71.0	70.0	70.0	70.0	70.0	69.0
13:55:33:0	69.0	69.0	69.0	68.0	68.0	68.0	68.0	67.0	67.0	67.0	67.0	67.0	67.0	67.0	67.0	68.0	68.0	68.0	68.0	68.0
13:55:38:0	68.0	68.0	68.0	68.0	69.0	69.0	69.0	71.0	71.0	71.0	72.0	72.0	72.0	72.0	73.0	73.0	73.0	73.0
13:55:43:0	72.0	72.0	72.0	72.0	71.0	71.0	71.0	71.0	71.0	70.0	70.0	70.0	70.0	69.0	69.0	69.0	69.0	69.0	69.0
13:55:48:0	69.0	69.0	69.0	70.0	70.0	70.0	70.0	70.0	70.0	70.0	70.0	70.0	71.0	71.0	71.0	71.0	72.0	72.0	72.0
13:55:53:0	72.0	73.0	73.0	73.0	73.0	74.0	74.0	74.0	76.0	76.0	76.0	76.0	78.0	78.0	78.0	78.0	78.0	79.0	79.0
13:55:58:0	79.0	79.0	79.0	79.0	79.0	79.0	78.0	78.0	78.0	78.0	77.0	77.0	77.0	75.0	75.0	75.0	75.0	73.0	73.0
13:56:3:0	73.0	73.0	72.0	72.0	72.0	72.0	71.0	71.0	71.0	71.0	70.0	70.0	70.0	70.0	69.0	69.0	69.0	69.0	68.0	68.0
13:56:8:0	68.0	68.0	68.0	68.0	68.0	68.0	67.0	67.0	67.0	67.0	67.0	67.0	67.0	67.0	66.0	66.0	66.0	66.0
13:56:13:0	66.0	66.0	66.0	67.0	67.0	67.0	67.0	68.0	68.0	68.0	70.0	70.0	70.0	70.0	70.0	71.0	71.0	71.0	71.0	72.0
13:56:18:0	72.0	72.0	72.0	73.0	73.0	73.0	73.0	72.0	72.0	72.0	72.0	71.0	71.0	71.0	71.0	69.0	69.0	69.0
13:56:23:0	69.0	69.0	69.0	69.0	69.0	69.0	69.0	69.0	69.0	69.0	69.0	69.0	69.0	69.0	69.0	69.0	69.0
13:56:28:0	69.0	69.0	69.0	69.0	69.0	68.0	68.0	68.0	68.0	67.0	67.0	67.0	67.0	64.0	64.0	64.0	64.0	63.0	63.0	63.0	63.0
13:56:33:0	62.0	62.0	62.0	62.0	63.0	63.0	63.0	64.0	64.0	64.0	64.0	64.0	64.0	64.0	65.0	65.0
13:56:38:0	65.0	65.0	65.0	65.0	65.0	65.0	65.0	65.0	65.0	65.0	65.0	65.0	65.0	65.0	65.0	65.0	65.0	65.0	65.0
13:56:43:0	65.0	65.0	65.0	65.0	65.0	65.0	65.0	65.0	65.0	66.0	66.0	66.0	67.0	67.0	67.0	67.0	69.0
13:56:48:0	69.0	69.0	69.0	71.0	71.0	71.0	71.0	74.0	74.0	74.0	74.0	76.0	76.0	76.0	76.0	78.0	78.0	78.0	78.0	78.0	78.0
13:56:53:0	78.0	78.0	78.0	78.0	78.0	78.0	76.0	76.0	76.0	76.0	76.0	75.0	75.0	75.0	75.0	74.0	74.0	74.0
13:56:58:0	74.0	74.0	74.0	75.0	75.0	75.0	77.0	77.0	77.0	77.0	78.0	78.0	78.0	78.0	78.0	78.0	78.0	78.0	78.0
13:57:3:0	77.0	77.0	77.0	77.0	76.0	76.0	76.0	76.0	74.0	74.0	74.0	74.0	72.0	72.0	72.0	72.0	70.0	70.0	70.0	70.0
13:57:8:0	70.0	70.0	70.0	70.0	70.0	70.0	70.0	71.0	71.0	71.0	71.0	72.0	72.0	72.0	74.0	74.0	74.0	74.0
13:57:13:0	76.0	76.0	76.0	76.0	76.0	79.0	79.0	79.0	81.0	81.0	81.0	81.0	82.0	82.0	82.0	82.0	83.0	83.0	83.0
13:57:18:0	83.0	82.0	82.0	82.0	81.0	81.0	81.0	78.0	78.0	78.0	78.0	78.0	78.0	78.0	78.0	78.0
13:57:23:0	78.0	78.0	78.0	78.0	78.0	77.0	77.0	77.0	76.0	76.0	76.0	76.0	75.0	75.0	75.0	75.0	75.0	73.0	73.0
13:57:28:0	73.0	73.0	72.0	72.0	72.0	72.0	72.0	72.0	72.0	72.0	72.0	72.0	72.0	73.0	73.0
13:57:33:0	74.0	74.0	76.0	76.0	76.0	78.0	78.0	78.0	78.0	79.0	79.0	79.0	79.0	78.0	78.0	78.0	78.0	78.0
13:57:38:0	78.0	78.0	78.0	76.0	76.0	76.0	76.0	76.0	74.0	74.0	74.0	74.0	72.0	72.0	72.0	72.0	71.0	71.0	71.0	71.0
13:57:43:0	71.0	71.0	71.0	71.0	71.0	71.0	71.0	71.0	71.0	71.0	71.0	71.0	71.0	71.0	71.0	71.0
13:57:48:0	69.0	69.0	69.0	69.0	68.0	68.0	68.0	68.0	66.0	66.0	66.0	66.0	66.0	66.0	66.0	66.0	66.0	66.0	66.0	66.0
13:57:53:0	66.0	67.0	67.0	69.0	69.0	69.0	70.0	70.0	70.0	70.0	70.0	70.0	70.0	70.0	70.0	70.0	70.0	70.0
13:57:58:0	69.0	69.0	69.0	69.0	69.0	69.0	69.0	69.0	69.0	70.0	70.0	70.0	70.0	71.0	71.0	71.0	71.0	73.0	73.0	73.0
13:58:3:0	73.0	74.0	74.0	74.0	74.0	74.0	74.0	74.0	74.0	74.0	72.0	72.0	72.0	72.0	71.0	71.0	71.0
13:58:8:0	71.0	71.0	71.0	72.0	72.0	72.0	72.0	73.0	73.0	73.0	73.0	73.0	73.0	73.0	73.0	73.0	71.0	71.0
13:58:13:0	71.0	70.0	70.0	70.0	70.0	70.0	70.0	70.0	70.0	69.0	69.0	69.0	69.0	69.0	69.0	69.0	68.0	68.0
13:58:18:0	68.0	68.0	67.0	67.0	67.0	67.0	67.0	67.0	67.0	67.0	68.0	68.0	68.0	68.0	68.0	68.0	68.0
13:58:23:0	69.0	69.0	70.0	70.0	70.0	70.0	70.0	70.0	70.0	70.0	70.0	70.0	70.0	70.0	70.0	70.0	70.0
13:58:28:0	71.0	71.0	71.0	71.0	72.0	72.0	72.0	72.0	73.0	73.0	73.0	73.0	75.0	75.0	75.0	75.0
13:58:33:0	77.0	77.0	77.0	77.0	79.0	79.0	79.0	81.0	81.0	81.0	81.0	82.0	82.0	82.0	82.0	82.0	82.0
13:58:38:0	82.0	81.0	81.0	81.0	80.0	80.0	80.0	79.0	79.0	79.0	79.0	79.0	79.0	79.0	78.0	78.0	78.0
13:58:43:0	78.0	78.0	78.0	78.0	78.0	77.0	77.0	77.0	77.0	76.0	76.0	76.0	76.0	74.0	74.0	74.0	74.0	72.0	72.0	72.0
13:58:48:0	72.0	70.0	70.0	70.0	70.0	69.0	69.0	69.0	69.0	68.0	68.0	68.0	68.0	67.0	67.0	67.0	67.0	67.0	67.0
13:58:53:0	67.0	68.0	68.0	68.0	68.0	68.0	68.0	68.0	69.0	69.0	69.0	69.0	70.0	70.0	70.0	70.0	70.0	72.0
13:58:58:0	72.0	72.0	72.0	73.0	73.0	73.0	73.0	74.0	74.0	74.0	74.0	74.0	74.0	73.0	73.0	73.0	71.0	71.0
13:59:3:0	71.0	71.0	71.0	71.0	71.0	71.0	71.0	71.0	71.0	71.0	72.0	72.0	72.0	72.0	74.0	74.0	74.0	74.0	76.0
13:59:8:0	76.0	76.0	76.0	76.0	76.0	76.0	77.0	77.0	77.0	77.0	77.0	77.0	77.0	77.0	77.0	77.0
13:59:13:0	77.0	77.0	77.0	76.0	76.0	76.0	76.0	75.0	75.0	75.0	75.0	74.0	74.0	72.0
13:59:18:0	72.0	71.0	71.0	71.0	71.0	71.0	71.0	71.0	71.0	71.0	70.0	70.0	70.0	70.0	70.0	70.0
13:59:23:0	70.0	69.0	69.0	69.0	69.0	68.0	68.0	68.0	68.0	67.0	67.0	67.0	66.0	66.0	66.0	66.0	65.0	65.0	65.0
13:59:28:0	65.0	65.0	65.0	65.0	65.0	65.0	65.0	65.0	65.0	65.0	65.0	64.0	64.0	64.0	64.0	64.0	64.0
13:59:33:0	64.0	64.0	65.0	65.0	65.0	65.0	67.0	67.0	67.0	67.0	67.0	67.0	68.0	68.0	68.0	68.0	68.0
13:59:38:0	68.0	68.0	68.0	68.0	68.0	68.0	67.0	67.0	67.0	67.0	67.0	67.0	66.0	66.0	66.0	66.0	65.0
13:59:43:0	65.0	65.0	65.0	65.0	65.0	65.0	65.0	66.0	66.0	66.0	66.0	67.0	67.0	67.0	68.0	68.0	68.0	68.0
13:59:48:0	68.0	68.0	68.0	68.0	68.0	68.0	68.0	68.0	68.0	68.0	68.0	68.0	68.0	68.0	68.0	68.0	68.0	68.0	69.0
13:59:53:0	69.0	69.0	69.0	69.0	69.0	69.0	69.0	69.0	69.0	69.0	69.0	69.0	69.0	69.0	69.0	69.0	69.0
13:59:58:0	69.0	69.0	69.0	69.0	68.0	68.0	68.0	68.0	68.0	68.0	68.0	68.0	68.0	68.0	68.0	68.0	68.0	68.0	68.0
14:0:3:0	68.0	68.0	68.0	69.0	69.0	69.0	68.0	68.0	68.0	68.0	68.0	68.0	68.0	67.0
14:0:8:0	67.0	67.0	67.0	67.0	67.0	68.0	68.0	68.0	68.0	68.0	68.0	68.0	68.0	68.0	68.0	68.0	67.0	67.0	67.0
14:0:13:0	66.0	66.0	66.0	66.0	66.0	65.0	65.0	65.0	65.0	65.0	65.0	65.0	65.0	65.0	65.0	65.0	65.0	65.0	65.0
