20:58:50:0	100.0	100.0	100.0	100.0	100.0	100.0	100.0	100.0	100.0	100.0	100.0	100.0	100.0	100.0	98.0	98.0	98.0	98.0
20:58:55:0	97.0	96.0	96.0	96.0	96.0	96.0	96.0	96.0	96.0	96.0	96.0	96.0
20:59:0:0	96.0	96.0	96.0	96.0	97.0	97.0	97.0	97.0	98.0	98.0	98.0	98.0	99.0	99.0	99.0	99.0	100.0	100.0	100.0
20:59:5:0	99.0	99.0	99.0	99.0	99.0	99.0	97.0	97.0	97.0	97.0	97.0	96.0	96.0	96.0	96.0	93.0	93.0	93.0
20:59:10:0	93.0	93.0	93.0	89.0	89.0	89.0	88.0	88.0	88.0	88.0	87.0	87.0	87.0	87.0	87.0	86.0	86.0	86.0
20:59:15:0	86.0	84.0	84.0	84.0	84.0	84.0	84.0	84.0	84.0	84.0	84.0	84.0	84.0	86.0	86.0	86.0	86.0	87.0	87.0	87.0
20:59:20:0	87.0	87.0	89.0	89.0	89.0	89.0	89.0	89.0	89.0	89.0	89.0	89.0	89.0	88.0	88.0	88.0	87.0	87.0
20:59:25:0	87.0	87.0	85.0	85.0	85.0	85.0	85.0	84.0	84.0	84.0	84.0	84.0	84.0	83.0	83.0	83.0	83.0	83.0	83.0
20:59:30:0	83.0	83.0	82.0	82.0	82.0	81.0	81.0	80.0	80.0	80.0	80.0	80.0	80.0	80.0	80.0
20:59:35:0	82.0	82.0	82.0	83.0	83.0	83.0	83.0	84.0	84.0	84.0	85.0	85.0	85.0	85.0	84.0	84.0	84.0	84.0	84.0
20:59:40:0	83.0	83.0	83.0	83.0	81.0	81.0	81.0	81.0	79.0	79.0	79.0	79.0	78.0	78.0	78.0	78.0	78.0	78.0	78.0	78.0
20:59:45:0	78.0	78.0	79.0	79.0	79.0	79.0	79.0	79.0	79.0	80.0	80.0	80.0	80.0	79.0	79.0	79.0	79.0
20:59:50:0	77.0	77.0	77.0	77.0	76.0	76.0	76.0	76.0	76.0	76.0	76.0	76.0	76.0	77.0	77.0	77.0	77.0	78.0	78.0	78.0
20:59:55:0	78.0	80.0	80.0	80.0	80.0	81.0	81.0	81.0	81.0	81.0	81.0	81.0	80.0	80.0	80.0	80.0	79.0	79.0	79.0
21:0:0:0	79.0	77.0	77.0	77.0	77.0	76.0	76.0	76.0	76.0	76.0	76.0	76.0	76.0	76.0	76.0	76.0	76.0	75.0	75.0
21:0:5:0	75.0	75.0	75.0	75.0	75.0	75.0	75.0	75.0	75.0	75.0	77.0	77.0	79.0
21:0:10:0	79.0	79.0	81.0	81.0	81.0	81.0	82.0	82.0	82.0	83.0	83.0	83.0	83.0	83.0	83.0	83.0	83.0	82.0
21:0:15:0	82.0	82.0	82.0	82.0	82.0	82.0	82.0	81.0	81.0	81.0	81.0	80.0	80.0	80.0	80.0	80.0	79.0	79.0	79.0	78.0
21:0:20:0	78.0	77.0	77.0	77.0	77.0	77.0	77.0	77.0	77.0	77.0	77.0	77.0	77.0	77.0	77.0	77.0	77.0	77.0
21:0:25:0	77.0	77.0	77.0	77.0	76.0	76.0	76.0	76.0	76.0	76.0	76.0	76.0	75.0	75.0	75.0	75.0	75.0	75.0	75.0	75.0
21:0:30:0	75.0	75.0	75.0	75.0	75.0	75.0	75.0	75.0	74.0	74.0	74.0	73.0	73.0	73.0	73.0	73.0	73.0
21:0:35:0	74.0	74.0	74.0	75.0	75.0	75.0	75.0	77.0	77.0	77.0	77.0	78.0	78.0	78.0	78.0	80.0	80.0	80.0
21:0:40:0	80.0	80.0	80.0	80.0	80.0	80.0	80.0	80.0	80.0	80.0	80.0	80.0	80.0	78.0	78.0	78.0	78.0	77.0
21:0:45:0	77.0	77.0	76.0	76.0	76.0	76.0	77.0	77.0	77.0	77.0	78.0	78.0	78.0	78.0	80.0	80.0	80.0	80.0	82.0	82.0	82.0
21:0:50:0	82.0	82.0	83.0	83.0	83.0	83.0	83.0	83.0	83.0	83.0	82.0	82.0	82.0	82.0	80.0	80.0	80.0	80.0	79.0	79.0
21:0:55:0	79.0	79.0	76.0	76.0	76.0	76.0	75.0	75.0	75.0	76.0	76.0	76.0	76.0	76.0	77.0
21:1:0:0	77.0	77.0	77.0	77.0	77.0	77.0	77.0	76.0	76.0	76.0	76.0	76.0	75.0	75.0	75.0	75.0	75.0	75.0	75.0
21:1:5:0	75.0	75.0	75.0	75.0	75.0	75.0	75.0	75.0	75.0	75.0	75.0	75.0	75.0	75.0	75.0	74.0	74.0	74.0	74.0	74.0
21:1:10:0	74.0	74.0	74.0	74.0	75.0	75.0	75.0	75.0	77.0	77.0	77.0	77.0	78.0	78.0	78.0	79.0	79.0
21:1:15:0	79.0	79.0	79.0	77.0	77.0	77.0	77.0	76.0	76.0	76.0	75.0	75.0	75.0	76.0	76.0	76.0
21:1:20:0	76.0	77.0	77.0	77.0	77.0	79.0	79.0	79.0	79.0	80.0	80.0	80.0	80.0	80.0	80.0	80.0	80.0	80.0
21:1:25:0	80.0	79.0	79.0	79.0	79.0	78.0	78.0	78.0	78.0	78.0	78.0	78.0	78.0	79.0	79.0	79.0	79.0	83.0	83.0
21:1:30:0	83.0	83.0	84.0	84.0	84.0	84.0	85.0	85.0	85.0	85.0	84.0	84.0	84.0	84.0	84.0	84.0	84.0	84.0	83.0	83.0
21:1:35:0	83.0	83.0	81.0	81.0	81.0	81.0	80.0	80.0	80.0	80.0	78.0	78.0	78.0	77.0	77.0	77.0	77.0	77.0
21:1:40:0	77.0	77.0	77.0	77.0	77.0	77.0	77.0	77.0	78.0	78.0	78.0	78.0	78.0	78.0	78.0	78.0	78.0
21:1:45:0	78.0	78.0	78.0	79.0	79.0	79.0	80.0	80.0	80.0	80.0	80.0	82.0	82.0	82.0	82.0	84.0	84.0	84.0	84.0
21:1:50:0	85.0	85.0	85.0	85.0	85.0	85.0	85.0	85.0	85.0	85.0	85.0	85.0	85.0	85.0	85.0	83.0	83.0	83.0
21:1:55:0	81.0	81.0	81.0	79.0	79.0	79.0	79.0	78.0	78.0	78.0	77.0	77.0	77.0	77.0	77.0	77.0	77.0	77.0
21:2:0:0	77.0	77.0	77.0	77.0	77.0	77.0	77.0	77.0	78.0	78.0	78.0	78.0	79.0	79.0	79.0	79.0	79.0
21:2:5:0	79.0	80.0	80.0	80.0	80.0	81.0	81.0	81.0	81.0	81.0	83.0	83.0	83.0	83.0	84.0	84.0	84.0	84.0	85.0
21:2:10:0	85.0	85.0	85.0	85.0	85.0	83.0	83.0	83.0	82.0	82.0	82.0	82.0	82.0	80.0	80.0	80.0	80.0	78.0	78.0
21:2:15:0	78.0	78.0	78.0	78.0	78.0	79.0	79.0	79.0	79.0	79.0	79.0	79.0	79.0	80.0	80.0	80.0	80.0	79.0	79.0
21:2:20:0	79.0	79.0	79.0	79.0	79.0	79.0	79.0	78.0	78.0	78.0	78.0	77.0	77.0	77.0	77.0	77.0	77.0	77.0	77.0	77.0
21:2:25:0	77.0	77.0	77.0	77.0	77.0	77.0	77.0	77.0	77.0	77.0	77.0	77.0	76.0	76.0	76.0	76.0	76.0	76.0	76.0	76.0	75.0
21:2:30:0	75.0	75.0	75.0	75.0	75.0	76.0	76.0	76.0	76.0	76.0	77.0	77.0	77.0	77.0	78.0	78.0
21:2:35:0	80.0	80.0	80.0	80.0	80.0	79.0	79.0	79.0	77.0	77.0	77.0	76.0	76.0	76.0
21:2:40:0	76.0	74.0	74.0	74.0	74.0	73.0	73.0	73.0	73.0	74.0	74.0	74.0	74.0	75.0	75.0	75.0	75.0	76.0	76.0	76.0	76.0
21:2:45:0	77.0	77.0	77.0	77.0	77.0	78.0	78.0	78.0	78.0	77.0	77.0	77.0	77.0	76.0	76.0	76.0	74.0	74.0	74.0
21:2:50:0	74.0	73.0	73.0	73.0	73.0	73.0	73.0	73.0	74.0	74.0	74.0	74.0	75.0	75.0	75.0	75.0	76.0	76.0
21:2:55:0	76.0	76.0	77.0	77.0	77.0	77.0	77.0	77.0	77.0	77.0	78.0	78.0	78.0	78.0	78.0	78.0
21:3:0:0	78.0	78.0	78.0	78.0	78.0	77.0	77.0	77.0	77.0	77.0	77.0	77.0	77.0	77.0	77.0	77.0	77.0	77.0	77.0
21:3:5:0	77.0	77.0	77.0	78.0	78.0	78.0	78.0	78.0	78.0	78.0	78.0	78.0	78.0	78.0	78.0	77.0	77.0	77.0	77.0	77.0
21:3:10:0	77.0	77.0	77.0	77.0	77.0	77.0	77.0	77.0	77.0	77.0	77.0	78.0	78.0	78.0	78.0	78.0	78.0
21:3:15:0	79.0	79.0	79.0	79.0	80.0	80.0	80.0	80.0	81.0	81.0	81.0	81.0	81.0	82.0	82.0	82.0	82.0	82.0	82.0	82.0	82.0
21:3:20:0	82.0	82.0	82.0	82.0	82.0	82.0	82.0	82.0	80.0	80.0	79.0	79.0	79.0	78.0	78.0
21:3:25:0	78.0	77.0	77.0	77.0	78.0	78.0	78.0	78.0	78.0	78.0	79.0	79.0	79.0	79.0	79.0	79.0	79.0
21:3:30:0	79.0	79.0	79.0	79.0	79.0	79.0	78.0	78.0	78.0	77.0	77.0	77.0	76.0	76.0	76.0	76.0	76.0	76.0
21:3:35:0	76.0	77.0	77.0	77.0	77.0	78.0	78.0	78.0	78.0	78.0	80.0	80.0	80.0	81.0	83.0	83.0
21:3:40:0	83.0	83.0	83.0	83.0	83.0	83.0	82.0	82.0	82.0	82.0	81.0	81.0	81.0	81.0	81.0	80.0	80.0	80.0	80.0	79.0
21:3:45:0	79.0	79.0	79.0	78.0	78.0	78.0	78.0	79.0	79.0	80.0	80.0	80.0	81.0	81.0	81.0	81.0	81.0
21:3:50:0	82.0	82.0	82.0	82.0	82.0	82.0	82.0	82.0	82.0	82.0	82.0	82.0	81.0	81.0	81.0	81.0	81.0	81.0	81.0	81.0	81.0
21:3:55:0	81.0	81.0	81.0	81.0	81.0	81.0	82.0	82.0	82.0	82.0	82.0	82.0	82.0	83.0	83.0	83.0	83.0
21:4:0:0	83.0	83.0	83.0	83.0	83.0	83.0	83.0	83.0	83.0	83.0	83.0	83.0	83.0	83.0	83.0	83.0	83.0	83.0	83.0	83.0
21:4:5:0	83.0	83.0	83.0	83.0	83.0	83.0	83.0	83.0	83.0	83.0	83.0	83.0	82.0	82.0	82.0	82.0	82.0	82.0	82.0	82.0
21:4:10:0	82.0	81.0	81.0	81.0	81.0	81.0	81.0	81.0	81.0	81.0	81.0	81.0	81.0	81.0	81.0	81.0	82.0	82.0	82.0
21:4:15:0	82.0	82.0	83.0	83.0	83.0	83.0	83.0	83.0	83.0	81.0	81.0	81.0	80.0	80.0	80.0	79.0	79.0
21:4:20:0	79.0	79.0	80.0	80.0	80.0	80.0	80.0	80.0	80.0	80.0	80.0	81.0	81.0	81.0	81.0	81.0	81.0	81.0	81.0	82.0	82.0
21:4:25:0	82.0	82.0	82.0	82.0	82.0	82.0	82.0	82.0	82.0	82.0	82.0	82.0	82.0	82.0	82.0	82.0	82.0	81.0
21:4:30:0	81.0	81.0	81.0	80.0	80.0	80.0	80.0	79.0	78.0	78.0	78.0	78.0	78.0	78.0	78.0	78.0
21:4:35:0	79.0	79.0	79.0	79.0	79.0	79.0	79.0	79.0	79.0	79.0	79.0	79.0	80.0	80.0	80.0	80.0	80.0	80.0	80.0	80.0
21:4:40:0	80.0	80.0	80.0	80.0	80.0	80.0	80.0	81.0	81.0	81.0	81.0	80.0	80.0	80.0	80.0	80.0
21:4:45:0	79.0	79.0	79.0	79.0	78.0	78.0	78.0	78.0	77.0	77.0	77.0	77.0	77.0	76.0	76.0	76.0	76.0	76.0	76.0
21:4:50:0	76.0	76.0	76.0	76.0	76.0	76.0	76.0	76.0	76.0	77.0	77.0	77.0	77.0	77.0	77.0	77.0	78.0	78.0
21:4:55:0	78.0	78.0	78.0	78.0	78.0	78.0	78.0	78.0	78.0	78.0	78.0	78.0	78.0	78.0	78.0	78.0	78.0	79.0	79.0
21:5:0:0	79.0	79.0	79.0	79.0	79.0	80.0	80.0	80.0	81.0	81.0	81.0	81.0	81.0	82.0	82.0
21:5:5:0	82.0	82.0	82.0	82.0	82.0	82.0	82.0	83.0	83.0	83.0	83.0	83.0	83.0	83.0	83.0	83.0	83.0	83.0	83.0	84.0
21:5:10:0	84.0	84.0	84.0	85.0	85.0	85.0	85.0	85.0	85.0	85.0	85.0	86.0	86.0	86.0	86.0	86.0	87.0	87.0	87.0	87.0	88.0
21:5:15:0	88.0	88.0	90.0	90.0	90.0	90.0	92.0	92.0	92.0	92.0	93.0	93.0	93.0	93.0	94.0	94.0	94.0	94.0	94.0
21:5:20:0	94.0	94.0	94.0	94.0	94.0	94.0	94.0	94.0	91.0	91.0	91.0	91.0	89.0	89.0	89.0	89.0	89.0
21:5:25:0	89.0	89.0	89.0	89.0	89.0	90.0	90.0	90.0	90.0	90.0	90.0	90.0	89.0	89.0	88.0	88.0	88.0
21:5:30:0	88.0	87.0	87.0	87.0	87.0	87.0	87.0	87.0	87.0	86.0	86.0	86.0	86.0	86.0	86.0	86.0	86.0	86.0	86.0	86.0	86.0
21:5:35:0	86.0	86.0	86.0	86.0	86.0	86.0	86.0	86.0	86.0	86.0	86.0	86.0	86.0	86.0	86.0	86.0	86.0	86.0	87.0
21:5:40:0	87.0	87.0	86.0	86.0	86.0	86.0	86.0	86.0	86.0	84.0	84.0	84.0	84.0	83.0	83.0	83.0	83.0	81.0	81.0
21:5:45:0	81.0	81.0	81.0	80.0	80.0	80.0	79.0	79.0	79.0	80.0	80.0	80.0	82.0	82.0	82.0	82.0	85.0	85.0
21:5:50:0	85.0	87.0	87.0	87.0	87.0	87.0	87.0	87.0	87.0	88.0	88.0	88.0	87.0	87.0	87.0	87.0	84.0
21:5:55:0	84.0	84.0	84.0	82.0	82.0	81.0	81.0	81.0	81.0	82.0	82.0	82.0	82.0	82.0	82.0	82.0	82.0	82.0
21:6:0:0	82.0	82.0	82.0	82.0	82.0	82.0	82.0	82.0	82.0	82.0	82.0	82.0	82.0	82.0	82.0	82.0	82.0	82.0	82.0	82.0
21:6:5:0	82.0	82.0	82.0	82.0	83.0	83.0	83.0	83.0	83.0	83.0	83.0	83.0	84.0	84.0	84.0	84.0	85.0	85.0	85.0	85.0
21:6:10:0	85.0	85.0	85.0	85.0	85.0	86.0	86.0	86.0	86.0	86.0	86.0	85.0	85.0	85.0	85.0	85.0	85.0
21:6:15:0	85.0	83.0	83.0	82.0	82.0	82.0	82.0	81.0	81.0	81.0	81.0	81.0	81.0	81.0	81.0	80.0	80.0
21:6:20:0	80.0	80.0	80.0	80.0	80.0	80.0	80.0	80.0	80.0	80.0	81.0	81.0	81.0	81.0	81.0	81.0	81.0	81.0	81.0	82.0	82.0
21:6:25:0	82.0	82.0	82.0	82.0	82.0	82.0	83.0	83.0	83.0	82.0	82.0	82.0	81.0	81.0	81.0	81.0	80.0	80.0
21:6:30:0	80.0	80.0	80.0	79.0	79.0	79.0	79.0	78.0	78.0	78.0	78.0	78.0	78.0	78.0	80.0	80.0	80.0	82.0
21:6:35:0	82.0	82.0	84.0	84.0	84.0	84.0	85.0	85.0	85.0	85.0	85.0	85.0	85.0	85.0	84.0	84.0	84.0	84.0	82.0
21:6:40:0	82.0	82.0	82.0	81.0	81.0	81.0	79.0	79.0	79.0	79.0	79.0	79.0	79.0	79.0	79.0	79.0	79.0	79.0	79.0
21:6:45:0	80.0	80.0	80.0	80.0	80.0	80.0	80.0	80.0	80.0	80.0	80.0	80.0	79.0	79.0	79.0	79.0	80.0	80.0	80.0
21:6:50:0	80.0	80.0	80.0	80.0	81.0	81.0	81.0	82.0	82.0	82.0	82.0	82.0	82.0	82.0	82.0	83.0	83.0	83.0	83.0
21:6:55:0	83.0	83.0	83.0	83.0	83.0	83.0	83.0	83.0	83.0	83.0	83.0	84.0	84.0
21:7:0:0	84.0	83.0	83.0	83.0	81.0	81.0	81.0	81.0	80.0	80.0	80.0	80.0	80.0	80.0	80.0	80.0	81.0	81.0
21:7:5:0	81.0	81.0	83.0	83.0	83.0	83.0	85.0	85.0	85.0	86.0	86.0	87.0	87.0	87.0	87.0	86.0
21:7:10:0	86.0	86.0	85.0	85.0	85.0	85.0	85.0	85.0	85.0	85.0	84.0	84.0	84.0	84.0	85.0	85.0	85.0	85.0	86.0	86.0
21:7:15:0	86.0	86.0	86.0	86.0	86.0	86.0	86.0	87.0	87.0	87.0	87.0	88.0	88.0	88.0	88.0	89.0	89.0	89.0	89.0	89.0
21:7:20:0	89.0	89.0	89.0	89.0	89.0	89.0	89.0	88.0	88.0	86.0	86.0	85.0	85.0
21:7:25:0	83.0	83.0	83.0	83.0	82.0	82.0	82.0	82.0	82.0	82.0	82.0	82.0	82.0	82.0	82.0	82.0	82.0	83.0	83.0	83.0	83.0
21:7:30:0	83.0	83.0	83.0	83.0	84.0	84.0	84.0	84.0	84.0	84.0	84.0	84.0	84.0	84.0	84.0	84.0	85.0	85.0	85.0	85.0
21:7:35:0	85.0	85.0	85.0	85.0	85.0	85.0	85.0	85.0	85.0	85.0	85.0	85.0	86.0	86.0	86.0	86.0	87.0	87.0	87.0
21:7:40:0	87.0	87.0	87.0	87.0	87.0	87.0	88.0	88.0	88.0	88.0	88.0	88.0	88.0	88.0	88.0	88.0	88.0	88.0	88.0	88.0	88.0
21:7:45:0	88.0	88.0	88.0	88.0	88.0	88.0	88.0	89.0	89.0	89.0	89.0	89.0	89.0	89.0
21:7:50:0	89.0	89.0	88.0	88.0	88.0	88.0	87.0	87.0	87.0	87.0	87.0	87.0	87.0	87.0	87.0	87.0
21:7:55:0	87.0	87.0	87.0	87.0	87.0	87.0	87.0	88.0	88.0	88.0	89.0	89.0	89.0	90.0	90.0	90.0	90.0	91.0
21:8:0:0	91.0	91.0	91.0	91.0	91.0	91.0	91.0	91.0	91.0	91.0	91.0	91.0	89.0	89.0	88.0	88.0	88.0	88.0
21:8:5:0	86.0	86.0	86.0	86.0	86.0	86.0	86.0	85.0	85.0	85.0	87.0	87.0	87.0	87.0	87.0	87.0
21:8:10:0	88.0	88.0	88.0	88.0	88.0	88.0	88.0	88.0	88.0	88.0	88.0	88.0	88.0	88.0	88.0	88.0	88.0	88.0	88.0
21:8:15:0	88.0	88.0	88.0	88.0	88.0	89.0	89.0	89.0	89.0	89.0	89.0	89.0	89.0	88.0	88.0	88.0	88.0	88.0	88.0	88.0
21:8:20:0	88.0	87.0	87.0	87.0	88.0	88.0	88.0	89.0	89.0	89.0	89.0	90.0	90.0	90.0	90.0	89.0	89.0	89.0
21:8:25:0	89.0	88.0	88.0	88.0	88.0	87.0	87.0	87.0	87.0	86.0	86.0	86.0	86.0	85.0	85.0	85.0	85.0	85.0	85.0
21:8:30:0	85.0	85.0	85.0	85.0	85.0	85.0	85.0	85.0	85.0	85.0	85.0	85.0	85.0	85.0	85.0	86.0	86.0	86.0	86.0
21:8:35:0	86.0	86.0	86.0	86.0	86.0	87.0	87.0	87.0	87.0	88.0	88.0	88.0	88.0	88.0
21:8:40:0	88.0	88.0	88.0	88.0	88.0	88.0	85.0	85.0	85.0	85.0	83.0	83.0	83.0	83.0	83.0	83.0	83.0	83.0	84.0
21:8:45:0	84.0	84.0	84.0	84.0	86.0	86.0	86.0	86.0	88.0	88.0	88.0	88.0	90.0	90.0	90.0	90.0	90.0	90.0	90.0	90.0	89.0
