13:4:21:0	66.0	66.2	66.4	66.60000000000001	66.80000000000001
13:4:26:0	67.00000000000001	67.20000000000002	67.40000000000002	67.60000000000002	67.80000000000003
13:4:31:0	68.00000000000003	68.0	68.0	68.0	68.0	68.0	68.0	68.0	68.0	68.0	68.0	68.0	68.0	68.0
13:4:36:0	68.0	68.0	68.0	68.0	68.0	68.5	69.0	69.0	69.0
13:4:41:0	69.0	69.0	69.0	69.0	69.0	69.0	69.0	70.0	70.0	70.0	70.0	70.0	70.0	70.0	70.0	70.0	70.0	70.0
13:4:46:0	70.0	70.0	70.0	70.0	70.0	70.0	70.0	70.0	70.0	70.0	70.0	70.0	70.0	70.0	70.0	70.0
13:4:51:0	70.0	70.0	70.0	71.0	71.0	71.0	71.0	71.0	71.0	71.0	71.0
13:4:56:0	70.0	70.0	70.0	70.0	70.0	69.0	69.0	69.0	69.0	68.0	68.0	68.0	68.0	67.0	67.0	67.0	67.0	67.0
13:5:1:0	67.0	67.0	67.0	67.0	67.0	67.0	67.0	67.0	67.0	68.0
13:5:6:0	69.0	70.0	70.0	70.0	70.0	70.0	70.0	70.0	70.0	70.0	70.0	70.0	70.0	70.0	71.0
13:5:11:0	71.0	71.0	71.0	71.0	71.0	71.0	71.0	71.0	71.0	71.0	71.0	71.0	71.0	72.0
13:5:16:0	72.0	72.0	73.0	73.0	73.0	73.0	73.0	73.0	73.0	73.0	73.0	71.0	71.0	71.0	71.0
13:5:21:0	70.0	70.0	70.0	70.0	69.0	69.0	69.0	70.0	70.0	70.0	72.0	72.0	72.0	74.0	74.0	74.0	74.0
13:5:26:0	74.0	74.0	74.0	74.0	75.0	75.0	75.0	75.0	75.0	75.0	75.0	75.0	75.0	75.0	75.0	75.0	75.0
13:5:31:0	75.0	74.0	74.0	74.0	74.0	74.0	74.0	74.0	74.0	73.0	73.0	73.0	73.0	73.0	72.0	72.0	72.0	71.0	71.0	71.0
13:5:36:0	71.0	70.0	70.0	70.0	70.0	70.0	70.0	70.0	70.0	70.0	70.0	71.0	71.0	71.0	71.0	72.0
13:5:41:0	72.0	72.0	72.0	72.0	72.0	72.0	72.0	72.0	72.0	72.0	71.5
13:5:46:0	71.0	71.0	71.0	72.0	72.0	72.0	72.0	73.0	73.0	73.0	73.0	74.0	74.0	74.0	74.0	74.0	74.0	74.0
13:5:51:0	74.0	74.0	74.0	74.0	74.0	74.0	73.0	73.0	73.0	73.0	73.0	72.0	72.0	72.0	72.0	72.0	72.0	72.0	72.0	72.0
13:5:56:0	72.0	72.0	72.0	72.0	72.0	72.0	72.0	72.0	72.0	73.0	73.0	73.0	73.0	73.0	73.0
13:6:1:0	73.0	73.0	73.0	73.0	72.0	72.0	72.0	71.5	71.0	71.0	71.0	71.0	71.0
13:6:6:0	71.42857142857143	71.85714285714286	72.28571428571429	72.71428571428572	73.14285714285715
13:6:11:0	73.57142857142858	74.00000000000001	74.0	74.0	73.0	73.0	73.0	73.0	72.0	72.0	72.0	72.0	72.0	72.0	72.0
13:6:16:0	72.0	72.0	72.0	72.0	72.0	73.0	73.0	74.0	74.0	74.0	74.0	74.0	74.0	74.0	74.0	75.0	75.0
13:6:21:0	75.0	75.0	74.0	74.0	74.0	74.0	74.0	74.0	74.0	74.0	74.0	74.0	74.0	73.0	73.0	73.0	73.0	73.0	73.0	73.0
13:6:26:0	73.0	72.0	72.0	72.0	72.0	72.0	72.0	72.0	73.0	73.0	73.0	73.0	73.0	73.0
13:6:31:0	73.0	73.0	73.0	73.0	73.0	73.0	73.0	73.0	73.0	72.0	72.0	72.0	72.0	72.0	71.0
13:6:36:0	71.0	71.0	71.0	71.0	71.0	71.0	72.0	72.0	72.0	72.0	71.0	71.0	71.0	71.0	71.0	71.0	71.0
13:6:41:0	71.0	71.0	72.0	72.0	72.0	72.0	73.0	73.0	75.0	75.0	75.0	75.0	75.0
13:6:46:0	75.0	75.0	75.0	73.0	72.0	72.0	72.0	72.0	71.0	71.0	71.0	71.0	71.0
13:6:51:0	71.0	72.0	72.0	73.0	73.0	73.0	74.0	74.0	74.0	75.0	75.0
13:6:56:0	75.0	75.0	75.0	75.0	75.0	74.0	74.0	74.0	74.0	74.0	74.0	74.0	73.0	73.0	73.0
13:7:1:0	73.0	73.0	73.0	73.0	73.0	74.0	74.0	74.0	74.0	74.0	74.0	74.0	74.0	75.0	75.0	75.0	75.0	75.0
13:7:6:0	75.0	75.0	75.0	75.0	75.0	75.0	75.0	75.0	75.0	74.0	74.0	74.0	74.0
13:7:11:0	74.0	74.0	74.0	74.0	74.0	74.0	74.0	75.0	75.0	75.0	76.0	76.0	76.0	78.0	78.0	78.0	78.0	78.0
13:7:16:0	78.0	78.0	78.0	78.0	77.0	77.0	77.0	75.5
13:7:21:0	74.0	74.0	74.0	74.0	74.0	74.0	75.0	75.0	75.0	75.0	76.0	76.0	76.0	76.0	76.0
13:7:26:0	76.0	76.0	76.0	74.0	73.5	73.0	73.0	73.0	73.0	73.0
13:7:31:0	73.0	73.0	73.0	73.0	74.0	74.0	74.0	75.0	75.0	75.0	75.0	75.0	75.0	76.0	76.0	76.0
13:7:36:0	76.0	75.0	75.0	75.0	75.0	74.0	74.0	74.0	74.0	73.0	73.0	73.0	73.0	73.0	73.0	73.0	73.0
13:7:41:0	73.0	74.0	74.0	74.0	74.0	74.0	74.0	74.0	74.0	74.0	74.0	74.0	74.0	74.0	74.0
13:7:46:0	74.0	74.0	74.0	74.0	74.0	74.0	74.0	74.0	74.0	74.0	74.0	74.0	74.0	74.0	74.0
13:7:51:0	74.0	74.0	74.0	74.0	74.0	74.0	74.0	74.75	75.5
13:7:56:0	76.25	77.0	77.0	77.0	79.0	79.0	79.0	79.0	79.0	79.0	79.0
13:8:1:0	79.0	79.0	79.0	79.0	77.0	77.0	76.5	76.0	76.0	76.0	76.0	76.0	76.0	76.0	76.0
13:8:6:0	76.0	77.0	77.0	77.0	77.0	77.0	78.0	77.5
13:8:11:0	77.0	77.0	77.0	77.0	76.0	76.0	76.0	76.0	76.0	76.0	76.0	76.0	76.0	76.0	76.0	76.0	76.0	76.0	76.0
13:8:16:0	76.0	77.0	77.0	77.0	77.0	77.0	78.0	78.0	78.0	78.0	77.0	77.0	77.0	77.0	77.0	77.0	77.0
13:8:21:0	77.0	76.0	76.0	76.0	76.0	75.0	75.0	75.0	75.0	75.0	75.0	76.0	76.0	76.0
13:8:26:0	76.0	77.0	77.0	76.75	76.5	76.25	76.0	76.0
13:8:31:0	76.0	76.0	76.0	76.0	76.0	76.0	76.0	76.0	76.0	76.0	76.0	76.0	76.0	75.0	75.0	75.0
13:8:36:0	75.0	75.0	75.0	75.0	75.0	76.0	78.0	78.0	78.0	78.0	78.0	78.0
13:8:41:0	78.0	78.0	78.0	78.0	78.0	78.0	78.0	78.0
13:8:46:0	77.75	77.5	77.25	77.0	77.0	77.0	77.0	77.0
13:8:51:0	78.0	78.0	78.0	78.0	78.0	78.0	78.0	78.0	78.0	79.0	79.0	78.0	78.0
13:8:56:0	78.0	78.0	78.0	78.0	78.0	78.0	78.0	78.0	78.0	78.0
13:9:1:0	79.0	79.0	79.0	79.0	78.5	78.0	78.0	78.0	78.0	78.0	77.0	77.0	77.0
13:9:6:0	77.0	76.0	76.0	76.0	75.0	75.0	75.0	75.0	76.0	76.0	76.0	77.0	77.0	77.0	78.0	78.0	78.0
13:9:11:0	78.0	78.0	78.0	78.0	78.0	78.0	78.0	78.0	78.0	77.0
13:9:16:0	77.0	77.0	77.0	77.0	77.0	77.0	77.0	77.0	77.0	77.0	77.0	77.0	77.0	77.0
13:9:21:0	77.0	77.0	78.0	78.0	78.0	78.0	78.0	77.0	76.71428571428571	76.42857142857142
13:9:26:0	76.14285714285712	75.85714285714283	75.57142857142854	75.28571428571425	74.99999999999996	75.0	76.0
13:9:31:0	76.0	76.0	77.0	77.0	77.0	77.0	77.0	77.0	78.0	78.0	78.0	78.0	78.0	78.0	78.0	78.0
13:9:36:0	78.0	78.0	78.0	78.0	78.0	78.0	78.0	77.0	77.0	77.0	77.0	76.0	76.0	76.0	76.0	76.0	76.0	76.0	76.0
13:9:41:0	76.0	76.0	76.0	76.0	77.0	77.0	77.0	78.0	78.0	78.0	78.0	78.0	78.0	78.0	78.0	78.0	78.0
13:9:46:0	78.0	79.0	79.0	79.0	79.0	79.0	79.0	79.0	79.0
13:9:51:0	79.0	80.0	80.0	80.0	82.0	82.0	82.0	82.0	82.0	82.0	81.0
13:9:56:0	81.0	80.0	80.0	78.0	77.5	77.0	77.0	77.0	77.0	77.0	77.5
13:10:1:0	78.0	78.0	78.0	78.0	78.0	78.0	78.0	77.0	77.0
13:10:6:0	76.0	76.0	76.0	76.0	76.0	76.0	76.0	76.0	76.0	76.0	76.0	76.0	76.0	76.0	76.0	76.0
13:10:11:0	76.0	76.0	76.0	75.0	75.0	75.0	75.0	75.0	75.0	75.0	74.0	74.0	74.0	74.0	74.0	74.0	74.0
13:10:16:0	74.0	74.0	74.0	74.0	74.0	74.0	74.0	74.0	74.0	74.0	74.0	75.0	75.0	75.0	76.0	76.0	76.0	76.0
13:10:21:0	76.0	76.0	76.0	76.0	76.0	76.0	76.0	77.0	77.0	77.0	77.0	77.0	77.0	77.0
13:10:26:0	77.0	77.0	77.0	77.0	77.0	77.0	77.0	77.0	77.0	77.0	77.0	77.0
13:10:31:0	78.0	78.0	78.0	78.0	78.0	78.0
13:10:36:0	77.0	77.0	76.0	76.0	76.0	76.0	75.0	75.0	75.0	75.0	75.0	75.0	75.0	75.0	75.0	75.0	75.0	75.0
13:10:41:0	75.0	76.0	76.0	76.0	76.0	76.0	76.0	76.0	76.0	76.0	76.0	76.0	76.0	76.0	76.0	76.0	76.0
13:10:46:0	76.0	76.0	76.0	76.0	76.0	76.0	76.0	75.0	75.0	75.0	75.0	75.0	75.0	75.0	75.0	75.0	76.0
13:10:51:0	76.0	76.0	76.0	76.0	76.0	76.0	76.0	76.0	77.0	77.0	77.0	77.0	77.0	77.0
13:10:56:0	77.0	76.0	76.0	76.0	76.0	76.0	76.0	76.0	76.0	76.0	76.0	76.0	76.0	76.0
13:11:1:0	77.0	77.0	78.0	78.0	78.0	78.0	78.16666666666667	78.33333333333334
13:11:6:0	78.50000000000001	78.66666666666669	78.83333333333336	79.00000000000003	79.0	79.0	79.0	79.0
13:11:11:0	79.0	79.0	79.0	79.0	79.0	79.0	79.0	79.0	79.0	79.0	79.0	79.0	80.0
13:11:16:0	80.0	80.0	80.0	80.0	81.0	81.0	80.0	80.0	80.0	80.0	80.0	80.0	80.0	80.0	80.0
13:11:21:0	80.0909090909091	80.18181818181819	80.27272727272728	80.36363636363637	80.45454545454547
13:11:26:0	80.54545454545456	80.63636363636365	80.72727272727275	80.81818181818184	80.90909090909093
13:11:31:0	81.00000000000003	81.0	81.0	81.0	81.0	81.0	81.0	81.0	81.0	81.0	81.0	81.0
13:11:36:0	82.0	81.0	80.42857142857143	79.85714285714286	79.28571428571429	78.71428571428572
13:11:41:0	78.14285714285715	77.57142857142858	77.00000000000001	77.0	77.0	77.0
13:11:46:0	78.0	78.0	78.0	78.0	78.0
13:11:51:0	78.0	78.0	78.0	78.0	78.0	78.0	78.0	78.0	79.0	79.0	79.0	78.0	78.0	78.0
13:11:56:0	78.0	78.0	78.0	78.0	78.0	78.0	78.0	78.0	79.0
13:12:1:0	80.0	80.0	80.0	80.0	80.0	80.0	80.0	80.0	80.0	80.0
13:12:6:0	78.0	78.0	77.0	77.0	77.0	77.0	77.0	78.0	79.0	79.0	79.0
13:12:11:0	79.0	79.0	79.0	79.0	78.0	78.0	78.0	78.0	78.0	78.0	78.0	78.0
13:12:16:0	81.0	81.0	82.0	82.0	82.0	83.0	83.0	83.0	83.0	82.0	82.0	82.0	82.0
13:12:21:0	82.0	82.0	82.0	82.0	82.0	82.0	81.0	81.0	81.0	80.0	80.0	80.0
13:12:26:0	80.0	79.0	78.5	78.0	78.0	78.0	78.0	78.0	78.0	78.0
13:12:31:0	78.0	78.0	78.0	79.0	79.0	79.0	79.0	79.0	80.0	80.0	80.0	80.0
13:12:36:0	80.0	81.0	81.0	81.0	81.0	80.0	80.0	80.0	80.0	80.0	80.0	80.0	80.0	80.0
13:12:41:0	80.0	81.0	81.0	81.0	81.0	81.0	81.0	81.0	81.0	80.0	80.0	80.0	80.0	80.0	80.0	80.0	79.0	79.0
13:12:46:0	79.0	78.0	78.0	78.0	78.0	78.0	79.0
13:12:51:0	80.5	82.0	82.0	83.0	83.0	84.0	83.5	83.0	83.0
13:12:56:0	83.0	83.0	81.0	80.0	80.0	80.0	80.0	79.5	79.0	79.0
13:13:1:0	79.0	79.0	79.0	79.0	79.0	80.0	80.0	80.0	80.0	80.0	80.0	80.0	80.0
13:13:6:0	80.0	80.0	80.5	81.0	81.0	81.0	81.5	82.0	82.0	82.0
13:13:11:0	81.0	81.0	81.0	79.0	79.0	79.0	78.0	78.0	78.0	78.0	77.0	77.0	77.0	77.0
13:13:16:0	77.5	78.0	78.0	78.0	78.0	78.0	78.0	78.0	78.0	78.0	78.0	77.0	77.0
13:13:21:0	77.0	75.0	75.0	75.0	75.0	74.0	74.0	74.0	74.0	74.0	74.0	74.0	75.0	75.0	75.0	75.0	76.0	76.0
13:13:26:0	76.0	76.0	76.0	77.0	77.0	77.0	77.0	78.0	78.0	78.0	78.0	79.0	79.0	79.0	79.0
13:13:31:0	79.0	80.0	80.0	80.0	80.0	80.0	80.0	80.0	80.0	80.0	80.0	80.0	80.0	79.0
13:13:36:0	79.0	79.0	79.0	79.0	79.0	78.0	78.0	78.0	78.0	78.0	78.0	78.0	78.0	78.0	78.0	78.0	78.0	79.0
13:13:41:0	79.0	79.0	79.0	79.0	79.0	79.0	79.0	79.0	79.0	79.0	79.0	79.0	79.0	79.0	79.0	79.0
13:13:46:0	79.0	79.0	79.0	78.0	78.0	78.0	78.0	77.0	77.0	77.0	77.0	76.0	76.0	76.0	76.0	75.0	75.0
13:13:51:0	75.0	76.0	76.0	76.0	76.0	78.0	78.0	78.0	78.0	79.0	79.0	79.0	79.0	79.0	79.0
13:13:56:0	79.0	79.0	79.0	79.0	79.0	79.0	79.0	79.0	79.0	79.0	79.0	79.0	79.0
13:14:1:0	79.0	79.0	79.0	79.0	79.0	79.0	79.0	79.0	79.0	80.0	80.0	80.0	80.0	80.0	80.0	79.0	79.0
13:14:6:0	79.0	79.0	79.0	79.0	79.0	77.0	77.0	76.0	76.0	76.0	76.0	75.0
13:14:11:0	75.0	75.0	75.0	75.0	75.0	75.0	76.0	76.0	76.0	76.0	76.0	77.0	77.0	77.0	79.0
13:14:16:0	79.0	79.0	81.0	81.0	81.0	81.0	82.0	82.0	82.0	82.0	83.0	83.0	83.0	83.0	83.0	83.0
