Expected: 2, 2, 3
15:07:54.697
15:07:56.701:   [0, 0, 1],2, 0
15:07:58.702:   [0, 0, 2],2, 0
15:08:00.703:   [0, 1, 2],1, 0
15:08:01.452:   Medium
15:08:02.704:   [0, 0, 2],1, 1
15:08:03.627:   High
15:08:04.705:   [0, 0, 0],2, 1
15:08:06.706:   [0, 1, 0],1, 0
15:08:07.603:   Medium
15:08:08.708:   [0, 0, 0],1, 1
15:08:10.709:   [0, 1, 0],1, 0
15:08:12.710:   [1, 1, 0],0, 0
15:08:13.476:   Low
15:08:14.711:   [0, 1, 0],0, 1
15:08:15.611:   Medium
15:08:16.712:   [0, 0, 0],1, 1
15:08:18.713:   [0, 0, 1],2, 0
15:08:20.714:   [1, 0, 1],0, 0
15:08:21.443:   Low
15:08:22.715:   [0, 0, 1],0, 1
15:08:24.715:   [1, 0, 1],0, 0
15:08:26.716:   [1, 0, 2],2, 0
15:08:28.716:   [2, 0, 2],0, 0
15:08:29.556:   Low
15:08:30.716:   [0, 0, 2],0, -1
15:08:31.572:   High
15:08:32.716:   [0, 0, 0],2, 1
15:08:33.627:   Medium
15:08:34.716:   [0, 0, 0],1, -1
15:08:36.716:   [0, 0, 1],2, 0
15:08:38.716:   [1, 0, 1],0, 0
15:08:40.716:   [1, 0, 2],2, 0
15:08:41.651:   High
15:08:42.716:   [1, 0, 0],2, 1
15:08:43.692:   Low
15:08:44.717:   [0, 0, 0],0, 1
15:08:46.717:   [0, 0, 1],2, 0
15:08:48.717:   [0, 0, 2],2, 0
15:08:50.717:   [1, 0, 2],0, 0
15:08:51.803:   High
15:08:52.717:   [1, 0, 0],2, 1
15:08:53.843:   Low
15:08:54.717:   [0, 0, 0],0, 1
15:08:56.717:   [0, 1, 0],1, 0
15:08:57.795:   Medium
15:08:58.717:   [0, 0, 0],1, 1
15:09:00.717:   [1, 0, 0],0, 0
15:09:01.796:   Low
15:09:02.718:   [0, 0, 0],0, 1
15:09:04.718:   [0, 1, 0],1, 0
15:09:06.718:   [1, 1, 0],0, 0
15:09:07.846:   Medium
15:09:08.718:   [1, 0, 0],1, 1
15:09:10.718:   [1, 0, 1],2, 0
15:09:12.718:   [1, 1, 1],1, 0
15:09:13.595:   Low
15:09:14.718:   [0, 1, 1],0, 1
15:09:16.718:   [1, 1, 1],0, 0
15:09:18.719:   [1, 1, 2],2, 0
15:09:19.796:   Medium
15:09:20.719:   [1, 0, 2],1, 1
15:09:22.132:   High
15:09:22.719:   [1, 0, 0],2, 1
15:09:24.719:   [2, 0, 0],0, 0
15:09:25.436:   Low
15:09:26.719:   [0, 0, 0],0, -1
15:09:28.719:   [0, 1, 0],1, 0
15:09:29.507:   Medium
15:09:30.719:   [0, 0, 0],1, 1
15:09:32.719:   [0, 0, 1],2, 0
15:09:34.719:   [1, 0, 1],0, 0
15:09:35.619:   Low
15:09:36.720:   [0, 0, 1],0, 1
15:09:38.720:   [0, 0, 2],2, 0
15:09:40.720:   [1, 0, 2],0, 0
15:09:41.580:   Low
15:09:42.720:   [0, 0, 2],0, 1
15:09:44.275:   Medium
15:09:44.720:   [0, 0, 2],1, -1
15:09:46.720:   [0, 1, 2],1, 0
15:09:47.643:   High
15:09:48.720:   [0, 1, 0],2, 1
15:09:50.720:   [1, 1, 0],0, 0
15:09:51.475:   Low
15:09:52.720:   [0, 1, 0],0, 1
15:09:54.721:   [1, 1, 0],0, 0
15:09:56.721:   [1, 1, 1],2, 0
15:09:57.532:   Medium
15:09:58.721:   [1, 0, 1],1, 1
15:10:00.721:   [2, 0, 1],0, 0
15:10:01.092:   Low
15:10:02.721:   [0, 0, 1],0, -1
15:10:03.587:   Low
15:10:04.721:   [0, 0, 1],0, -1
15:10:06.721:   [1, 0, 1],0, 0
15:10:08.721:   [1, 0, 2],2, 0
15:10:10.721:   [2, 0, 2],0, 0
15:10:11.724:   High
15:10:12.722:   [2, 0, 0],2, 1
15:10:13.564:   Low
15:10:14.722:   [0, 0, 0],0, -1
15:10:16.722:   [0, 1, 0],1, 0
15:10:17.436:   Medium
15:10:18.722:   [0, 0, 0],1, 1
15:10:20.723:   [0, 0, 1],2, 0
15:10:22.723:   [1, 0, 1],0, 0
15:10:24.723:   [1, 1, 1],1, 0
15:10:25.531:   Low
15:10:26.723:   [0, 1, 1],0, 1
15:10:27.659:   Medium
15:10:28.724:   [0, 0, 1],1, 1
15:10:30.724:   [0, 1, 1],1, 0
15:10:32.724:   [1, 1, 1],0, 0
15:10:33.684:   Low
15:10:34.724:   [0, 1, 1],0, 1
15:10:35.739:   Medium
15:10:36.724:   [0, 0, 1],1, 1
15:10:38.724:   [0, 0, 2],2, 0
15:10:39.595:   High
15:10:40.724:   [0, 0, 0],2, 1
15:10:42.724:   [0, 1, 0],1, 0
15:10:43.451:   Medium
15:10:44.724:   [0, 0, 0],1, 1
15:10:46.725:   [0, 0, 1],2, 0
15:10:48.725:   [0, 1, 1],1, 0
15:10:50.725:   [1, 1, 1],0, 0
15:10:51.700:   Medium
15:10:52.725:   [1, 0, 1],1, 1
15:10:54.725:   [1, 0, 2],2, 0
15:10:56.725:   [1, 1, 2],1, 0
15:10:57.443:   Low
15:10:58.725:   [0, 1, 2],0, 1
15:11:00.725:   [1, 1, 2],0, 0
15:11:02.203:   High
15:11:02.725:   [1, 1, 0],2, 1
15:11:03.788:   Medium
15:11:04.726:   [1, 0, 0],1, 1
15:11:06.726:   [1, 0, 1],2, 0
15:11:08.726:   [1, 0, 2],2, 0
15:11:10.726:   [2, 0, 2],0, 0
15:11:11.851:   High
15:11:12.726:   [2, 0, 0],2, 1
15:11:14.219:   Low
15:11:14.726:   [0, 0, 0],0, -1
15:11:16.179:   Medium
15:11:16.726:   [0, 0, 0],1, -1
15:11:18.726:   [1, 0, 0],0, 0
15:11:20.727:   [1, 1, 0],1, 0
15:11:21.516:   Medium
15:11:22.727:   [1, 0, 0],1, 1
15:11:23.820:   Low
15:11:24.727:   [0, 0, 0],0, 1
15:11:26.727:   [1, 0, 0],0, 0
15:11:27.764:   Low
15:11:28.727:   [0, 0, 0],0, 1
15:11:30.727:   [0, 0, 1],2, 0
15:11:32.727:   [1, 0, 1],0, 0
15:11:34.727:   [1, 1, 1],1, 0
15:11:36.727:   [1, 1, 2],2, 0
15:11:37.619:   Medium
15:11:38.728:   [1, 0, 2],1, 1
15:11:40.728:   [1, 1, 2],1, 0
15:11:41.516:   Medium
15:11:42.728:   [1, 0, 2],1, 1
15:11:43.620:   High
15:11:44.728:   [1, 0, 0],2, 1
15:11:45.499:   Low
15:11:46.728:   [0, 0, 0],0, 1
15:11:48.728:   [0, 0, 1],2, 0
15:11:50.728:   [0, 0, 2],2, 0
15:11:52.728:   [1, 0, 2],0, 0
15:11:53.963:   Medium
15:11:54.728:   [2, 0, 2],0, -1
15:11:56.729:   [3, 0, 2],0, 0
15:11:58.729:   [3, 1, 2],1, 0
15:11:58.812:   Low
15:12:00.729:   [0, 1, 3],2, -1
15:12:01.548:   High
15:12:02.729:   [0, 1, 0],2, -1
15:12:04.729:   [0, 1, 1],2, 0
15:12:06.729:   [0, 1, 2],2, 0
15:12:08.147:   Medium
15:12:08.729:   [1, 0, 2],0, -1
15:12:10.729:   [1, 1, 2],1, 0
15:12:11.939:   Medium
15:12:12.729:   [1, 0, 2],1, 1
15:12:13.684:   High
15:12:14.730:   [1, 0, 0],2, 1
15:12:15.668:   Low
15:12:16.730:   [0, 0, 0],0, 1
15:12:18.730:   [0, 1, 0],1, 0
15:12:20.730:   [1, 1, 0],0, 0
15:12:22.730:   [1, 1, 1],2, 0
15:12:24.730:   [1, 1, 2],2, 0
15:12:25.699:   High
15:12:26.730:   [1, 1, 0],2, 1
15:12:27.755:   Medium
15:12:28.730:   [1, 0, 0],1, 1
15:12:29.723:   Low
15:12:30.731:   [0, 0, 0],0, 1
15:12:32.731:   [0, 1, 0],1, 0
15:12:33.668:   Medium
15:12:34.731:   [0, 0, 0],1, 1
15:12:36.731:   [1, 0, 0],0, 0
15:12:37.723:   Low
15:12:38.731:   [0, 0, 0],0, 1
15:12:40.731:   [0, 1, 0],1, 0
15:12:42.731:   [1, 1, 0],0, 0
15:12:43.747:   Medium
15:12:44.731:   [1, 0, 0],1, 1
15:12:46.731:   [1, 1, 0],1, 0
15:12:48.732:   [1, 1, 1],2, 0
15:12:50.732:   [1, 1, 2],2, 0
15:12:52.732:   [1, 2, 2],1, 0
15:12:53.652:   Low
15:12:54.732:   [0, 2, 2],0, 1
15:12:56.732:   [1, 2, 2],0, 0
15:12:58.732:   [1, 2, 3],2, 0
15:12:58.739:   High
15:12:59.811:   Medium
15:13:00.732:   [1, 0, 0],1, -1
15:13:02.732:   [1, 0, 1],2, 0
15:13:04.732:   [1, 0, 2],2, 0
15:13:05.603:   High
15:13:06.733:   [1, 0, 0],2, 1
15:13:08.733:   [1, 1, 0],1, 0
15:13:10.733:   [2, 1, 0],0, 0
15:13:11.684:   Medium
15:13:12.733:   [2, 0, 1],2, -1
15:13:14.733:   [2, 0, 2],2, 0
15:13:16.733:   [2, 1, 2],1, 0
15:13:17.619:   Medium
15:13:18.733:   [2, 0, 2],1, 1
15:13:19.995:   Low
15:13:20.733:   [0, 0, 2],0, -1
15:13:22.733:   [1, 0, 2],0, 0
15:13:23.796:   Low
15:13:24.734:   [0, 0, 2],0, 1
15:13:25.620:   High
15:13:26.734:   [0, 0, 0],2, 1
15:13:28.734:   [0, 1, 0],1, 0
15:13:30.734:   [0, 1, 1],2, 0
15:13:32.734:   [0, 1, 2],2, 0
15:13:33.467:   Medium
15:13:34.734:   [0, 0, 2],1, 1
15:13:36.734:   [0, 1, 2],1, 0
15:13:37.523:   Medium
15:13:38.734:   [0, 0, 2],1, 1
15:13:39.787:   High
15:13:40.735:   [0, 0, 0],2, 1
15:13:42.735:   [0, 0, 1],2, 0
15:13:44.735:   [0, 1, 1],1, 0
15:13:46.735:   [1, 1, 1],0, 0
15:13:48.735:   [1, 1, 2],2, 0
15:13:49.755:   Low
15:13:50.735:   [0, 1, 2],0, 1
15:13:51.835:   Medium
15:13:52.735:   [0, 0, 2],1, 1
15:13:54.735:   [0, 1, 2],1, 0
15:13:55.771:   Medium
15:13:56.735:   [0, 0, 2],1, 1
15:13:57.771:   High
15:13:58.736:   [0, 0, 0],2, 1
15:14:00.736:   [0, 0, 1],2, 0
15:14:02.736:   [0, 0, 2],2, 0
15:14:04.736:   [1, 0, 2],0, 0
15:14:06.736:   [1, 1, 2],1, 0
15:14:08.339:   High
15:14:08.736:   [1, 1, 0],2, 1
15:14:10.736:   [1, 1, 1],2, 0
15:14:12.736:   [1, 1, 2],2, 0
15:14:13.723:   High
15:14:14.736:   [1, 1, 0],2, 1
15:14:16.076:   Medium
15:14:16.737:   [1, 0, 0],1, 1
15:14:18.737:   [1, 1, 0],1, 0
15:14:20.452:   Low
15:14:20.737:   [0, 1, 0],0, 1
15:14:22.737:   [1, 1, 0],0, 0
15:14:24.737:   [1, 1, 1],2, 0
15:14:25.803:   Low
15:14:26.737:   [0, 1, 1],0, 1
15:14:28.737:   [0, 1, 2],2, 0
15:14:30.091:   Medium
15:14:30.737:   [0, 0, 2],1, 1
15:14:32.737:   [1, 0, 2],0, 0
15:14:34.738:   [1, 1, 2],1, 0
15:14:35.748:   Medium
15:14:36.738:   [1, 0, 2],1, 1
15:14:38.738:   [1, 1, 2],1, 0
15:14:39.924:   High
15:14:40.738:   [1, 1, 0],2, 1
15:14:42.738:   [1, 2, 0],1, 0
15:14:43.731:   Low
15:14:44.738:   [0, 2, 0],0, 1
15:14:46.315:   Medium
15:14:46.738:   [0, 0, 0],1, -1
15:14:48.738:   [0, 1, 0],1, 0
15:14:49.835:   Medium
15:14:50.739:   [0, 0, 0],1, 1
15:14:52.739:   [0, 0, 1],2, 0
15:14:54.739:   [0, 0, 2],2, 0
15:14:56.739:   [1, 0, 2],0, 0
15:14:57.444:   Low
15:14:58.739:   [0, 0, 2],0, 1
15:14:59.547:   High
15:15:00.739:   [0, 0, 0],2, 1
15:15:02.739:   [1, 0, 0],0, 0
15:15:03.835:   Low
15:15:04.739:   [0, 0, 0],0, 1
15:15:05.899:   Medium
15:15:06.739:   [0, 0, 0],1, -1
15:15:08.740:   [1, 0, 0],0, 0
15:15:09.764:   Low
15:15:10.740:   [0, 0, 0],0, 1
15:15:12.740:   [0, 0, 1],2, 0
15:15:14.740:   [1, 0, 1],0, 0
15:15:15.675:   Low
15:15:16.740:   [0, 0, 1],0, 1
15:15:18.740:   [0, 1, 1],1, 0
15:15:19.547:   Medium
15:15:20.740:   [0, 0, 1],1, 1
15:15:22.740:   [0, 0, 2],2, 0
15:15:23.579:   High
15:15:24.740:   [0, 0, 0],2, 1
15:15:26.741:   [0, 1, 0],1, 0
15:15:28.741:   [0, 1, 1],2, 0
15:15:30.372:   Low
15:15:30.741:   [0, 1, 1],0, -1
15:15:31.924:   Medium
15:15:32.741:   [0, 0, 1],1, 1
15:15:34.741:   [0, 1, 1],1, 0
15:15:35.547:   Medium
15:15:36.741:   [0, 0, 1],1, 1
15:15:37.883:   Low
15:15:38.741:   [0, 0, 1],0, -1
15:15:40.741:   [0, 0, 2],2, 0
15:15:42.741:   [0, 1, 2],1, 0
15:15:43.580:   High
15:15:44.742:   [0, 1, 0],2, 1
15:15:46.742:   [1, 1, 0],0, 0
15:15:48.742:   [1, 2, 0],1, 0
15:15:49.564:   Medium
15:15:50.742:   [1, 0, 0],1, -1
15:15:51.651:   Low
15:15:52.742:   [0, 0, 0],0, 1
15:15:54.742:   [0, 1, 0],1, 0
15:15:55.683:   Medium
15:15:56.742:   [0, 0, 0],1, 1
15:15:58.742:   [0, 0, 1],2, 0
15:16:00.743:   [0, 0, 2],2, 0
15:16:02.743:   [1, 0, 2],0, 0
15:16:03.644:   Low
15:16:04.743:   [0, 0, 2],0, 1
15:16:05.860:   High
15:16:06.743:   [0, 0, 0],2, 1
15:16:08.743:   [1, 0, 0],0, 0
15:16:09.611:   Low
15:16:10.743:   [0, 0, 0],0, 1
15:16:12.743:   [1, 0, 0],0, 0
15:16:14.743:   [1, 0, 1],2, 0
15:16:16.743:   [1, 1, 1],1, 0
15:16:18.744:   [1, 1, 2],2, 0
15:16:19.572:   Medium
15:16:20.744:   [1, 0, 2],1, 1
15:16:22.744:   [1, 1, 2],1, 0
15:16:23.756:   High
15:16:24.744:   [1, 1, 0],2, 1
15:16:25.868:   Medium
15:16:26.744:   [1, 0, 0],1, 1
15:16:28.744:   [1, 1, 0],1, 0
15:16:29.931:   Medium
15:16:30.744:   [1, 0, 0],1, 1
15:16:32.203:   Low
15:16:32.744:   [0, 0, 0],0, 1
15:16:34.744:   [0, 1, 0],1, 0
15:16:36.745:   [1, 1, 0],0, 0
15:16:38.745:   [1, 1, 1],2, 0
15:16:39.780:   Medium
15:16:40.745:   [1, 0, 1],1, 1
15:16:41.436:   Low
15:16:42.745:   [0, 0, 1],0, 1
15:16:44.745:   [0, 1, 1],1, 0
15:16:46.745:   [0, 1, 2],2, 0
15:16:48.745:   [1, 1, 2],0, 0
15:16:49.955:   Medium
15:16:50.745:   [1, 0, 2],1, 1
15:16:51.707:   High
15:16:52.745:   [1, 0, 0],2, 1
15:16:53.548:   Low
15:16:54.746:   [0, 0, 0],0, 1
15:16:56.746:   [0, 0, 1],2, 0
15:16:58.746:   [0, 0, 2],2, 0
15:17:00.746:   [0, 1, 2],1, 0
15:17:02.746:   [1, 1, 2],0, 0
15:17:03.843:   High
15:17:04.746:   [1, 1, 0],2, 1
15:17:05.723:   Medium
15:17:06.746:   [1, 0, 0],1, 1
15:17:07.683:   Low
15:17:08.746:   [0, 0, 0],0, 1
15:17:10.747:   [1, 0, 0],0, 0
15:17:11.988:   Low
15:17:12.747:   [0, 0, 0],0, 1
15:17:14.747:   [0, 1, 0],1, 0
15:17:15.868:   Medium
15:17:16.747:   [0, 0, 0],1, 1
15:17:18.747:   [0, 1, 0],1, 0
15:17:20.747:   [1, 1, 0],0, 0
15:17:22.747:   [1, 1, 1],2, 0
15:17:23.699:   Low
15:17:24.747:   [0, 1, 1],0, 1
15:17:25.667:   Medium
15:17:26.747:   [0, 0, 1],1, 1
15:17:28.748:   [1, 0, 1],0, 0
15:17:29.708:   Low
15:17:30.748:   [0, 0, 1],0, 1
15:17:31.844:   Medium
15:17:32.748:   [0, 0, 1],1, -1
15:17:34.748:   [0, 0, 2],2, 0
15:17:36.748:   [0, 1, 2],1, 0
15:17:38.748:   [1, 1, 2],0, 0
15:17:39.595:   Medium
15:17:40.748:   [1, 0, 2],1, 1
15:17:41.739:   High
15:17:42.748:   [1, 0, 0],2, 1
15:17:44.748:   [1, 1, 0],1, 0
15:17:46.749:   [1, 1, 1],2, 0
15:17:48.749:   [1, 1, 2],2, 0
15:17:49.644:   Low
15:17:50.749:   [0, 1, 2],0, 1
15:17:52.036:   High
15:17:52.749:   [0, 1, 0],2, 1
15:17:54.749:   [0, 1, 1],2, 0
Tone 1 count: 102
Tone 2 count: 103
Tone 3 count: 95
Correct: 112; False Positive: 22
